Date,EclType,Mag,UmbralMag,PenBegin,PenBAlt,ParBegin,ParBAlt,TtlBegin,TtlBAlt,Mid,MidAlt,TtlEnd,TtlEAlt,ParEnd,ParEAlt,PenEnd,PenEAlt
-1999-Jun-26,N, 0.879,-0.192,04:35,+08,-,-,-,-,06:50,-18,-,-,-,-,09:04,-46
-1998-May-16,P, 1.210, 0.207,20:03,+16,21:33,+32,-,-,22:24,+40,-,-,23:15,+46,00:45,+48
-1998-Nov-10,P, 2.038, 0.974,19:01,+15,20:12,+30,-,-,21:53,+52,-,-,23:33,+71,00:44,+75
-1997-Oct-30,T, 2.506, 1.401,20:24,+32,21:37,+47,22:46,+61,23:31,+68,00:16,+72,01:26,+66,02:38,+53
-1996-Apr-25,P, 1.656, 0.716,02:10,+46,03:12,+36,-,-,04:35,+19,-,-,05:58,+02,06:59,-11
-1996-Oct-18,P, 1.269, 0.176,20:03,+25,21:48,+47,-,-,22:38,+56,-,-,23:28,+64,01:12,+65
-1995-Apr-14,N, 0.268,-0.701,19:40,+14,-,-,-,-,20:50,+28,-,-,-,-,22:00,+41
-1995-Oct-08,N, 0.084,-0.957,02:01,+54,-,-,-,-,02:43,+46,-,-,-,-,03:25,+38
-1994-Mar-05,P, 1.993, 0.936,15:52,-29,17:05,-16,-,-,18:46,+05,-,-,20:27,+26,21:39,+42
-1994-Aug-29,P, 1.862, 0.899,01:34,+42,02:34,+36,-,-,04:04,+22,-,-,05:34,+05,06:34,-07
-1993-Feb-22,T, 2.441, 1.357,16:32,-20,17:44,-06,18:54,+08,19:38,+18,20:22,+27,21:32,+42,22:44,+58
-1993-Aug-18,T, 2.540, 1.574,17:44,-18,18:39,-07,19:37,+05,20:24,+14,21:10,+22,22:09,+32,23:04,+39
-1992-Feb-11,P, 1.117, 0.057,18:25,+04,20:20,+28,-,-,20:49,+34,-,-,21:17,+41,23:12,+65
-1991-Jan-01,N, 0.845,-0.144,15:05,-27,-,-,-,-,17:02,-08,-,-,-,-,18:59,+14
-1991-Jun-28,N, 0.830,-0.238,00:00,+38,-,-,-,-,02:10,+31,-,-,-,-,04:21,+12
-1991-Dec-22,T, 2.104, 1.136,05:44,+17,06:41,+06,07:52,-08,08:18,-12,08:44,-17,09:55,-28,10:52,-35
-1990-Jun-16,T, 2.207, 1.144,23:39,+40,00:51,+39,02:10,+33,02:40,+29,03:09,+25,04:28,+11,05:40,-02
-1990-Dec-11,T, 2.355, 1.362,20:47,+41,21:46,+54,22:49,+67,23:29,+76,00:10,+83,01:13,+78,02:11,+66
-1989-Jun-06,T, 2.121, 1.104,04:22,+13,05:28,+00,06:46,-16,07:11,-21,07:36,-27,08:55,-43,10:01,-57
-1988-May-25,N, 0.753,-0.211,17:08,-22,-,-,-,-,18:59,+01,-,-,-,-,20:50,+22
-1988-Oct-20,N, 0.490,-0.616,16:06,-27,-,-,-,-,17:51,-05,-,-,-,-,19:37,+18
-1987-Apr-16,P, 1.635, 0.690,02:37,+45,03:39,+33,-,-,05:01,+16,-,-,06:24,-01,07:26,-15
-1987-Oct-09,P, 1.750, 0.670,14:57,-44,16:16,-28,-,-,17:46,-09,-,-,19:15,+11,20:35,+28
-1986-Apr-05,T, 2.683, 1.698,17:25,-14,18:23,-02,19:22,+11,20:12,+21,21:02,+32,22:01,+43,22:59,+54
-1986-Sep-28,T, 2.687, 1.666,21:12,+34,22:13,+45,23:14,+54,00:03,+58,00:53,+58,01:53,+52,02:54,+43
-1985-Mar-26,P, 1.245, 0.204,02:42,+53,04:18,+33,-,-,05:10,+22,-,-,06:03,+10,07:38,-10
-1984-Aug-08,N, 0.692,-0.280,18:07,-13,-,-,-,-,19:54,+08,-,-,-,-,21:40,+27
-1984-Sep-07,N, 0.199,-0.766,04:15,+21,-,-,-,-,05:14,+09,-,-,-,-,06:12,-03
-1983-Feb-01,P, 1.965, 0.917,14:28,-36,15:39,-27,-,-,17:18,-09,-,-,18:56,+10,20:07,+25
-1983-Jul-29,P, 1.989, 0.968,05:15,+03,06:22,-11,-,-,08:00,-31,-,-,09:39,-52,10:46,-66
-1982-Jan-22,T, 2.413, 1.418,00:02,+81,01:01,+83,02:03,+70,02:46,+61,03:29,+52,04:32,+38,05:31,+26
-1981-Jan-11,P, 1.160, 0.195,15:29,-24,16:51,-11,-,-,17:37,-02,-,-,18:24,+07,19:46,+23
-1981-Dec-02,N, 0.809,-0.199,19:53,+28,-,-,-,-,21:49,+53,-,-,-,-,23:46,+77
-1980-May-27,P, 1.070, 0.070,03:12,+28,04:55,+09,-,-,05:26,+03,-,-,05:56,-04,07:39,-25
-1980-Nov-21,P, 2.038, 0.971,03:29,+43,04:41,+27,-,-,06:21,+06,-,-,08:02,-14,09:14,-27
-1979-May-16,T, 2.509, 1.557,16:17,-32,17:12,-21,18:11,-09,18:57,+01,19:44,+10,20:43,+22,21:37,+31
-1979-Nov-10,T, 2.512, 1.406,04:33,+27,05:46,+11,06:55,-04,07:41,-13,08:26,-22,09:35,-34,10:48,-44
-1978-Oct-30,P, 1.280, 0.187,04:15,+29,05:58,+07,-,-,06:50,-04,-,-,07:41,-14,09:24,-34
-1977-Mar-27,N, 0.530,-0.472,17:21,-15,-,-,-,-,19:00,+06,-,-,-,-,20:40,+27
-1977-Apr-26,N, 0.392,-0.579,02:48,+39,-,-,-,-,04:12,+24,-,-,-,-,05:35,+06
-1977-Sep-19,N, 0.511,-0.492,20:27,+20,-,-,-,-,22:03,+38,-,-,-,-,23:38,+51
-1976-Mar-15,P, 1.874, 0.817,22:58,+60,00:13,+71,-,-,01:50,+66,-,-,03:26,+47,04:41,+31
-1975-Mar-04,T, 2.548, 1.468,23:31,+68,00:42,+76,01:50,+68,02:38,+59,03:26,+49,04:34,+34,05:45,+19
-1975-Aug-29,T, 2.602, 1.632,02:00,+40,02:56,+33,03:54,+24,04:41,+15,05:29,+06,06:27,-06,07:22,-18
-1974-Feb-22,P, 1.207, 0.153,01:45,+71,03:26,+50,-,-,04:12,+40,-,-,04:58,+30,06:39,+08
-1974-Aug-18,P, 1.255, 0.241,15:26,-48,16:53,-29,-,-,17:48,-18,-,-,18:43,-06,20:10,+11
-1973-Jan-12,N, 0.817,-0.167,23:39,+77,-,-,-,-,01:34,+77,-,-,-,-,03:29,+52
-1972-Jan-02,T, 2.083, 1.117,14:31,-31,15:28,-24,16:40,-12,17:05,-08,17:29,-03,18:41,+10,19:39,+22
-1972-Dec-22,T, 2.363, 1.369,05:33,+19,06:32,+08,07:35,-05,08:16,-12,08:56,-19,09:59,-29,10:58,-36
-1971-Dec-11,N, 1.042,-0.009,16:15,-17,-,-,-,-,18:32,+10,-,-,-,-,20:48,+39
-1970-May-07,N, 0.174,-0.770,18:19,-06,-,-,-,-,19:14,+05,-,-,-,-,20:09,+16
-1970-Jun-06,N, 0.893,-0.069,00:22,+44,-,-,-,-,02:21,+34,-,-,-,-,04:19,+15
-1970-Nov-01,N, 0.484,-0.623,00:13,+73,-,-,-,-,01:58,+61,-,-,-,-,03:43,+39
-1969-Oct-20,P, 1.742, 0.663,23:13,+63,00:32,+67,-,-,02:01,+57,-,-,03:30,+40,04:49,+23
-1968-Apr-16,T, 2.815, 1.828,00:43,+59,01:41,+54,02:40,+45,03:31,+36,04:22,+26,05:21,+13,06:19,+01
-1968-Oct-09,T, 2.702, 1.681,05:46,+06,06:47,-07,07:47,-20,08:36,-30,09:25,-40,10:25,-51,11:26,-59
-1967-Sep-28,P, 1.442, 0.468,19:32,+12,20:42,+26,-,-,21:52,+40,-,-,23:02,+51,00:12,+58
-1966-Feb-23,N, 0.508,-0.571,20:12,+26,-,-,-,-,21:58,+49,-,-,-,-,23:44,+70
-1966-Aug-20,N, 0.621,-0.357,02:18,+37,-,-,-,-,03:59,+22,-,-,-,-,05:42,+02
-1965-Feb-12,P, 1.893, 0.852,22:11,+54,23:22,+69,-,-,00:58,+81,-,-,02:34,+64,03:45,+49
-1964-Jul-28,T, 2.503, 1.431,17:01,-28,18:11,-13,19:19,+00,20:05,+09,20:52,+17,22:00,+28,23:09,+36
-1963-Jan-22,P, 1.198, 0.236,00:01,+81,01:20,+80,-,-,02:11,+69,-,-,03:02,+58,04:21,+41
-1963-Jul-17,P, 1.150, 0.075,17:47,-18,19:43,+04,-,-,20:17,+10,-,-,20:50,+16,22:46,+32
-1963-Dec-13,N, 0.799,-0.211,04:38,+31,-,-,-,-,06:34,+06,-,-,-,-,08:31,-16
-1961-May-27,T, 2.370, 1.420,23:44,+45,00:39,+45,01:40,+41,02:23,+35,03:06,+29,04:07,+18,05:02,+08
-1961-Nov-21,T, 2.516, 1.410,12:43,-47,13:56,-41,15:05,-32,15:50,-24,16:36,-15,17:45,-01,18:58,+14
-1960-May-16,P, 1.929, 0.988,17:05,-22,18:02,-10,-,-,19:35,+09,-,-,21:09,+26,22:06,+35
-1959-Apr-07,N, 0.397,-0.607,00:48,+64,-,-,-,-,02:15,+54,-,-,-,-,03:43,+38
-1959-Sep-30,N, 0.495,-0.508,05:03,+15,-,-,-,-,06:37,-05,-,-,-,-,08:11,-25
-1959-Oct-29,N, 0.110,-0.927,19:03,+14,-,-,-,-,19:51,+24,-,-,-,-,20:38,+35
-1958-Mar-27,P, 1.740, 0.682,05:53,+11,07:11,-06,-,-,08:42,-25,-,-,10:13,-43,11:30,-55
-1958-Sep-19,P, 1.784, 0.818,18:42,-01,19:43,+12,-,-,21:10,+29,-,-,22:38,+45,23:39,+52
-1957-Mar-16,T, 2.670, 1.594,06:21,+07,07:31,-08,08:37,-22,09:28,-32,10:19,-41,11:25,-51,12:35,-56
-1956-Aug-28,P, 1.315, 0.295,23:21,+44,00:45,+47,-,-,01:45,+44,-,-,02:46,+36,04:10,+22
-1955-Feb-21,N, 0.042,-0.952,19:45,+19,-,-,-,-,20:14,+25,-,-,-,-,20:42,+32
-1954-Jan-12,T, 2.052, 1.089,23:13,+72,00:11,+84,01:25,+79,01:46,+74,02:08,+70,03:22,+53,04:20,+41
-1953-Jan-02,T, 2.381, 1.387,14:12,-34,15:11,-27,16:13,-17,16:55,-10,17:37,-02,18:39,+10,19:38,+22
-1953-Jun-27,T, 2.399, 1.386,18:26,-08,19:29,+04,20:34,+16,21:18,+23,22:01,+29,23:06,+36,00:09,+39
-1953-Dec-23,N, 1.049,-0.003,00:39,+84,-,-,-,-,02:56,+56,-,-,-,-,05:13,+26
-1952-May-18,N, 0.047,-0.896,02:14,+37,-,-,-,-,02:43,+33,-,-,-,-,03:12,+29
-1951-May-07,P, 1.364, 0.418,17:45,-13,18:55,+02,-,-,20:02,+15,-,-,21:08,+28,22:18,+39
-1950-Oct-20,T, 2.708, 1.688,14:26,-47,15:26,-36,16:26,-24,17:15,-13,18:05,-03,19:05,+10,20:05,+23
-1949-Apr-16,P, 1.512, 0.469,16:14,-31,17:36,-14,-,-,18:53,+03,-,-,20:10,+19,21:33,+36
-1949-Oct-10,P, 1.459, 0.484,04:20,+25,05:29,+10,-,-,06:40,-05,-,-,07:51,-20,09:01,-34
-1948-Mar-06,N, 0.402,-0.673,03:24,+48,-,-,-,-,04:59,+27,-,-,-,-,06:33,+07
-1948-Apr-04,N, 0.106,-0.967,19:44,+16,-,-,-,-,20:34,+26,-,-,-,-,21:24,+37
-1948-Sep-28,N, 0.254,-0.719,21:24,+35,-,-,-,-,22:31,+46,-,-,-,-,23:37,+55
-1947-Feb-23,P, 1.806, 0.772,05:46,+18,06:58,+03,-,-,08:30,-16,-,-,10:02,-33,11:14,-43
-1947-Aug-19,P, 1.824, 0.790,20:33,+17,21:44,+30,-,-,23:17,+41,-,-,00:49,+45,02:01,+40
-1946-Feb-12,T, 2.528, 1.545,16:22,-20,17:19,-10,18:19,+02,19:06,+12,19:52,+21,20:52,+34,21:50,+46
-1946-Aug-09,T, 2.605, 1.528,00:08,+41,01:18,+40,02:25,+33,03:14,+27,04:03,+19,05:10,+07,06:19,-07
-1945-Jul-29,P, 1.267, 0.191,00:39,+39,02:21,+31,-,-,03:14,+25,-,-,04:06,+16,05:48,-02
-1944-Jun-17,N, 0.805,-0.190,17:42,-17,-,-,-,-,19:41,+07,-,-,-,-,21:39,+27
-1944-Dec-12,P, 2.024, 0.954,20:15,+34,21:27,+49,-,-,23:08,+71,-,-,00:48,+83,02:01,+69
-1943-Dec-01,T, 2.523, 1.417,20:50,+42,22:03,+58,23:12,+73,23:58,+81,00:44,+81,01:53,+68,03:06,+52
-1942-May-28,T, 2.067, 1.125,00:32,+45,01:28,+41,02:39,+32,03:05,+28,03:30,+24,04:42,+11,05:38,+00
-1942-Nov-20,P, 1.292, 0.202,20:48,+41,22:29,+63,-,-,23:22,+73,-,-,00:15,+80,01:56,+66
-1941-May-17,N, 0.654,-0.323,16:58,-24,-,-,-,-,18:44,-02,-,-,-,-,20:30,+19
-1941-Nov-10,N, 0.119,-0.916,03:40,+40,-,-,-,-,04:29,+29,-,-,-,-,05:19,+18
-1940-Sep-30,P, 1.761, 0.793,03:27,+34,04:29,+22,-,-,05:55,+04,-,-,07:21,-14,08:23,-27
-1939-Mar-26,T, 2.804, 1.731,13:03,-58,14:13,-51,15:18,-41,16:11,-31,17:04,-20,18:08,-06,19:18,+09
-1939-Sep-19,T, 2.689, 1.709,18:57,+03,19:53,+15,20:50,+26,21:39,+36,22:28,+44,23:25,+52,00:21,+55
-1938-Mar-15,P, 1.422, 0.381,16:04,-29,17:29,-12,-,-,18:38,+02,-,-,19:48,+17,21:13,+35
-1937-Feb-03,N, 0.726,-0.247,16:29,-17,-,-,-,-,18:18,+03,-,-,-,-,20:06,+25
-1937-Mar-05,N, 0.138,-0.851,03:06,+52,-,-,-,-,03:58,+41,-,-,-,-,04:49,+30
-1937-Jul-30,N, 0.462,-0.619,20:57,+18,-,-,-,-,22:38,+32,-,-,-,-,00:20,+39
-1936-Jul-18,P, 1.807, 0.742,20:07,+10,21:24,+22,-,-,22:58,+34,-,-,00:32,+38,01:49,+35
-1935-Jan-12,T, 2.409, 1.415,22:43,+65,23:42,+78,00:44,+86,01:27,+78,02:10,+69,03:12,+56,04:10,+43
-1935-Jul-08,T, 2.526, 1.513,01:39,+34,02:41,+28,03:44,+18,04:31,+10,05:18,+02,06:21,-11,07:23,-23
-1934-Jun-27,P, 1.156, 0.196,15:08,-51,16:31,-33,-,-,17:19,-23,-,-,18:06,-14,19:29,+02
-1934-Nov-22,N, 0.477,-0.631,16:31,-15,-,-,-,-,18:15,+06,-,-,-,-,19:59,+28
-1933-May-19,P, 1.226, 0.278,01:16,+44,02:33,+35,-,-,03:28,+26,-,-,04:24,+16,05:40,+01
-1933-Nov-11,P, 1.741, 0.666,15:56,-24,17:14,-08,-,-,18:43,+11,-,-,20:11,+30,21:30,+47
-1932-May-07,T, 2.608, 1.617,15:02,-48,16:02,-36,17:02,-23,17:52,-13,18:41,-02,19:41,+10,20:41,+22
-1932-Oct-30,T, 2.707, 1.689,23:11,+66,00:11,+71,01:11,+68,02:00,+60,02:49,+50,03:49,+38,04:49,+25
-1931-Apr-26,P, 1.660, 0.614,22:50,+49,00:08,+56,-,-,01:34,+52,-,-,03:01,+39,04:19,+24
-1930-Apr-16,N, 0.250,-0.820,01:48,+55,-,-,-,-,03:05,+42,-,-,-,-,04:21,+27
-1930-Sep-10,N, 0.517,-0.472,19:00,+02,-,-,-,-,20:35,+22,-,-,-,-,22:09,+39
-1930-Oct-10,N, 0.266,-0.710,06:10,+01,-,-,-,-,07:18,-13,-,-,-,-,08:26,-28
-1929-Mar-06,P, 1.709, 0.681,13:15,-51,14:28,-44,-,-,15:55,-31,-,-,17:23,-14,18:36,+01
-1929-Aug-31,P, 1.762, 0.721,04:24,+18,05:37,+03,-,-,07:07,-15,-,-,08:36,-35,09:49,-50
-1928-Feb-24,T, 2.603, 1.626,00:21,+78,01:18,+76,02:17,+65,03:05,+55,03:53,+45,04:52,+32,05:49,+20
-1927-Feb-12,P, 1.310, 0.355,16:40,-17,17:53,-03,-,-,18:54,+09,-,-,19:56,+22,21:08,+37
-1926-Jan-03,N, 0.756,-0.255,21:52,+53,-,-,-,-,23:47,+78,-,-,-,-,01:41,+75
-1926-Jun-29,N, 0.686,-0.308,01:08,+39,-,-,-,-,02:58,+27,-,-,-,-,04:48,+08
-1926-Dec-24,P, 2.006, 0.935,04:29,+34,05:42,+19,-,-,07:22,-02,-,-,09:02,-20,10:15,-30
-1925-Jun-18,T, 2.106, 1.156,14:49,-54,15:45,-42,16:55,-28,17:23,-22,17:52,-16,19:01,-02,19:58,+08
-1925-Dec-13,T, 2.536, 1.431,04:53,+27,06:06,+12,07:15,-02,08:01,-11,08:48,-19,09:56,-30,11:09,-38
-1924-Dec-01,P, 1.297, 0.211,05:05,+23,06:45,+02,-,-,07:39,-08,-,-,08:33,-18,10:13,-34
-1923-May-28,N, 0.790,-0.190,00:00,+44,-,-,-,-,01:55,+37,-,-,-,-,03:51,+20
-1923-Oct-21,N, 0.486,-0.515,22:30,+54,-,-,-,-,00:03,+66,-,-,-,-,01:35,+62
-1922-Apr-17,P, 1.444, 0.387,19:25,+11,20:53,+29,-,-,22:05,+43,-,-,23:17,+54,00:45,+58
-1921-Apr-06,T, 2.838, 1.768,19:40,+15,20:49,+30,21:53,+43,22:47,+52,23:40,+60,00:44,+62,01:54,+57
-1921-Oct-01,T, 2.714, 1.730,03:36,+33,04:32,+21,05:30,+09,06:18,-01,07:07,-11,08:05,-24,09:01,-35
-1920-Mar-25,P, 1.546, 0.511,23:05,+59,00:24,+67,-,-,01:43,+62,-,-,03:02,+48,04:21,+32
-1920-Sep-19,P, 1.400, 0.367,15:32,-42,16:55,-24,-,-,18:02,-10,-,-,19:09,+05,20:31,+22
-1919-Feb-14,N, 0.664,-0.305,00:45,+83,-,-,-,-,02:29,+65,-,-,-,-,04:13,+43
-1919-Aug-10,N, 0.363,-0.722,04:11,+16,-,-,-,-,05:42,-01,-,-,-,-,07:14,-19
-1919-Sep-08,N, 0.031,-1.051,22:18,+41,-,-,-,-,22:45,+44,-,-,-,-,23:12,+48
-1918-Feb-03,P, 1.953, 0.994,16:13,-20,17:11,-10,-,-,18:44,+08,-,-,20:17,+27,21:16,+40
-1918-Jul-30,P, 1.698, 0.632,03:13,+24,04:33,+11,-,-,06:01,-06,-,-,07:29,-24,08:49,-40
-1917-Jan-24,T, 2.449, 1.456,07:05,+03,08:04,-08,09:06,-19,09:50,-26,10:34,-32,11:36,-39,12:34,-42
-1916-Jan-13,P, 1.094, 0.041,16:59,-09,18:56,+13,-,-,19:19,+18,-,-,19:43,+23,21:40,+48
-1916-Jul-07,P, 1.276, 0.316,22:42,+34,23:58,+39,-,-,00:57,+38,-,-,01:57,+34,03:13,+25
-1916-Dec-03,N, 0.470,-0.636,00:38,+82,-,-,-,-,02:21,+61,-,-,-,-,04:04,+39
-1915-Nov-22,P, 1.743, 0.670,00:20,+80,01:38,+68,-,-,03:06,+50,-,-,04:35,+30,05:53,+14
-1914-May-18,T, 2.464, 1.469,22:08,+38,23:08,+45,00:11,+47,00:57,+46,01:43,+42,02:46,+34,03:46,+24
-1913-May-08,P, 1.813, 0.765,05:22,+06,06:37,-10,-,-,08:11,-30,-,-,09:46,-50,11:01,-65
-1913-Oct-31,P, 1.470, 0.494,22:12,+55,23:21,+67,-,-,00:33,+71,-,-,01:44,+63,02:53,+50
-1912-Mar-27,N, 0.159,-0.907,17:36,-12,-,-,-,-,18:37,+01,-,-,-,-,19:38,+14
-1912-Sep-21,N, 0.482,-0.512,03:31,+33,-,-,-,-,05:03,+15,-,-,-,-,06:35,-05
-1911-Mar-16,P, 1.599, 0.578,20:37,+30,21:52,+45,-,-,23:14,+61,-,-,00:35,+70,01:51,+64
-1910-Aug-30,T, 2.768, 1.680,14:48,-55,15:59,-40,17:04,-26,17:56,-15,18:48,-04,19:53,+09,21:03,+23
-1909-Feb-24,P, 1.384, 0.432,00:47,+79,01:56,+70,-,-,03:04,+56,-,-,04:11,+42,05:20,+27
-1909-Aug-19,P, 1.460, 0.380,14:55,-55,16:25,-36,-,-,17:37,-21,-,-,18:49,-06,20:19,+12
-1908-Jan-15,N, 0.719,-0.293,06:19,+12,-,-,-,-,08:11,-10,-,-,-,-,10:04,-28
-1908-Feb-13,N, 0.073,-0.904,18:28,+04,-,-,-,-,19:04,+11,-,-,-,-,19:41,+19
-1908-Aug-07,N, 0.190,-0.841,20:36,+15,-,-,-,-,21:39,+25,-,-,-,-,22:41,+33
-1907-Jan-03,P, 1.979, 0.908,12:36,-40,13:50,-37,-,-,15:30,-25,-,-,17:09,-08,18:23,+06
-1907-Jun-28,T, 1.981, 1.032,22:27,+33,23:24,+38,00:46,+39,00:59,+38,01:12,+38,02:34,+30,03:32,+22
-1907-Dec-23,T, 2.555, 1.452,12:52,-40,14:05,-35,15:13,-27,16:00,-19,16:47,-11,17:56,+02,19:08,+17
-1906-Jun-18,T, 2.334, 1.388,15:32,-45,16:26,-33,17:27,-21,18:09,-13,18:50,-04,19:51,+07,20:46,+17
-1906-Dec-12,P, 1.309, 0.226,13:18,-40,14:56,-29,-,-,15:52,-20,-,-,16:48,-10,18:26,+09
-1905-Dec-01,N, 0.129,-0.899,21:01,+44,-,-,-,-,21:52,+55,-,-,-,-,22:43,+66
-1904-Apr-28,P, 1.287, 0.229,02:04,+47,03:42,+30,-,-,04:38,+19,-,-,05:35,+07,07:12,-14
-1904-Oct-21,P, 1.741, 0.770,21:14,+40,22:16,+52,-,-,23:41,+65,-,-,01:06,+66,02:08,+57
-1903-Apr-17,T, 2.683, 1.617,02:12,+50,03:21,+37,04:26,+24,05:18,+13,06:09,+02,07:15,-12,08:24,-27
-1902-Apr-06,P, 1.682, 0.653,06:00,+06,07:14,-11,-,-,08:41,-29,-,-,10:08,-47,11:23,-59
-1902-Sep-30,P, 1.425, 0.386,23:49,+58,01:12,+57,-,-,02:20,+49,-,-,03:29,+36,04:51,+20
-1901-Mar-26,N, 0.357,-0.619,17:49,-09,-,-,-,-,19:09,+08,-,-,-,-,20:29,+25
-1901-Sep-20,N, 0.073,-1.014,05:50,+04,-,-,-,-,06:31,-05,-,-,-,-,07:13,-14
-1900-Feb-15,P, 1.883, 0.927,00:30,+82,01:29,+77,-,-,03:00,+58,-,-,04:31,+38,05:30,+25
-1999-Jun-26,N, 0.879,-0.192,04:35,+08,-,-,-,-,06:50,-18,-,-,-,-,09:04,-46
-1998-May-16,P, 1.210, 0.207,20:03,+16,21:33,+32,-,-,22:24,+40,-,-,23:15,+46,00:45,+48
-1998-Nov-10,P, 2.038, 0.974,19:01,+15,20:12,+30,-,-,21:53,+52,-,-,23:33,+71,00:44,+75
-1997-Oct-30,T, 2.506, 1.401,20:24,+32,21:37,+47,22:46,+61,23:31,+68,00:16,+72,01:26,+66,02:38,+53
-1996-Apr-25,P, 1.656, 0.716,02:10,+46,03:12,+36,-,-,04:35,+19,-,-,05:58,+02,06:59,-11
-1996-Oct-18,P, 1.269, 0.176,20:03,+25,21:48,+47,-,-,22:38,+56,-,-,23:28,+64,01:12,+65
-1995-Apr-14,N, 0.268,-0.701,19:40,+14,-,-,-,-,20:50,+28,-,-,-,-,22:00,+41
-1995-Oct-08,N, 0.084,-0.957,02:01,+54,-,-,-,-,02:43,+46,-,-,-,-,03:25,+38
-1994-Mar-05,P, 1.993, 0.936,15:52,-29,17:05,-16,-,-,18:46,+05,-,-,20:27,+26,21:39,+42
-1994-Aug-29,P, 1.862, 0.899,01:34,+42,02:34,+36,-,-,04:04,+22,-,-,05:34,+05,06:34,-07
-1993-Feb-22,T, 2.441, 1.357,16:32,-20,17:44,-06,18:54,+08,19:38,+18,20:22,+27,21:32,+42,22:44,+58
-1993-Aug-18,T, 2.540, 1.574,17:44,-18,18:39,-07,19:37,+05,20:24,+14,21:10,+22,22:09,+32,23:04,+39
-1992-Feb-11,P, 1.117, 0.057,18:25,+04,20:20,+28,-,-,20:49,+34,-,-,21:17,+41,23:12,+65
-1991-Jan-01,N, 0.845,-0.144,15:05,-27,-,-,-,-,17:02,-08,-,-,-,-,18:59,+14
-1991-Jun-28,N, 0.830,-0.238,00:00,+38,-,-,-,-,02:10,+31,-,-,-,-,04:21,+12
-1991-Dec-22,T, 2.104, 1.136,05:44,+17,06:41,+06,07:52,-08,08:18,-12,08:44,-17,09:55,-28,10:52,-35
-1990-Jun-16,T, 2.207, 1.144,23:39,+40,00:51,+39,02:10,+33,02:40,+29,03:09,+25,04:28,+11,05:40,-02
-1990-Dec-11,T, 2.355, 1.362,20:47,+41,21:46,+54,22:49,+67,23:29,+76,00:10,+83,01:13,+78,02:11,+66
-1989-Jun-06,T, 2.121, 1.104,04:22,+13,05:28,+00,06:46,-16,07:11,-21,07:36,-27,08:55,-43,10:01,-57
-1988-May-25,N, 0.753,-0.211,17:08,-22,-,-,-,-,18:59,+01,-,-,-,-,20:50,+22
-1988-Oct-20,N, 0.490,-0.616,16:06,-27,-,-,-,-,17:51,-05,-,-,-,-,19:37,+18
-1987-Apr-16,P, 1.635, 0.690,02:37,+45,03:39,+33,-,-,05:01,+16,-,-,06:24,-01,07:26,-15
-1987-Oct-09,P, 1.750, 0.670,14:57,-44,16:16,-28,-,-,17:46,-09,-,-,19:15,+11,20:35,+28
-1986-Apr-05,T, 2.683, 1.698,17:25,-14,18:23,-02,19:22,+11,20:12,+21,21:02,+32,22:01,+43,22:59,+54
-1986-Sep-28,T, 2.687, 1.666,21:12,+34,22:13,+45,23:14,+54,00:03,+58,00:53,+58,01:53,+52,02:54,+43
-1985-Mar-26,P, 1.245, 0.204,02:42,+53,04:18,+33,-,-,05:10,+22,-,-,06:03,+10,07:38,-10
-1984-Aug-08,N, 0.692,-0.280,18:07,-13,-,-,-,-,19:54,+08,-,-,-,-,21:40,+27
-1984-Sep-07,N, 0.199,-0.766,04:15,+21,-,-,-,-,05:14,+09,-,-,-,-,06:12,-03
-1983-Feb-01,P, 1.965, 0.917,14:28,-36,15:39,-27,-,-,17:18,-09,-,-,18:56,+10,20:07,+25
-1983-Jul-29,P, 1.989, 0.968,05:15,+03,06:22,-11,-,-,08:00,-31,-,-,09:39,-52,10:46,-66
-1982-Jan-22,T, 2.413, 1.418,00:02,+81,01:01,+83,02:03,+70,02:46,+61,03:29,+52,04:32,+38,05:31,+26
-1981-Jan-11,P, 1.160, 0.195,15:29,-24,16:51,-11,-,-,17:37,-02,-,-,18:24,+07,19:46,+23
-1981-Dec-02,N, 0.809,-0.199,19:53,+28,-,-,-,-,21:49,+53,-,-,-,-,23:46,+77
-1980-May-27,P, 1.070, 0.070,03:12,+28,04:55,+09,-,-,05:26,+03,-,-,05:56,-04,07:39,-25
-1980-Nov-21,P, 2.038, 0.971,03:29,+43,04:41,+27,-,-,06:21,+06,-,-,08:02,-14,09:14,-27
-1979-May-16,T, 2.509, 1.557,16:17,-32,17:12,-21,18:11,-09,18:57,+01,19:44,+10,20:43,+22,21:37,+31
-1979-Nov-10,T, 2.512, 1.406,04:33,+27,05:46,+11,06:55,-04,07:41,-13,08:26,-22,09:35,-34,10:48,-44
-1978-Oct-30,P, 1.280, 0.187,04:15,+29,05:58,+07,-,-,06:50,-04,-,-,07:41,-14,09:24,-34
-1977-Mar-27,N, 0.530,-0.472,17:21,-15,-,-,-,-,19:00,+06,-,-,-,-,20:40,+27
-1977-Apr-26,N, 0.392,-0.579,02:48,+39,-,-,-,-,04:12,+24,-,-,-,-,05:35,+06
-1977-Sep-19,N, 0.511,-0.492,20:27,+20,-,-,-,-,22:03,+38,-,-,-,-,23:38,+51
-1976-Mar-15,P, 1.874, 0.817,22:58,+60,00:13,+71,-,-,01:50,+66,-,-,03:26,+47,04:41,+31
-1975-Mar-04,T, 2.548, 1.468,23:31,+68,00:42,+76,01:50,+68,02:38,+59,03:26,+49,04:34,+34,05:45,+19
-1975-Aug-29,T, 2.602, 1.632,02:00,+40,02:56,+33,03:54,+24,04:41,+15,05:29,+06,06:27,-06,07:22,-18
-1974-Feb-22,P, 1.207, 0.153,01:45,+71,03:26,+50,-,-,04:12,+40,-,-,04:58,+30,06:39,+08
-1974-Aug-18,P, 1.255, 0.241,15:26,-48,16:53,-29,-,-,17:48,-18,-,-,18:43,-06,20:10,+11
-1973-Jan-12,N, 0.817,-0.167,23:39,+77,-,-,-,-,01:34,+77,-,-,-,-,03:29,+52
-1972-Jan-02,T, 2.083, 1.117,14:31,-31,15:28,-24,16:40,-12,17:05,-08,17:29,-03,18:41,+10,19:39,+22
-1972-Dec-22,T, 2.363, 1.369,05:33,+19,06:32,+08,07:35,-05,08:16,-12,08:56,-19,09:59,-29,10:58,-36
-1971-Dec-11,N, 1.042,-0.009,16:15,-17,-,-,-,-,18:32,+10,-,-,-,-,20:48,+39
-1970-May-07,N, 0.174,-0.770,18:19,-06,-,-,-,-,19:14,+05,-,-,-,-,20:09,+16
-1970-Jun-06,N, 0.893,-0.069,00:22,+44,-,-,-,-,02:21,+34,-,-,-,-,04:19,+15
-1970-Nov-01,N, 0.484,-0.623,00:13,+73,-,-,-,-,01:58,+61,-,-,-,-,03:43,+39
-1969-Oct-20,P, 1.742, 0.663,23:13,+63,00:32,+67,-,-,02:01,+57,-,-,03:30,+40,04:49,+23
-1968-Apr-16,T, 2.815, 1.828,00:43,+59,01:41,+54,02:40,+45,03:31,+36,04:22,+26,05:21,+13,06:19,+01
-1968-Oct-09,T, 2.702, 1.681,05:46,+06,06:47,-07,07:47,-20,08:36,-30,09:25,-40,10:25,-51,11:26,-59
-1967-Sep-28,P, 1.442, 0.468,19:32,+12,20:42,+26,-,-,21:52,+40,-,-,23:02,+51,00:12,+58
-1966-Feb-23,N, 0.508,-0.571,20:12,+26,-,-,-,-,21:58,+49,-,-,-,-,23:44,+70
-1966-Aug-20,N, 0.621,-0.357,02:18,+37,-,-,-,-,03:59,+22,-,-,-,-,05:42,+02
-1965-Feb-12,P, 1.893, 0.852,22:11,+54,23:22,+69,-,-,00:58,+81,-,-,02:34,+64,03:45,+49
-1964-Jul-28,T, 2.503, 1.431,17:01,-28,18:11,-13,19:19,+00,20:05,+09,20:52,+17,22:00,+28,23:09,+36
-1963-Jan-22,P, 1.198, 0.236,00:01,+81,01:20,+80,-,-,02:11,+69,-,-,03:02,+58,04:21,+41
-1963-Jul-17,P, 1.150, 0.075,17:47,-18,19:43,+04,-,-,20:17,+10,-,-,20:50,+16,22:46,+32
-1963-Dec-13,N, 0.799,-0.211,04:38,+31,-,-,-,-,06:34,+06,-,-,-,-,08:31,-16
-1961-May-27,T, 2.370, 1.420,23:44,+45,00:39,+45,01:40,+41,02:23,+35,03:06,+29,04:07,+18,05:02,+08
-1961-Nov-21,T, 2.516, 1.410,12:43,-47,13:56,-41,15:05,-32,15:50,-24,16:36,-15,17:45,-01,18:58,+14
-1960-May-16,P, 1.929, 0.988,17:05,-22,18:02,-10,-,-,19:35,+09,-,-,21:09,+26,22:06,+35
-1959-Apr-07,N, 0.397,-0.607,00:48,+64,-,-,-,-,02:15,+54,-,-,-,-,03:43,+38
-1959-Sep-30,N, 0.495,-0.508,05:03,+15,-,-,-,-,06:37,-05,-,-,-,-,08:11,-25
-1959-Oct-29,N, 0.110,-0.927,19:03,+14,-,-,-,-,19:51,+24,-,-,-,-,20:38,+35
-1958-Mar-27,P, 1.740, 0.682,05:53,+11,07:11,-06,-,-,08:42,-25,-,-,10:13,-43,11:30,-55
-1958-Sep-19,P, 1.784, 0.818,18:42,-01,19:43,+12,-,-,21:10,+29,-,-,22:38,+45,23:39,+52
-1957-Mar-16,T, 2.670, 1.594,06:21,+07,07:31,-08,08:37,-22,09:28,-32,10:19,-41,11:25,-51,12:35,-56
-1956-Aug-28,P, 1.315, 0.295,23:21,+44,00:45,+47,-,-,01:45,+44,-,-,02:46,+36,04:10,+22
-1955-Feb-21,N, 0.042,-0.952,19:45,+19,-,-,-,-,20:14,+25,-,-,-,-,20:42,+32
-1954-Jan-12,T, 2.052, 1.089,23:13,+72,00:11,+84,01:25,+79,01:46,+74,02:08,+70,03:22,+53,04:20,+41
-1953-Jan-02,T, 2.381, 1.387,14:12,-34,15:11,-27,16:13,-17,16:55,-10,17:37,-02,18:39,+10,19:38,+22
-1953-Jun-27,T, 2.399, 1.386,18:26,-08,19:29,+04,20:34,+16,21:18,+23,22:01,+29,23:06,+36,00:09,+39
-1953-Dec-23,N, 1.049,-0.003,00:39,+84,-,-,-,-,02:56,+56,-,-,-,-,05:13,+26
-1952-May-18,N, 0.047,-0.896,02:14,+37,-,-,-,-,02:43,+33,-,-,-,-,03:12,+29
-1951-May-07,P, 1.364, 0.418,17:45,-13,18:55,+02,-,-,20:02,+15,-,-,21:08,+28,22:18,+39
-1950-Oct-20,T, 2.708, 1.688,14:26,-47,15:26,-36,16:26,-24,17:15,-13,18:05,-03,19:05,+10,20:05,+23
-1949-Apr-16,P, 1.512, 0.469,16:14,-31,17:36,-14,-,-,18:53,+03,-,-,20:10,+19,21:33,+36
-1949-Oct-10,P, 1.459, 0.484,04:20,+25,05:29,+10,-,-,06:40,-05,-,-,07:51,-20,09:01,-34
-1948-Mar-06,N, 0.402,-0.673,03:24,+48,-,-,-,-,04:59,+27,-,-,-,-,06:33,+07
-1948-Apr-04,N, 0.106,-0.967,19:44,+16,-,-,-,-,20:34,+26,-,-,-,-,21:24,+37
-1948-Sep-28,N, 0.254,-0.719,21:24,+35,-,-,-,-,22:31,+46,-,-,-,-,23:37,+55
-1947-Feb-23,P, 1.806, 0.772,05:46,+18,06:58,+03,-,-,08:30,-16,-,-,10:02,-33,11:14,-43
-1947-Aug-19,P, 1.824, 0.790,20:33,+17,21:44,+30,-,-,23:17,+41,-,-,00:49,+45,02:01,+40
-1946-Feb-12,T, 2.528, 1.545,16:22,-20,17:19,-10,18:19,+02,19:06,+12,19:52,+21,20:52,+34,21:50,+46
-1946-Aug-09,T, 2.605, 1.528,00:08,+41,01:18,+40,02:25,+33,03:14,+27,04:03,+19,05:10,+07,06:19,-07
-1945-Jul-29,P, 1.267, 0.191,00:39,+39,02:21,+31,-,-,03:14,+25,-,-,04:06,+16,05:48,-02
-1944-Jun-17,N, 0.805,-0.190,17:42,-17,-,-,-,-,19:41,+07,-,-,-,-,21:39,+27
-1944-Dec-12,P, 2.024, 0.954,20:15,+34,21:27,+49,-,-,23:08,+71,-,-,00:48,+83,02:01,+69
-1943-Dec-01,T, 2.523, 1.417,20:50,+42,22:03,+58,23:12,+73,23:58,+81,00:44,+81,01:53,+68,03:06,+52
-1942-May-28,T, 2.067, 1.125,00:32,+45,01:28,+41,02:39,+32,03:05,+28,03:30,+24,04:42,+11,05:38,+00
-1942-Nov-20,P, 1.292, 0.202,20:48,+41,22:29,+63,-,-,23:22,+73,-,-,00:15,+80,01:56,+66
-1941-May-17,N, 0.654,-0.323,16:58,-24,-,-,-,-,18:44,-02,-,-,-,-,20:30,+19
-1941-Nov-10,N, 0.119,-0.916,03:40,+40,-,-,-,-,04:29,+29,-,-,-,-,05:19,+18
-1940-Sep-30,P, 1.761, 0.793,03:27,+34,04:29,+22,-,-,05:55,+04,-,-,07:21,-14,08:23,-27
-1939-Mar-26,T, 2.804, 1.731,13:03,-58,14:13,-51,15:18,-41,16:11,-31,17:04,-20,18:08,-06,19:18,+09
-1939-Sep-19,T, 2.689, 1.709,18:57,+03,19:53,+15,20:50,+26,21:39,+36,22:28,+44,23:25,+52,00:21,+55
-1938-Mar-15,P, 1.422, 0.381,16:04,-29,17:29,-12,-,-,18:38,+02,-,-,19:48,+17,21:13,+35
-1937-Feb-03,N, 0.726,-0.247,16:29,-17,-,-,-,-,18:18,+03,-,-,-,-,20:06,+25
-1937-Mar-05,N, 0.138,-0.851,03:06,+52,-,-,-,-,03:58,+41,-,-,-,-,04:49,+30
-1937-Jul-30,N, 0.462,-0.619,20:57,+18,-,-,-,-,22:38,+32,-,-,-,-,00:20,+39
-1936-Jul-18,P, 1.807, 0.742,20:07,+10,21:24,+22,-,-,22:58,+34,-,-,00:32,+38,01:49,+35
-1935-Jan-12,T, 2.409, 1.415,22:43,+65,23:42,+78,00:44,+86,01:27,+78,02:10,+69,03:12,+56,04:10,+43
-1935-Jul-08,T, 2.526, 1.513,01:39,+34,02:41,+28,03:44,+18,04:31,+10,05:18,+02,06:21,-11,07:23,-23
-1934-Jun-27,P, 1.156, 0.196,15:08,-51,16:31,-33,-,-,17:19,-23,-,-,18:06,-14,19:29,+02
-1934-Nov-22,N, 0.477,-0.631,16:31,-15,-,-,-,-,18:15,+06,-,-,-,-,19:59,+28
-1933-May-19,P, 1.226, 0.278,01:16,+44,02:33,+35,-,-,03:28,+26,-,-,04:24,+16,05:40,+01
-1933-Nov-11,P, 1.741, 0.666,15:56,-24,17:14,-08,-,-,18:43,+11,-,-,20:11,+30,21:30,+47
-1932-May-07,T, 2.608, 1.617,15:02,-48,16:02,-36,17:02,-23,17:52,-13,18:41,-02,19:41,+10,20:41,+22
-1932-Oct-30,T, 2.707, 1.689,23:11,+66,00:11,+71,01:11,+68,02:00,+60,02:49,+50,03:49,+38,04:49,+25
-1931-Apr-26,P, 1.660, 0.614,22:50,+49,00:08,+56,-,-,01:34,+52,-,-,03:01,+39,04:19,+24
-1930-Apr-16,N, 0.250,-0.820,01:48,+55,-,-,-,-,03:05,+42,-,-,-,-,04:21,+27
-1930-Sep-10,N, 0.517,-0.472,19:00,+02,-,-,-,-,20:35,+22,-,-,-,-,22:09,+39
-1930-Oct-10,N, 0.266,-0.710,06:10,+01,-,-,-,-,07:18,-13,-,-,-,-,08:26,-28
-1929-Mar-06,P, 1.709, 0.681,13:15,-51,14:28,-44,-,-,15:55,-31,-,-,17:23,-14,18:36,+01
-1929-Aug-31,P, 1.762, 0.721,04:24,+18,05:37,+03,-,-,07:07,-15,-,-,08:36,-35,09:49,-50
-1928-Feb-24,T, 2.603, 1.626,00:21,+78,01:18,+76,02:17,+65,03:05,+55,03:53,+45,04:52,+32,05:49,+20
-1927-Feb-12,P, 1.310, 0.355,16:40,-17,17:53,-03,-,-,18:54,+09,-,-,19:56,+22,21:08,+37
-1926-Jan-03,N, 0.756,-0.255,21:52,+53,-,-,-,-,23:47,+78,-,-,-,-,01:41,+75
-1926-Jun-29,N, 0.686,-0.308,01:08,+39,-,-,-,-,02:58,+27,-,-,-,-,04:48,+08
-1926-Dec-24,P, 2.006, 0.935,04:29,+34,05:42,+19,-,-,07:22,-02,-,-,09:02,-20,10:15,-30
-1925-Jun-18,T, 2.106, 1.156,14:49,-54,15:45,-42,16:55,-28,17:23,-22,17:52,-16,19:01,-02,19:58,+08
-1925-Dec-13,T, 2.536, 1.431,04:53,+27,06:06,+12,07:15,-02,08:01,-11,08:48,-19,09:56,-30,11:09,-38
-1924-Dec-01,P, 1.297, 0.211,05:05,+23,06:45,+02,-,-,07:39,-08,-,-,08:33,-18,10:13,-34
-1923-May-28,N, 0.790,-0.190,00:00,+44,-,-,-,-,01:55,+37,-,-,-,-,03:51,+20
-1923-Oct-21,N, 0.486,-0.515,22:30,+54,-,-,-,-,00:03,+66,-,-,-,-,01:35,+62
-1922-Apr-17,P, 1.444, 0.387,19:25,+11,20:53,+29,-,-,22:05,+43,-,-,23:17,+54,00:45,+58
-1921-Apr-06,T, 2.838, 1.768,19:40,+15,20:49,+30,21:53,+43,22:47,+52,23:40,+60,00:44,+62,01:54,+57
-1921-Oct-01,T, 2.714, 1.730,03:36,+33,04:32,+21,05:30,+09,06:18,-01,07:07,-11,08:05,-24,09:01,-35
-1920-Mar-25,P, 1.546, 0.511,23:05,+59,00:24,+67,-,-,01:43,+62,-,-,03:02,+48,04:21,+32
-1920-Sep-19,P, 1.400, 0.367,15:32,-42,16:55,-24,-,-,18:02,-10,-,-,19:09,+05,20:31,+22
-1919-Feb-14,N, 0.664,-0.305,00:45,+83,-,-,-,-,02:29,+65,-,-,-,-,04:13,+43
-1919-Aug-10,N, 0.363,-0.722,04:11,+16,-,-,-,-,05:42,-01,-,-,-,-,07:14,-19
-1919-Sep-08,N, 0.031,-1.051,22:18,+41,-,-,-,-,22:45,+44,-,-,-,-,23:12,+48
-1918-Feb-03,P, 1.953, 0.994,16:13,-20,17:11,-10,-,-,18:44,+08,-,-,20:17,+27,21:16,+40
-1918-Jul-30,P, 1.698, 0.632,03:13,+24,04:33,+11,-,-,06:01,-06,-,-,07:29,-24,08:49,-40
-1917-Jan-24,T, 2.449, 1.456,07:05,+03,08:04,-08,09:06,-19,09:50,-26,10:34,-32,11:36,-39,12:34,-42
-1916-Jan-13,P, 1.094, 0.041,16:59,-09,18:56,+13,-,-,19:19,+18,-,-,19:43,+23,21:40,+48
-1916-Jul-07,P, 1.276, 0.316,22:42,+34,23:58,+39,-,-,00:57,+38,-,-,01:57,+34,03:13,+25
-1916-Dec-03,N, 0.470,-0.636,00:38,+82,-,-,-,-,02:21,+61,-,-,-,-,04:04,+39
-1915-Nov-22,P, 1.743, 0.670,00:20,+80,01:38,+68,-,-,03:06,+50,-,-,04:35,+30,05:53,+14
-1914-May-18,T, 2.464, 1.469,22:08,+38,23:08,+45,00:11,+47,00:57,+46,01:43,+42,02:46,+34,03:46,+24
-1913-May-08,P, 1.813, 0.765,05:22,+06,06:37,-10,-,-,08:11,-30,-,-,09:46,-50,11:01,-65
-1913-Oct-31,P, 1.470, 0.494,22:12,+55,23:21,+67,-,-,00:33,+71,-,-,01:44,+63,02:53,+50
-1912-Mar-27,N, 0.159,-0.907,17:36,-12,-,-,-,-,18:37,+01,-,-,-,-,19:38,+14
-1912-Sep-21,N, 0.482,-0.512,03:31,+33,-,-,-,-,05:03,+15,-,-,-,-,06:35,-05
-1911-Mar-16,P, 1.599, 0.578,20:37,+30,21:52,+45,-,-,23:14,+61,-,-,00:35,+70,01:51,+64
-1910-Aug-30,T, 2.768, 1.680,14:48,-55,15:59,-40,17:04,-26,17:56,-15,18:48,-04,19:53,+09,21:03,+23
-1909-Feb-24,P, 1.384, 0.432,00:47,+79,01:56,+70,-,-,03:04,+56,-,-,04:11,+42,05:20,+27
-1909-Aug-19,P, 1.460, 0.380,14:55,-55,16:25,-36,-,-,17:37,-21,-,-,18:49,-06,20:19,+12
-1908-Jan-15,N, 0.719,-0.293,06:19,+12,-,-,-,-,08:11,-10,-,-,-,-,10:04,-28
-1908-Feb-13,N, 0.073,-0.904,18:28,+04,-,-,-,-,19:04,+11,-,-,-,-,19:41,+19
-1908-Aug-07,N, 0.190,-0.841,20:36,+15,-,-,-,-,21:39,+25,-,-,-,-,22:41,+33
-1907-Jan-03,P, 1.979, 0.908,12:36,-40,13:50,-37,-,-,15:30,-25,-,-,17:09,-08,18:23,+06
-1907-Jun-28,T, 1.981, 1.032,22:27,+33,23:24,+38,00:46,+39,00:59,+38,01:12,+38,02:34,+30,03:32,+22
-1907-Dec-23,T, 2.555, 1.452,12:52,-40,14:05,-35,15:13,-27,16:00,-19,16:47,-11,17:56,+02,19:08,+17
-1906-Jun-18,T, 2.334, 1.388,15:32,-45,16:26,-33,17:27,-21,18:09,-13,18:50,-04,19:51,+07,20:46,+17
-1906-Dec-12,P, 1.309, 0.226,13:18,-40,14:56,-29,-,-,15:52,-20,-,-,16:48,-10,18:26,+09
-1905-Dec-01,N, 0.129,-0.899,21:01,+44,-,-,-,-,21:52,+55,-,-,-,-,22:43,+66
-1904-Apr-28,P, 1.287, 0.229,02:04,+47,03:42,+30,-,-,04:38,+19,-,-,05:35,+07,07:12,-14
-1904-Oct-21,P, 1.741, 0.770,21:14,+40,22:16,+52,-,-,23:41,+65,-,-,01:06,+66,02:08,+57
-1903-Apr-17,T, 2.683, 1.617,02:12,+50,03:21,+37,04:26,+24,05:18,+13,06:09,+02,07:15,-12,08:24,-27
-1902-Apr-06,P, 1.682, 0.653,06:00,+06,07:14,-11,-,-,08:41,-29,-,-,10:08,-47,11:23,-59
-1902-Sep-30,P, 1.425, 0.386,23:49,+58,01:12,+57,-,-,02:20,+49,-,-,03:29,+36,04:51,+20
-1901-Mar-26,N, 0.357,-0.619,17:49,-09,-,-,-,-,19:09,+08,-,-,-,-,20:29,+25
-1901-Sep-20,N, 0.073,-1.014,05:50,+04,-,-,-,-,06:31,-05,-,-,-,-,07:13,-14
-1900-Feb-15,P, 1.883, 0.927,00:30,+82,01:29,+77,-,-,03:00,+58,-,-,04:31,+38,05:30,+25
-1899-Feb-03,T, 2.503, 1.510,15:17,-30,16:16,-20,17:17,-10,18:03,-01,18:49,+08,19:50,+21,20:48,+33
-1899-Jul-29,T, 2.743, 1.732,16:34,-34,17:35,-21,18:35,-09,19:26,+01,20:17,+11,21:17,+21,22:18,+30
-1898-Jan-24,P, 1.135, 0.082,00:55,+84,02:44,+61,-,-,03:17,+54,-,-,03:51,+46,05:40,+23
-1897-Jun-09,N, 0.953,-0.000,16:21,-34,-,-,-,-,18:22,-09,-,-,-,-,20:22,+14
-1897-Jul-09,N, 0.108,-0.839,00:49,+39,-,-,-,-,01:32,+37,-,-,-,-,02:16,+33
-1896-May-29,T, 2.320, 1.320,05:12,+03,06:14,-09,07:20,-23,08:00,-32,08:41,-40,09:47,-55,10:49,-67
-1896-Nov-21,T, 2.698, 1.686,16:47,-12,17:46,+00,18:46,+13,19:35,+23,20:24,+34,21:23,+47,22:23,+59
-1894-Apr-08,N, 0.025,-1.036,00:53,+60,-,-,-,-,01:17,+59,-,-,-,-,01:41,+56
-1894-Oct-31,N, 0.268,-0.714,23:58,+70,-,-,-,-,01:07,+68,-,-,-,-,02:15,+57
-1893-Mar-28,P, 1.483, 0.468,03:55,+35,05:13,+19,-,-,06:28,+03,-,-,07:42,-14,09:00,-30
-1893-Sep-21,P, 1.676, 0.623,20:25,+23,21:42,+38,-,-,23:07,+51,-,-,00:33,+56,01:50,+51
-1892-Mar-16,T, 2.792, 1.826,15:57,-31,16:53,-20,17:50,-08,18:40,+02,19:30,+13,20:28,+25,21:23,+37
-1892-Sep-09,T, 2.828, 1.736,22:22,+41,23:33,+49,00:38,+51,01:30,+48,02:22,+43,03:27,+32,04:38,+19
-1891-Aug-29,P, 1.535, 0.453,22:20,+36,23:47,+45,-,-,01:04,+46,-,-,02:21,+39,03:49,+26
-1890-Jan-25,N, 0.667,-0.344,14:36,-35,-,-,-,-,16:25,-19,-,-,-,-,18:15,+02
-1890-Feb-24,N, 0.141,-0.836,02:14,+67,-,-,-,-,03:05,+56,-,-,-,-,03:56,+45
-1890-Jul-20,N, 0.478,-0.514,16:22,-36,-,-,-,-,17:55,-17,-,-,-,-,19:28,+01
-1890-Aug-19,N, 0.273,-0.757,04:07,+18,-,-,-,-,05:22,+05,-,-,-,-,06:36,-10
-1889-Jan-14,P, 1.937, 0.867,20:34,+35,21:48,+51,-,-,23:26,+73,-,-,01:05,+84,02:19,+68
-1888-Jan-03,T, 2.584, 1.483,20:44,+39,21:56,+55,23:04,+70,23:52,+80,00:40,+87,01:48,+74,03:00,+58
-1888-Jun-28,T, 2.461, 1.511,23:06,+36,00:01,+39,01:00,+38,01:45,+34,02:30,+30,03:29,+21,04:23,+12
-1888-Dec-22,P, 1.325, 0.247,21:29,+50,23:05,+71,-,-,00:03,+84,-,-,01:01,+82,02:37,+62
-1887-Nov-12,N, 0.497,-0.500,16:13,-22,-,-,-,-,17:46,-03,-,-,-,-,19:19,+17
-1887-Dec-12,N, 0.138,-0.885,05:38,+18,-,-,-,-,06:31,+07,-,-,-,-,07:23,-03
-1886-Nov-02,P, 1.740, 0.768,06:13,+03,07:16,-10,-,-,08:41,-27,-,-,10:06,-41,11:08,-49
-1885-Oct-22,T, 2.740, 1.748,21:08,+40,22:05,+51,23:03,+61,23:52,+67,00:41,+68,01:39,+62,02:36,+52
-1883-Mar-07,N, 0.498,-0.461,16:55,-18,-,-,-,-,18:26,+00,-,-,-,-,19:57,+19
-1883-Apr-06,N, 0.482,-0.489,01:05,+61,-,-,-,-,02:37,+48,-,-,-,-,04:09,+30
-1883-Aug-31,N, 0.209,-0.883,19:09,+00,-,-,-,-,20:19,+14,-,-,-,-,21:30,+27
-1882-Aug-20,P, 1.524, 0.456,17:58,-15,19:23,+02,-,-,20:40,+17,-,-,21:57,+30,23:22,+41
-1881-Feb-14,T, 2.571, 1.578,23:20,+69,00:18,+79,01:19,+78,02:06,+69,02:54,+59,03:54,+46,04:53,+33
-1881-Aug-10,T, 2.831, 1.820,00:18,+41,01:18,+40,02:18,+35,03:09,+28,04:00,+20,05:00,+09,06:00,-03
-1880-Dec-24,N, 0.438,-0.663,16:43,-10,-,-,-,-,18:23,+09,-,-,-,-,20:02,+29
-1879-Jun-19,N, 0.823,-0.134,23:57,+39,-,-,-,-,01:51,+34,-,-,-,-,03:45,+18
-1879-Dec-13,P, 1.735, 0.671,17:06,-06,18:23,+09,-,-,19:51,+28,-,-,21:19,+47,22:36,+63
-1878-Dec-03,T, 2.696, 1.688,01:35,+70,02:34,+57,03:33,+44,04:22,+34,05:11,+23,06:10,+11,07:09,-01
-1877-May-29,T, 2.126, 1.073,18:22,-06,19:33,+08,20:57,+24,21:19,+27,21:40,+31,23:05,+41,00:16,+44
-1877-Nov-22,P, 1.467, 0.493,16:13,-19,17:22,-06,-,-,18:33,+09,-,-,19:45,+24,20:53,+39
-1876-May-17,N, 0.722,-0.345,20:12,+18,-,-,-,-,22:16,+39,-,-,-,-,00:20,+48
-1876-Oct-12,N, 0.444,-0.561,20:49,+34,-,-,-,-,22:18,+52,-,-,-,-,23:47,+64
-1875-Oct-02,P, 1.651, 0.592,04:36,+21,05:54,+04,-,-,07:18,-14,-,-,08:42,-32,10:00,-47
-1874-Mar-27,T, 2.773, 1.811,23:36,+63,00:31,+67,01:28,+63,02:18,+56,03:08,+47,04:05,+35,05:00,+23
-1873-Mar-17,P, 1.570, 0.623,16:35,-23,17:39,-10,-,-,18:58,+06,-,-,20:16,+23,21:20,+37
-1873-Sep-10,P, 1.595, 0.511,05:56,+00,07:21,-18,-,-,08:42,-36,-,-,10:03,-53,11:29,-69
-1872-Feb-05,N, 0.605,-0.406,22:46,+62,-,-,-,-,00:31,+81,-,-,-,-,02:16,+68
-1872-Jul-31,N, 0.390,-0.602,00:11,+41,-,-,-,-,01:36,+38,-,-,-,-,03:01,+29
-1871-Jan-25,P, 1.885, 0.815,04:23,+38,05:39,+22,-,-,07:15,+02,-,-,08:52,-16,10:07,-28
-1870-Jan-14,T, 2.624, 1.527,04:27,+37,05:39,+21,06:46,+08,07:35,-02,08:25,-11,09:32,-22,10:44,-32
-1869-Jan-03,P, 1.350, 0.278,05:33,+22,07:06,+03,-,-,08:07,-09,-,-,09:08,-19,10:42,-32
-1869-Jun-29,P, 1.177, 0.182,21:22,+23,22:51,+34,-,-,23:39,+37,-,-,00:27,+38,01:56,+33
-1869-Nov-24,N, 0.502,-0.493,01:06,+74,-,-,-,-,02:39,+56,-,-,-,-,04:12,+36
-1868-May-19,N, 0.963,-0.099,15:15,-47,-,-,-,-,17:33,-17,-,-,-,-,19:52,+11
-1868-Nov-12,P, 1.740, 0.768,15:14,-32,16:16,-20,-,-,17:41,-03,-,-,19:06,+15,20:09,+28
-1867-May-08,T, 2.359, 1.298,15:09,-47,16:20,-32,17:31,-17,18:12,-08,18:53,+01,20:05,+15,21:15,+28
-1867-Nov-02,T, 2.744, 1.749,05:59,+06,06:56,-06,07:54,-18,08:43,-27,09:33,-36,10:31,-45,11:28,-51
-1866-Apr-27,P, 1.970, 0.951,19:45,+14,20:53,+28,-,-,22:32,+45,-,-,00:11,+54,01:19,+51
-1866-Oct-22,P, 1.447, 0.398,16:38,-19,18:01,-02,-,-,19:11,+14,-,-,20:21,+29,21:44,+47
-1865-Mar-19,N, 0.398,-0.556,00:52,+71,-,-,-,-,02:14,+61,-,-,-,-,03:36,+45
-1865-Sep-12,N, 0.156,-0.941,02:52,+37,-,-,-,-,03:53,+27,-,-,-,-,04:54,+15
-1865-Oct-11,N, 0.124,-0.972,21:31,+42,-,-,-,-,22:25,+52,-,-,-,-,23:19,+61
-1864-Mar-07,P, 1.707, 0.755,16:40,-21,17:42,-09,-,-,19:07,+09,-,-,20:32,+27,21:33,+40
-1864-Aug-31,P, 1.460, 0.390,01:36,+43,03:04,+33,-,-,04:15,+20,-,-,05:27,+07,06:55,-12
-1862-Feb-14,P, 1.260, 0.208,16:12,-23,17:48,-05,-,-,18:41,+06,-,-,19:34,+17,21:10,+38
-1862-Aug-09,P, 1.572, 0.609,22:15,+33,23:21,+40,-,-,00:39,+42,-,-,01:57,+38,03:03,+30
-1861-Jan-05,N, 0.409,-0.688,00:39,+88,-,-,-,-,02:15,+67,-,-,-,-,03:52,+46
-1861-Dec-25,P, 1.722, 0.663,01:25,+76,02:41,+59,-,-,04:09,+40,-,-,05:36,+22,06:53,+06
-1860-Jun-19,T, 2.039, 1.030,19:23,+04,20:28,+15,21:55,+29,22:09,+30,22:23,+32,23:49,+39,00:55,+39
-1859-Jun-09,T, 2.283, 1.226,00:51,+41,02:01,+35,03:15,+25,03:51,+19,04:28,+12,05:42,-02,06:52,-16
-1859-Dec-03,P, 1.467, 0.494,01:13,+74,02:21,+60,-,-,03:33,+45,-,-,04:44,+30,05:53,+15
-1858-May-29,N, 0.882,-0.185,02:26,+35,-,-,-,-,04:40,+12,-,-,-,-,06:54,-16
-1858-Oct-24,N, 0.434,-0.574,05:33,+12,-,-,-,-,07:01,-07,-,-,-,-,08:30,-25
-1858-Nov-22,N, 0.256,-0.730,17:54,+01,-,-,-,-,19:01,+15,-,-,-,-,20:08,+29
-1857-Apr-18,P, 1.224, 0.220,18:20,-04,19:49,+15,-,-,20:41,+26,-,-,21:34,+36,23:03,+50
-1856-Oct-01,T, 2.908, 1.808,13:53,-58,15:05,-45,16:10,-32,17:02,-20,17:55,-09,19:00,+05,20:11,+20
-1855-Mar-28,P, 1.679, 0.734,00:19,+67,01:20,+65,-,-,02:44,+52,-,-,04:08,+35,05:09,+22
-1855-Sep-20,P, 1.640, 0.555,13:43,-64,15:07,-48,-,-,16:30,-30,-,-,17:54,-12,19:18,+06
-1854-Feb-16,N, 0.527,-0.485,06:46,+06,-,-,-,-,08:25,-14,-,-,-,-,10:04,-32
-1854-Mar-17,N, 0.311,-0.665,17:24,-13,-,-,-,-,18:39,+02,-,-,-,-,19:54,+18
-1854-Sep-09,N, 0.400,-0.630,19:50,+11,-,-,-,-,21:18,+28,-,-,-,-,22:47,+42
-1853-Jul-31,P, 1.674, 0.721,22:04,+30,23:06,+37,-,-,00:29,+41,-,-,01:53,+37,02:55,+30
-1852-Jan-25,T, 2.677, 1.583,12:02,-40,13:13,-41,14:19,-36,15:10,-30,16:01,-22,17:07,-11,18:18,+03
-1852-Jul-20,T, 2.686, 1.728,14:32,-60,15:27,-49,16:24,-37,17:13,-27,18:02,-17,18:59,-05,19:54,+05
-1851-Jan-13,P, 1.387, 0.320,13:30,-38,15:01,-29,-,-,16:06,-19,-,-,17:11,-08,18:41,+09
-1851-Jul-10,P, 1.296, 0.295,04:36,+08,05:59,-08,-,-,06:59,-20,-,-,07:59,-32,09:21,-49
-1850-Jan-02,N, 0.178,-0.834,22:37,+64,-,-,-,-,23:36,+77,-,-,-,-,00:35,+88
-1850-May-30,N, 0.801,-0.263,21:50,+33,-,-,-,-,23:59,+45,-,-,-,-,02:08,+38
-1850-Nov-24,P, 1.741, 0.769,00:15,+79,01:18,+72,-,-,02:43,+55,-,-,04:08,+37,05:10,+23
-1849-May-19,T, 2.197, 1.137,21:39,+33,22:50,+43,00:10,+47,00:39,+47,01:08,+46,02:28,+37,03:39,+25
-1849-Nov-13,T, 2.743, 1.745,14:52,-35,15:50,-25,16:48,-14,17:37,-04,18:26,+07,19:24,+19,20:22,+32
-1848-May-08,T, 2.119, 1.105,02:37,+38,03:42,+26,05:01,+10,05:26,+05,05:51,+00,07:09,-17,08:14,-31
-1848-Nov-02,P, 1.449, 0.395,01:08,+68,02:32,+53,-,-,03:42,+39,-,-,04:52,+24,06:15,+06
-1847-Apr-27,N, 0.751,-0.212,15:33,-41,-,-,-,-,17:24,-18,-,-,-,-,19:15,+05
-1847-Oct-22,N, 0.137,-0.962,05:33,+12,-,-,-,-,06:30,+00,-,-,-,-,07:27,-13
-1846-Mar-19,P, 1.601, 0.650,00:34,+71,01:38,+66,-,-,02:58,+52,-,-,04:18,+35,05:22,+21
-1845-Mar-08,T, 2.747, 1.754,14:56,-40,15:54,-30,16:53,-19,17:44,-09,18:34,+01,19:33,+14,20:32,+27
-1845-Aug-31,T, 2.759, 1.749,16:14,-36,17:14,-23,18:14,-11,19:04,+00,19:55,+10,20:54,+22,21:54,+33
-1844-Feb-25,P, 1.345, 0.293,23:33,+70,01:04,+76,-,-,02:06,+67,-,-,03:09,+54,04:39,+34
-1843-Aug-10,N, 0.383,-0.575,00:00,+43,-,-,-,-,01:21,+41,-,-,-,-,02:41,+33
-1842-Jul-01,P, 1.909, 0.894,02:33,+28,03:41,+18,-,-,05:17,+01,-,-,06:53,-18,08:01,-32
-1842-Dec-24,T, 2.708, 1.708,19:02,+18,20:00,+30,20:59,+42,21:48,+53,22:37,+64,23:36,+76,00:34,+86
-1840-Dec-03,N, 0.249,-0.738,02:51,+54,-,-,-,-,03:57,+39,-,-,-,-,05:04,+25
-1839-Apr-29,P, 1.087, 0.087,01:30,+49,03:11,+34,-,-,03:45,+28,-,-,04:18,+22,05:59,+01
-1839-Oct-23,P, 1.627, 0.558,21:12,+41,22:32,+58,-,-,23:55,+69,-,-,01:17,+66,02:37,+52
-1838-Apr-18,T, 2.519, 1.565,14:42,-50,15:37,-40,16:35,-28,17:22,-18,18:09,-08,19:07,+05,20:02,+16
-1838-Oct-12,T, 2.889, 1.785,21:51,+46,23:02,+58,00:08,+64,01:00,+63,01:52,+57,02:58,+45,04:09,+31
-1837-Oct-01,P, 1.674, 0.588,21:39,+40,23:01,+53,-,-,00:27,+59,-,-,01:52,+53,03:15,+40
-1836-Mar-28,N, 0.412,-0.565,00:48,+68,-,-,-,-,02:14,+58,-,-,-,-,03:40,+41
-1836-Sep-20,N, 0.444,-0.586,03:59,+26,-,-,-,-,05:32,+08,-,-,-,-,07:04,-12
-1835-Feb-15,P, 1.735, 0.667,19:31,+18,20:50,+35,-,-,22:20,+54,-,-,23:49,+73,01:08,+79
-1834-Feb-04,T, 2.744, 1.654,19:28,+19,20:39,+34,21:44,+48,22:36,+59,23:28,+70,00:33,+82,01:44,+76
-1834-Jul-31,T, 2.783, 1.820,22:26,+33,23:20,+38,00:17,+40,01:07,+39,01:57,+36,02:54,+29,03:48,+21
-1833-Jan-24,P, 1.436, 0.375,21:20,+45,22:47,+64,-,-,23:56,+79,-,-,01:06,+84,02:33,+66
-1833-Dec-15,N, 0.503,-0.485,18:49,+14,-,-,-,-,20:22,+33,-,-,-,-,21:55,+54
-1832-Jan-14,N, 0.212,-0.795,06:57,+06,-,-,-,-,08:00,-06,-,-,-,-,09:04,-17
-1832-Jun-10,N, 0.644,-0.423,04:29,+12,-,-,-,-,06:27,-12,-,-,-,-,08:24,-37
-1831-May-30,P, 2.036, 0.978,04:11,+16,05:24,+02,-,-,07:07,-20,-,-,08:51,-42,10:04,-58
-1831-Nov-23,T, 2.742, 1.742,23:44,+78,00:42,+78,01:40,+68,02:30,+58,03:19,+47,04:17,+35,05:15,+22
-1829-May-08,N, 0.891,-0.069,22:47,+45,-,-,-,-,00:45,+49,-,-,-,-,02:44,+36
-1829-Oct-03,N, 0.083,-1.019,18:40,+01,-,-,-,-,19:25,+10,-,-,-,-,20:10,+20
-1828-Sep-21,P, 1.373, 0.303,17:23,-18,18:55,+02,-,-,19:58,+15,-,-,21:02,+28,22:33,+45
-1827-Mar-18,T, 2.852, 1.858,22:28,+54,23:27,+64,00:26,+70,01:17,+68,02:08,+61,03:07,+50,04:06,+37
-1827-Sep-11,T, 2.712, 1.701,00:28,+51,01:28,+48,02:28,+41,03:17,+34,04:07,+25,05:07,+13,06:07,+00
-1826-Mar-08,P, 1.445, 0.393,06:44,+03,08:10,-15,-,-,09:21,-29,-,-,10:33,-42,11:58,-52
-1826-Aug-31,P, 1.708, 0.742,14:43,-56,15:46,-43,-,-,17:10,-25,-,-,18:35,-07,19:38,+07
-1825-Jan-26,N, 0.313,-0.775,16:10,-20,-,-,-,-,17:35,-05,-,-,-,-,19:00,+12
-1825-Jul-22,N, 0.478,-0.493,23:13,+35,-,-,-,-,00:44,+38,-,-,-,-,02:15,+32
-1824-Jan-15,P, 1.665, 0.617,17:46,+00,19:02,+15,-,-,20:27,+33,-,-,21:52,+51,23:08,+67
-1823-Jan-04,T, 2.724, 1.730,03:40,+46,04:37,+34,05:36,+22,06:25,+12,07:14,+02,08:12,-09,09:10,-19
-1823-Jun-30,T, 2.581, 1.516,14:02,-66,15:11,-51,16:17,-37,17:06,-27,17:55,-17,19:02,-03,20:11,+10
-1823-Dec-24,P, 1.481, 0.513,19:02,+17,20:10,+31,-,-,21:22,+47,-,-,22:34,+62,23:42,+77
-1822-Jun-19,P, 1.195, 0.129,15:05,-51,16:53,-28,-,-,17:36,-19,-,-,18:19,-10,20:07,+11
-1822-Nov-14,N, 0.428,-0.588,23:07,+70,-,-,-,-,00:36,+78,-,-,-,-,02:05,+63
-1821-Nov-04,P, 1.622, 0.549,05:33,+13,06:55,-05,-,-,08:16,-21,-,-,09:38,-36,11:00,-47
-1820-Apr-28,T, 2.385, 1.434,22:12,+43,23:07,+50,00:07,+53,00:50,+53,01:33,+50,02:34,+42,03:29,+32
-1820-Oct-23,T, 2.876, 1.771,05:53,+07,07:05,-09,08:10,-22,09:02,-33,09:55,-42,11:00,-52,12:12,-57
-1819-Apr-18,P, 1.923, 0.980,15:30,-41,16:27,-29,-,-,18:00,-09,-,-,19:33,+10,20:31,+22
-1819-Oct-12,P, 1.696, 0.610,05:44,+07,07:05,-11,-,-,08:32,-29,-,-,09:59,-45,11:21,-58
-1818-Mar-09,N, 0.333,-0.679,22:23,+53,-,-,-,-,23:43,+67,-,-,-,-,01:04,+71
-1818-Sep-02,N, 0.213,-0.780,00:38,+49,-,-,-,-,01:41,+46,-,-,-,-,02:44,+38
-1817-Feb-27,P, 1.637, 0.570,02:49,+57,04:10,+39,-,-,05:35,+21,-,-,06:59,+03,08:21,-14
-1816-Feb-16,T, 2.825, 1.740,02:44,+60,03:54,+44,04:59,+30,05:52,+19,06:45,+08,07:50,-06,09:00,-19
-1815-Feb-04,P, 1.497, 0.443,05:02,+30,06:25,+12,-,-,07:40,-03,-,-,08:55,-17,10:18,-30
-1815-Jul-31,P, 1.500, 0.487,19:25,+02,20:42,+16,-,-,21:57,+28,-,-,23:12,+36,00:29,+40
-1815-Dec-26,N, 0.494,-0.490,03:36,+46,-,-,-,-,05:08,+27,-,-,-,-,06:40,+08
-1814-Jul-21,N, 0.063,-0.999,03:16,+23,-,-,-,-,03:54,+17,-,-,-,-,04:32,+10
-1814-Dec-15,P, 1.732, 0.762,18:12,+07,19:15,+20,-,-,20:39,+38,-,-,22:04,+56,23:06,+70
-1812-May-29,T, 2.418, 1.411,16:27,-31,17:29,-18,18:34,-05,19:18,+04,20:02,+12,21:07,+24,22:09,+33
-1812-Nov-23,P, 1.444, 0.384,18:09,+06,19:35,+24,-,-,20:44,+39,-,-,21:53,+55,23:19,+73
-1811-Apr-20,N, 0.051,-0.893,00:38,+59,-,-,-,-,01:08,+57,-,-,-,-,01:38,+54
-1811-Oct-14,N, 0.062,-1.042,02:42,+47,-,-,-,-,03:21,+40,-,-,-,-,04:00,+32
-1811-Nov-12,N, 0.148,-0.955,21:48,+54,-,-,-,-,22:48,+66,-,-,-,-,23:47,+76
-1810-Apr-09,P, 1.360, 0.410,16:03,-33,17:14,-18,-,-,18:20,-04,-,-,19:26,+10,20:37,+25
-1810-Oct-03,P, 1.347, 0.277,01:29,+55,03:02,+41,-,-,04:03,+29,-,-,05:04,+16,06:37,-03
-1809-Mar-30,T, 2.734, 1.739,05:54,+09,06:53,-04,07:53,-17,08:44,-27,09:34,-37,10:34,-48,11:33,-57
-1808-Mar-18,P, 1.558, 0.507,13:45,-53,15:06,-41,-,-,16:26,-27,-,-,17:46,-10,19:08,+07
-1808-Sep-10,P, 1.757, 0.790,23:11,+48,00:13,+52,-,-,01:39,+48,-,-,03:05,+37,04:07,+26
-1807-Feb-05,N, 0.245,-0.838,23:47,+75,-,-,-,-,01:02,+83,-,-,-,-,02:17,+69
-1807-Mar-07,N, 0.183,-0.897,16:35,-23,-,-,-,-,17:41,-10,-,-,-,-,18:47,+04
-1807-Aug-31,N, 0.507,-0.459,16:20,-35,-,-,-,-,17:51,-15,-,-,-,-,19:23,+04
-1806-Jan-26,P, 1.616, 0.575,01:46,+74,03:03,+57,-,-,04:25,+39,-,-,05:47,+22,07:03,+06
-1806-Jul-22,P, 1.672, 0.645,17:06,-27,18:20,-12,-,-,19:46,+05,-,-,21:11,+20,22:25,+30
-1805-Jul-11,T, 2.719, 1.650,20:45,+17,21:54,+28,22:59,+35,23:51,+38,00:42,+38,01:47,+35,02:56,+27
-1804-Jan-05,P, 1.500, 0.534,03:48,+44,04:55,+30,-,-,06:09,+15,-,-,07:22,+00,08:29,-12
-1804-Jun-29,P, 1.344, 0.276,21:35,+26,23:10,+37,-,-,00:12,+40,-,-,01:14,+38,02:50,+28
-1804-Dec-24,N, 0.251,-0.737,20:29,+35,-,-,-,-,21:37,+50,-,-,-,-,22:44,+64
-1803-May-20,N, 0.813,-0.179,15:55,-38,-,-,-,-,17:53,-13,-,-,-,-,19:52,+10
-1803-Jun-19,N, 0.024,-0.999,03:53,+18,-,-,-,-,04:15,+14,-,-,-,-,04:38,+10
-1803-Nov-14,P, 1.621, 0.545,13:57,-42,15:19,-30,-,-,16:40,-15,-,-,18:02,+02,19:24,+19
-1802-May-10,T, 2.248, 1.300,05:40,+01,06:36,-11,07:40,-25,08:17,-33,08:55,-41,09:58,-54,10:54,-65
-1802-Nov-03,T, 2.869, 1.762,13:59,-46,15:11,-34,16:16,-22,17:08,-11,18:01,+00,19:06,+14,20:18,+29
-1801-Apr-29,T, 2.053, 1.110,23:00,+50,23:56,+54,01:09,+52,01:33,+50,01:57,+47,03:10,+36,04:06,+26
-1801-Oct-23,P, 1.709, 0.623,13:56,-50,15:17,-37,-,-,16:44,-19,-,-,18:12,-01,19:33,+17
-1800-Mar-20,N, 0.219,-0.794,06:02,+09,-,-,-,-,07:09,-05,-,-,-,-,08:15,-19
-1800-Apr-18,N, 0.644,-0.335,15:16,-44,-,-,-,-,17:02,-22,-,-,-,-,18:48,+00
-1800-Oct-11,N, 0.496,-0.533,20:48,+32,-,-,-,-,22:25,+50,-,-,-,-,00:01,+63
-1799-Sep-01,P, 1.476, 0.516,22:53,+43,00:00,+49,-,-,01:13,+48,-,-,02:25,+41,03:33,+30
-1798-Aug-22,T, 2.748, 1.775,14:34,-59,15:30,-47,16:27,-35,17:17,-25,18:06,-14,19:03,-02,19:59,+09
-1797-Aug-12,P, 1.586, 0.566,03:00,+28,04:15,+16,-,-,05:35,+01,-,-,06:56,-15,08:10,-31
-1796-Feb-04,N, 0.313,-0.681,23:11,+68,-,-,-,-,00:28,+83,-,-,-,-,01:44,+76
-1796-Jul-01,N, 0.351,-0.722,18:03,-14,-,-,-,-,19:32,+04,-,-,-,-,21:02,+20
-1796-Dec-26,P, 1.717, 0.748,03:04,+53,04:06,+40,-,-,05:31,+22,-,-,06:55,+05,07:57,-07
-1795-Jun-20,P, 1.731, 0.674,17:28,-20,18:46,-04,-,-,20:16,+13,-,-,21:47,+27,23:05,+36
-1795-Dec-15,T, 2.749, 1.746,17:20,-03,18:19,+08,19:17,+20,20:07,+31,20:56,+42,21:55,+54,22:53,+67
-1794-Jun-09,T, 2.563, 1.558,23:29,+41,00:30,+41,01:32,+38,02:20,+33,03:08,+26,04:10,+15,05:12,+04
-1794-Dec-05,P, 1.445, 0.383,02:36,+57,04:02,+38,-,-,05:11,+23,-,-,06:21,+09,07:47,-08
-1793-Nov-24,N, 0.151,-0.954,05:59,+11,-,-,-,-,06:59,-01,-,-,-,-,07:59,-13
-1792-Apr-19,P, 1.227, 0.277,23:40,+57,00:56,+57,-,-,01:52,+52,-,-,02:48,+43,04:04,+29
-1791-Apr-09,T, 2.604, 1.608,13:11,-62,14:11,-55,15:12,-44,16:01,-35,16:50,-25,17:51,-12,18:50,+01
-1791-Oct-02,T, 2.654, 1.644,17:23,-15,18:23,-02,19:23,+11,20:11,+22,21:00,+32,22:00,+44,23:00,+54
-1790-Mar-29,P, 1.685, 0.634,20:36,+28,21:54,+44,-,-,23:22,+59,-,-,00:49,+64,02:07,+57
-1789-Feb-17,N, 0.166,-0.912,07:20,+01,-,-,-,-,08:22,-12,-,-,-,-,09:24,-23
-1789-Mar-18,N, 0.300,-0.777,23:08,+60,-,-,-,-,00:31,+69,-,-,-,-,01:55,+62
-1789-Sep-12,N, 0.553,-0.419,00:42,+52,-,-,-,-,02:18,+44,-,-,-,-,03:53,+28
-1788-Aug-02,P, 1.569, 0.535,00:31,+39,01:49,+36,-,-,03:08,+26,-,-,04:28,+14,05:46,-01
-1787-Jan-25,T, 2.794, 1.810,20:34,+34,21:30,+46,22:28,+59,23:18,+70,00:08,+80,01:05,+83,02:02,+72
-1787-Jul-22,T, 2.847, 1.773,03:35,+20,04:44,+08,05:48,-04,06:41,-15,07:34,-25,08:39,-39,09:48,-53
-1786-Jul-11,P, 1.480, 0.412,04:15,+13,05:43,-04,-,-,06:57,-19,-,-,08:11,-34,09:39,-53
-1786-Dec-06,N, 0.419,-0.601,16:39,-11,-,-,-,-,18:07,+06,-,-,-,-,19:36,+24
-1785-Jan-05,N, 0.265,-0.723,05:07,+27,-,-,-,-,06:16,+13,-,-,-,-,07:26,-01
-1785-May-31,N, 0.681,-0.307,23:13,+40,-,-,-,-,01:03,+41,-,-,-,-,02:52,+29
-1785-Nov-25,P, 1.618, 0.540,22:19,+62,23:41,+78,-,-,01:03,+77,-,-,02:25,+60,03:47,+42
-1784-Nov-13,T, 2.865, 1.757,22:07,+57,23:19,+71,00:24,+77,01:16,+71,02:09,+61,03:14,+48,04:26,+32
-1783-Nov-02,P, 1.715, 0.631,22:13,+56,23:34,+70,-,-,01:01,+70,-,-,02:29,+55,03:49,+38
-1782-Apr-29,N, 0.773,-0.209,22:22,+44,-,-,-,-,00:17,+55,-,-,-,-,02:12,+46
-1782-Sep-23,N, 0.156,-0.836,17:39,-13,-,-,-,-,18:33,-01,-,-,-,-,19:27,+10
-1782-Oct-23,N, 0.507,-0.519,05:25,+13,-,-,-,-,07:02,-08,-,-,-,-,08:39,-28
-1781-Mar-20,P, 1.403, 0.338,16:58,-19,18:29,+00,-,-,19:37,+15,-,-,20:45,+29,22:16,+48
-1780-Mar-08,T, 2.764, 1.687,16:50,-19,18:00,-05,19:05,+09,19:57,+20,20:50,+32,21:55,+46,23:05,+60
-1780-Sep-01,T, 2.694, 1.716,22:50,+42,23:46,+47,00:44,+48,01:33,+46,02:22,+41,03:20,+32,04:16,+22
-1779-Feb-25,P, 1.659, 0.618,20:02,+24,21:19,+40,-,-,22:44,+59,-,-,00:09,+74,01:25,+75
-1778-Jan-16,N, 0.447,-0.529,20:55,+39,-,-,-,-,22:23,+58,-,-,-,-,23:50,+77
-1778-Feb-15,N, 0.382,-0.607,07:07,+03,-,-,-,-,08:31,-14,-,-,-,-,09:54,-28
-1778-Jul-13,N, 0.218,-0.857,01:02,+39,-,-,-,-,02:14,+33,-,-,-,-,03:25,+23
-1778-Aug-11,N, 0.260,-0.813,16:52,-31,-,-,-,-,18:09,-15,-,-,-,-,19:26,+01
-1777-Jul-02,P, 1.591, 0.535,00:16,+40,01:38,+36,-,-,03:00,+26,-,-,04:23,+13,05:45,-03
-1777-Dec-27,T, 2.761, 1.757,02:02,+67,03:01,+54,03:59,+42,04:49,+31,05:39,+21,06:37,+09,07:36,-02
-1775-Jun-09,P, 1.312, 0.358,20:41,+19,21:54,+30,-,-,22:57,+37,-,-,00:00,+40,01:13,+39
-1775-Nov-04,N, 0.044,-1.063,18:59,+12,-,-,-,-,19:31,+19,-,-,-,-,20:04,+26
-1774-Oct-24,P, 1.327, 0.258,18:05,-01,19:38,+19,-,-,20:37,+32,-,-,21:35,+45,23:09,+62
-1773-Apr-20,T, 2.468, 1.470,20:24,+24,21:25,+35,22:28,+46,23:13,+52,23:59,+56,01:02,+56,02:03,+50
-1773-Oct-14,T, 2.639, 1.630,02:02,+54,03:01,+43,04:01,+31,04:49,+21,05:38,+10,06:37,-02,07:37,-15
-1772-Apr-09,P, 1.823, 0.770,03:19,+39,04:35,+23,-,-,06:10,+03,-,-,07:44,-18,09:00,-34
-1772-Oct-02,P, 1.819, 0.849,16:32,-26,17:33,-12,-,-,19:01,+07,-,-,20:29,+26,21:30,+38
-1771-Mar-29,N, 0.433,-0.641,05:33,+13,-,-,-,-,07:12,-08,-,-,-,-,08:51,-29
-1771-Aug-23,N, 0.229,-0.759,23:29,+42,-,-,-,-,00:34,+44,-,-,-,-,01:39,+42
-1770-Feb-16,P, 1.483, 0.455,17:27,-08,18:46,+07,-,-,20:00,+23,-,-,21:14,+39,22:33,+56
-1769-Feb-06,T, 2.846, 1.868,04:49,+32,05:46,+20,06:43,+08,07:33,-02,08:23,-12,09:20,-22,10:17,-31
-1768-Jan-26,P, 1.569, 0.609,20:59,+40,22:04,+54,-,-,23:22,+70,-,-,00:39,+84,01:44,+76
-1768-Dec-17,N, 0.408,-0.614,01:20,+76,-,-,-,-,02:48,+57,-,-,-,-,04:15,+39
-1767-Jul-10,N, 0.290,-0.730,17:14,-25,-,-,-,-,18:31,-09,-,-,-,-,19:47,+06
-1767-Dec-06,P, 1.613, 0.533,06:38,+04,08:01,-12,-,-,09:23,-26,-,-,10:44,-37,12:07,-42
-1766-May-31,T, 1.974, 1.029,20:40,+21,21:37,+30,22:59,+39,23:12,+40,23:25,+41,00:47,+42,01:44,+39
-1766-Nov-25,T, 2.861, 1.753,06:16,+06,07:28,-08,08:33,-20,09:25,-29,10:18,-37,11:23,-43,12:35,-46
-1765-May-21,T, 2.326, 1.382,13:54,-64,14:48,-53,15:50,-40,16:31,-31,17:12,-23,18:13,-10,19:08,+01
-1765-Nov-14,P, 1.718, 0.636,06:33,+01,07:54,-16,-,-,09:21,-32,-,-,10:49,-44,12:09,-49
-1764-May-10,N, 0.905,-0.079,05:26,+05,-,-,-,-,07:29,-21,-,-,-,-,09:32,-47
-1764-Oct-04,N, 0.144,-0.849,02:19,+50,-,-,-,-,03:11,+41,-,-,-,-,04:02,+30
-1763-Mar-30,P, 1.267, 0.203,23:51,+63,01:30,+61,-,-,02:24,+53,-,-,03:18,+43,04:58,+22
-1763-Sep-23,P, 1.406, 0.440,16:05,-33,17:15,-18,-,-,18:23,-04,-,-,19:31,+11,20:41,+25
-1762-Mar-19,T, 2.639, 1.567,23:42,+66,00:52,+69,01:58,+62,02:48,+53,03:39,+42,04:45,+28,05:54,+13
-1761-Mar-09,P, 1.759, 0.725,03:22,+48,04:35,+32,-,-,06:05,+13,-,-,07:35,-06,08:49,-21
-1761-Sep-02,P, 1.720, 0.686,18:35,-05,19:48,+10,-,-,21:15,+26,-,-,22:42,+40,23:55,+47
-1760-Jan-28,N, 0.406,-0.565,05:26,+24,-,-,-,-,06:49,+07,-,-,-,-,08:13,-09
-1760-Aug-22,N, 0.341,-0.739,00:00,+43,-,-,-,-,01:28,+42,-,-,-,-,02:56,+32
-1759-Jan-16,P, 1.659, 0.693,20:30,+34,21:33,+48,-,-,22:55,+65,-,-,00:17,+82,01:20,+81
-1758-Jul-01,T, 2.832, 1.831,13:50,-68,14:50,-56,15:50,-43,16:41,-32,17:33,-22,18:32,-10,19:32,+02
-1758-Dec-26,P, 1.461, 0.397,19:16,+21,20:42,+39,-,-,21:52,+54,-,-,23:04,+70,00:29,+87
-1757-Jun-21,P, 1.445, 0.492,04:07,+13,05:15,+01,-,-,06:27,-14,-,-,07:39,-28,08:48,-43
-1757-Nov-16,N, 0.040,-1.066,03:09,+48,-,-,-,-,03:41,+41,-,-,-,-,04:12,+34
-1757-Dec-15,N, 0.166,-0.937,22:08,+59,-,-,-,-,23:11,+73,-,-,-,-,00:14,+86
-1756-Jun-09,N, 0.141,-0.801,22:45,+36,-,-,-,-,23:35,+39,-,-,-,-,00:24,+40
-1756-Nov-04,P, 1.327, 0.260,02:31,+53,04:04,+34,-,-,05:02,+21,-,-,06:01,+08,07:34,-11
-1755-May-01,T, 2.323, 1.322,03:30,+31,04:31,+18,05:38,+05,06:18,-04,06:59,-13,08:05,-27,09:07,-40
-1754-Oct-14,P, 1.836, 0.864,01:22,+60,02:23,+51,-,-,03:52,+33,-,-,05:21,+15,06:21,+02
-1753-Oct-03,N, 0.606,-0.374,17:54,-07,-,-,-,-,19:34,+15,-,-,-,-,21:14,+36
-1752-Feb-28,P, 1.398, 0.377,01:08,+77,02:30,+62,-,-,03:38,+48,-,-,04:45,+33,06:07,+15
-1752-Aug-23,P, 1.403, 0.356,15:43,-45,17:09,-26,-,-,18:17,-12,-,-,19:24,+02,20:50,+19
-1751-Feb-16,T, 2.775, 1.802,12:58,-46,13:54,-43,14:52,-37,15:41,-30,16:31,-21,17:28,-11,18:24,+00
-1751-Aug-12,T, 2.737, 1.654,17:41,-19,18:51,-05,19:56,+08,20:48,+18,21:40,+27,22:45,+36,23:55,+42
-1750-Feb-06,P, 1.623, 0.666,05:21,+25,06:25,+11,-,-,07:45,-05,-,-,09:06,-20,10:09,-31
-1750-Aug-01,P, 1.721, 0.650,18:02,-15,19:23,+02,-,-,20:52,+18,-,-,22:21,+32,23:42,+40
-1749-Jan-26,N, 0.321,-0.667,21:58,+52,-,-,-,-,23:14,+69,-,-,-,-,00:30,+83
-1749-Jul-22,N, 0.409,-0.610,00:22,+40,-,-,-,-,01:51,+36,-,-,-,-,03:21,+25
-1749-Dec-17,P, 1.600, 0.519,14:53,-29,16:17,-15,-,-,17:37,-01,-,-,18:58,+16,20:22,+33
-1748-Jun-11,P, 1.842, 0.897,04:14,+13,05:13,+02,-,-,06:43,-16,-,-,08:14,-35,09:13,-47
-1748-Dec-05,T, 2.852, 1.746,14:22,-34,15:34,-24,16:39,-12,17:31,-02,18:24,+08,19:29,+22,20:41,+37
-1747-May-31,T, 2.465, 1.518,21:20,+28,22:14,+35,23:13,+41,23:58,+43,00:44,+43,01:43,+39,02:37,+33
-1747-Nov-24,P, 1.720, 0.641,14:55,-32,16:15,-18,-,-,17:42,-01,-,-,19:10,+17,20:30,+34
-1746-Nov-13,N, 0.517,-0.505,22:50,+65,-,-,-,-,00:28,+76,-,-,-,-,02:05,+62
-1745-Oct-05,P, 1.387, 0.419,00:52,+60,02:03,+52,-,-,03:10,+41,-,-,04:16,+27,05:27,+13
-1744-Mar-30,T, 2.502, 1.434,06:27,+01,07:37,-14,08:45,-28,09:31,-38,10:18,-46,11:26,-57,12:36,-62
-1744-Sep-23,T, 2.623, 1.635,15:44,-38,16:41,-26,17:40,-13,18:28,-03,19:16,+07,20:14,+20,21:12,+31
-1743-Sep-13,P, 1.767, 0.726,02:34,+40,03:47,+28,-,-,05:16,+10,-,-,06:46,-09,07:59,-24
-1742-Mar-08,N, 0.557,-0.420,22:36,+56,-,-,-,-,00:14,+73,-,-,-,-,01:52,+68
-1741-Jan-28,P, 1.614, 0.651,05:03,+29,06:07,+16,-,-,07:27,-01,-,-,08:47,-16,09:51,-26
-1741-Jul-23,P, 1.348, 0.291,14:19,-63,15:50,-44,-,-,16:53,-31,-,-,17:56,-18,19:28,+01
-1740-Jan-17,T, 2.815, 1.811,19:01,+15,20:00,+27,20:59,+40,21:49,+51,22:40,+62,23:39,+74,00:38,+86
-1740-Jul-11,T, 2.764, 1.763,21:13,+22,22:12,+30,23:12,+36,00:03,+38,00:54,+38,01:54,+34,02:53,+28
-1739-Jan-06,P, 1.483, 0.418,03:24,+50,04:49,+32,-,-,06:02,+17,-,-,07:15,+02,08:40,-13
-1739-Dec-26,N, 0.185,-0.917,06:03,+15,-,-,-,-,07:09,+02,-,-,-,-,08:15,-10
-1738-May-22,N, 0.811,-0.144,22:18,+39,-,-,-,-,00:11,+47,-,-,-,-,02:05,+40
-1737-Nov-04,T, 2.631, 1.625,19:36,+22,20:35,+35,21:34,+48,22:22,+58,23:10,+67,00:10,+74,01:09,+71
-1736-Apr-30,T, 2.124, 1.070,16:29,-29,17:40,-14,19:05,+04,19:26,+09,19:47,+13,21:12,+29,22:23,+41
-1735-Apr-19,N, 0.725,-0.343,18:14,-05,-,-,-,-,20:18,+21,-,-,-,-,22:22,+44
-1735-Oct-14,N, 0.617,-0.367,02:40,+47,-,-,-,-,04:21,+27,-,-,-,-,06:02,+05
-1734-Sep-03,P, 1.341, 0.287,23:31,+46,01:02,+48,-,-,02:03,+43,-,-,03:04,+34,04:35,+19
-1733-Feb-27,T, 2.691, 1.723,21:00,+37,21:55,+48,22:52,+60,23:42,+70,00:31,+76,01:28,+73,02:24,+64
-1733-Aug-24,T, 2.653, 1.565,00:56,+44,02:07,+39,03:13,+30,04:04,+21,04:54,+12,06:00,-01,07:11,-16
-1732-Feb-17,P, 1.688, 0.734,13:36,-45,14:38,-39,-,-,16:01,-27,-,-,17:25,-11,18:27,+01
-1732-Aug-12,P, 1.823, 0.750,01:12,+41,02:30,+34,-,-,04:04,+19,-,-,05:38,+02,06:56,-14
-1731-Jan-07,N, 0.357,-0.666,18:25,+08,-,-,-,-,19:48,+25,-,-,-,-,21:11,+43
-1731-Feb-06,N, 0.367,-0.620,06:08,+15,-,-,-,-,07:29,-02,-,-,-,-,08:50,-18
-1731-Jul-02,N, 0.315,-0.668,21:38,+24,-,-,-,-,22:55,+33,-,-,-,-,00:11,+37
-1731-Dec-27,P, 1.580, 0.499,23:02,+71,00:27,+87,-,-,01:46,+73,-,-,03:06,+55,04:31,+37
-1730-Dec-16,T, 2.838, 1.734,22:25,+63,23:37,+79,00:42,+84,01:34,+74,02:26,+62,03:32,+48,04:44,+33
-1729-Jun-12,T, 2.599, 1.650,04:48,+06,05:42,-04,06:40,-16,07:28,-26,08:16,-36,09:14,-48,10:08,-59
-1729-Dec-05,P, 1.723, 0.648,23:17,+74,00:36,+82,-,-,02:03,+65,-,-,03:31,+46,04:50,+29
-1728-May-31,P, 1.178, 0.186,19:28,+07,20:57,+23,-,-,21:45,+31,-,-,22:33,+37,00:02,+44
-1728-Oct-25,N, 0.142,-0.849,19:54,+25,-,-,-,-,20:46,+36,-,-,-,-,21:37,+47
-1726-Apr-10,T, 2.357, 1.293,13:07,-63,14:18,-54,15:29,-41,16:10,-33,16:50,-24,18:02,-09,19:13,+06
-1726-Oct-05,T, 2.604, 1.611,00:21,+61,01:19,+58,02:18,+50,03:05,+41,03:53,+32,04:52,+20,05:49,+08
-1725-Mar-30,P, 1.993, 0.971,17:42,-10,18:50,+04,-,-,20:30,+25,-,-,22:09,+46,23:17,+58
-1724-Feb-18,N, 0.287,-0.674,22:10,+52,-,-,-,-,23:20,+67,-,-,-,-,00:30,+77
-1724-Mar-19,N, 0.661,-0.311,06:10,+09,-,-,-,-,07:56,-14,-,-,-,-,09:41,-34
-1723-Aug-02,P, 1.247, 0.189,21:34,+26,23:13,+38,-,-,00:04,+41,-,-,00:56,+41,02:34,+33
-1722-Jan-28,T, 2.860, 1.856,03:17,+53,04:16,+40,05:15,+27,06:06,+17,06:56,+06,07:55,-05,08:54,-16
-1722-Jul-23,T, 2.655, 1.655,04:45,+08,05:44,-04,06:45,-16,07:34,-26,08:24,-36,09:24,-49,10:23,-61
-1721-Jul-12,P, 1.688, 0.734,19:20,+01,20:22,+12,-,-,21:46,+25,-,-,23:11,+35,00:13,+38
-1721-Dec-07,N, 0.029,-1.073,19:32,+23,-,-,-,-,19:58,+28,-,-,-,-,20:25,+34
-1720-Nov-25,P, 1.329, 0.269,19:28,+23,21:00,+42,-,-,21:59,+55,-,-,22:58,+68,00:29,+81
-1719-May-22,T, 2.028, 1.020,17:34,-16,18:40,-03,20:09,+15,20:20,+17,20:31,+19,22:00,+34,23:05,+42
-1719-Nov-15,T, 2.633, 1.629,04:28,+29,05:27,+16,06:26,+04,07:14,-06,08:02,-16,09:01,-26,10:00,-36
-1718-May-11,T, 2.284, 1.228,22:57,+45,00:07,+49,01:21,+46,01:58,+42,02:34,+37,03:48,+25,04:58,+11
-1718-Nov-04,P, 1.846, 0.874,19:18,+19,20:18,+32,-,-,21:47,+51,-,-,23:16,+68,00:17,+75
-1717-May-01,N, 0.881,-0.185,00:31,+53,-,-,-,-,02:45,+38,-,-,-,-,04:59,+13
-1717-Sep-26,N, 0.088,-0.918,00:48,+56,-,-,-,-,01:30,+53,-,-,-,-,02:11,+48
-1716-Mar-20,P, 1.192, 0.184,16:11,-29,17:42,-11,-,-,18:30,+00,-,-,19:19,+10,20:50,+30
-1715-Mar-10,T, 2.594, 1.631,04:53,+27,05:49,+15,06:47,+03,07:35,-08,08:22,-17,09:20,-29,10:16,-39
-1714-Feb-27,P, 1.767, 0.815,21:41,+46,22:42,+58,-,-,00:09,+74,-,-,01:36,+72,02:36,+61
-1713-Jan-19,N, 0.314,-0.709,02:47,+61,-,-,-,-,04:05,+44,-,-,-,-,05:24,+27
-1712-Jan-08,P, 1.547, 0.466,07:03,+03,08:29,-13,-,-,09:47,-25,-,-,11:04,-35,12:30,-39
-1712-Jul-02,P, 1.596, 0.650,19:34,+04,20:37,+15,-,-,21:57,+27,-,-,23:17,+35,00:20,+38
-1712-Dec-27,T, 2.815, 1.713,06:22,+10,07:34,-04,08:39,-16,09:31,-24,10:23,-31,11:29,-38,12:40,-40
-1710-Jun-12,P, 1.313, 0.317,02:29,+31,03:51,+18,-,-,04:53,+07,-,-,05:55,-05,07:16,-22
-1710-Nov-06,N, 0.149,-0.841,04:48,+24,-,-,-,-,05:40,+13,-,-,-,-,06:32,+02
-1710-Dec-05,N, 0.523,-0.493,16:22,-16,-,-,-,-,17:59,+03,-,-,-,-,19:37,+23
-1709-May-02,N, 0.813,-0.252,19:56,+15,-,-,-,-,22:05,+39,-,-,-,-,00:15,+51
-1709-Oct-26,P, 1.372, 0.401,18:41,+09,19:53,+24,-,-,20:58,+38,-,-,22:03,+52,23:15,+65
-1708-Apr-20,T, 2.205, 1.144,19:43,+15,20:55,+29,22:14,+43,22:43,+48,23:13,+52,00:32,+56,01:43,+51
-1707-Apr-10,T, 2.125, 1.108,00:45,+61,01:51,+55,03:09,+42,03:34,+37,03:59,+32,05:17,+16,06:23,+01
-1707-Oct-04,P, 1.825, 0.773,18:53,+06,20:07,+21,-,-,21:39,+40,-,-,23:11,+56,00:24,+61
-1706-Mar-01,N, 0.211,-0.745,06:24,+08,-,-,-,-,07:24,-05,-,-,-,-,08:25,-17
-1706-Sep-23,N, 0.502,-0.592,22:32,+46,-,-,-,-,00:18,+56,-,-,-,-,02:04,+49
-1705-Feb-18,P, 1.484, 0.524,21:42,+47,22:49,+61,-,-,00:02,+75,-,-,01:16,+77,02:23,+65
-1705-Aug-14,P, 1.160, 0.102,05:00,+08,06:48,-13,-,-,07:26,-21,-,-,08:03,-29,09:51,-52
-1703-Jan-27,P, 1.564, 0.500,19:11,+16,20:34,+33,-,-,21:53,+50,-,-,23:12,+68,00:34,+84
-1703-Jul-23,P, 1.794, 0.839,03:08,+24,04:08,+15,-,-,05:37,-02,-,-,07:05,-19,08:05,-31
-1703-Dec-18,N, 0.015,-1.084,03:42,+45,-,-,-,-,04:02,+41,-,-,-,-,04:21,+36
-1702-Jan-16,N, 0.252,-0.845,21:27,+47,-,-,-,-,22:44,+63,-,-,-,-,00:01,+80
-1702-Jul-12,N, 0.491,-0.460,21:02,+19,-,-,-,-,22:32,+31,-,-,-,-,00:02,+37
-1702-Dec-07,P, 1.328, 0.272,03:57,+39,05:27,+20,-,-,06:27,+07,-,-,07:26,-04,08:57,-21
-1701-Jun-03,P, 1.880, 0.868,00:34,+44,01:42,+39,-,-,03:18,+26,-,-,04:53,+08,06:01,-05
-1701-Nov-26,T, 2.633, 1.632,13:20,-44,14:18,-37,15:17,-28,16:05,-20,16:53,-11,17:52,+01,18:50,+13
-1700-May-22,T, 2.446, 1.388,05:24,+02,06:33,-13,07:42,-27,08:27,-37,09:12,-47,10:20,-61,11:29,-75
-1700-Nov-15,P, 1.846, 0.874,04:19,+31,05:19,+18,-,-,06:48,-01,-,-,08:17,-18,09:18,-29
-1699-Nov-04,N, 0.620,-0.370,20:24,+34,-,-,-,-,22:06,+56,-,-,-,-,23:47,+74
-1698-Mar-31,P, 1.074, 0.072,23:35,+62,01:18,+63,-,-,01:48,+60,-,-,02:19,+55,04:02,+35
-1698-Sep-25,P, 1.251, 0.186,15:27,-42,17:06,-21,-,-,17:56,-10,-,-,18:47,+01,20:26,+22
-1697-Sep-14,T, 2.528, 1.432,15:56,-38,17:08,-22,18:17,-08,19:03,+03,19:50,+12,20:58,+26,22:11,+40
-1696-Mar-10,P, 1.858, 0.908,05:38,+17,06:37,+04,-,-,08:08,-15,-,-,09:38,-33,10:37,-43
-1696-Sep-02,P, 1.981, 0.906,16:06,-37,17:20,-21,-,-,19:01,+00,-,-,20:41,+21,21:56,+34
-1695-Feb-27,N, 0.499,-0.487,21:56,+48,-,-,-,-,23:30,+67,-,-,-,-,01:04,+74
-1695-Aug-22,N, 0.690,-0.328,22:59,+41,-,-,-,-,00:52,+46,-,-,-,-,02:44,+36
-1694-Jan-18,P, 1.502, 0.423,14:56,-30,16:24,-17,-,-,17:38,-03,-,-,18:53,+11,20:21,+30
-1694-Jul-14,P, 1.486, 0.539,03:23,+21,04:29,+10,-,-,05:43,-04,-,-,06:57,-18,08:03,-31
-1693-Jan-07,T, 2.783, 1.684,14:14,-34,15:26,-25,16:31,-14,17:23,-05,18:15,+05,19:20,+18,20:32,+33
-1693-Jul-03,T, 2.817, 1.860,19:53,+08,20:48,+18,21:45,+26,22:35,+32,23:25,+37,00:22,+39,01:16,+37
-1693-Dec-27,P, 1.748, 0.682,15:49,-21,17:06,-07,-,-,18:35,+10,-,-,20:04,+29,21:22,+45
-1692-Dec-16,N, 0.531,-0.479,01:04,+79,-,-,-,-,02:42,+58,-,-,-,-,04:19,+37
-1691-May-13,N, 0.653,-0.412,02:33,+36,-,-,-,-,04:31,+15,-,-,-,-,06:29,-09
-1691-Nov-06,P, 1.371, 0.399,03:40,+38,04:52,+23,-,-,05:57,+09,-,-,07:02,-05,08:14,-19
-1690-May-02,P, 2.051, 0.993,02:19,+42,03:32,+29,-,-,05:16,+09,-,-,07:00,-13,08:13,-29
-1690-Oct-26,T, 2.591, 1.589,17:49,-03,18:47,+10,19:47,+23,20:34,+33,21:22,+43,22:21,+55,23:20,+65
-1689-Oct-16,P, 1.839, 0.782,03:12,+41,04:25,+25,-,-,05:58,+06,-,-,07:31,-14,08:45,-29
-1688-Apr-09,N, 0.898,-0.064,21:05,+33,-,-,-,-,23:03,+54,-,-,-,-,01:02,+61
-1687-Mar-01,P, 1.398, 0.440,05:48,+16,06:58,+01,-,-,08:06,-13,-,-,09:15,-26,10:24,-38
-1686-Feb-18,T, 2.729, 1.724,19:20,+15,20:20,+28,21:19,+41,22:10,+52,23:00,+62,23:59,+74,00:59,+79
-1686-Aug-13,T, 2.476, 1.477,20:17,+14,21:17,+24,22:19,+33,23:04,+39,23:49,+42,00:51,+43,01:51,+40
-1685-Feb-08,P, 1.625, 0.562,02:49,+60,04:10,+42,-,-,05:33,+24,-,-,06:56,+07,08:17,-10
-1684-Jan-28,N, 0.303,-0.791,04:55,+32,-,-,-,-,06:19,+15,-,-,-,-,07:43,-02
-1684-Jun-23,N, 0.403,-0.563,21:01,+21,-,-,-,-,22:25,+33,-,-,-,-,23:49,+40
-1684-Jul-23,N, 0.592,-0.363,04:42,+08,-,-,-,-,06:20,-11,-,-,-,-,07:58,-30
-1683-Dec-06,T, 2.631, 1.634,22:11,+60,23:09,+73,00:08,+83,00:56,+80,01:44,+71,02:43,+58,03:41,+45
-1682-Nov-26,P, 1.846, 0.874,13:19,-43,14:20,-36,-,-,15:49,-22,-,-,17:18,-06,18:19,+06
-1681-Oct-17,N, 0.045,-0.971,18:09,-03,-,-,-,-,18:38,+04,-,-,-,-,19:09,+10
-1681-Nov-16,N, 0.615,-0.377,05:19,+18,-,-,-,-,07:00,-03,-,-,-,-,08:42,-23
-1680-Oct-05,P, 1.223, 0.152,23:33,+59,01:16,+58,-,-,02:02,+53,-,-,02:48,+45,04:31,+25
-1679-Mar-31,T, 2.369, 1.416,20:23,+25,21:18,+37,22:19,+49,23:02,+56,23:44,+61,00:45,+64,01:40,+60
-1679-Sep-24,T, 2.485, 1.386,23:39,+55,00:52,+56,02:01,+50,02:46,+43,03:31,+35,04:41,+21,05:53,+05
-1678-Sep-13,P, 2.037, 0.961,23:49,+52,01:03,+52,-,-,02:45,+40,-,-,04:27,+22,05:41,+07
-1677-Feb-09,N, 0.190,-0.833,19:09,+13,-,-,-,-,20:11,+26,-,-,-,-,21:13,+39
-1677-Mar-11,N, 0.584,-0.402,05:35,+17,-,-,-,-,07:16,-05,-,-,-,-,08:57,-26
-1677-Aug-04,N, 0.038,-0.944,21:27,+23,-,-,-,-,21:54,+27,-,-,-,-,22:20,+30
-1676-Jan-29,P, 1.443, 0.364,22:39,+62,00:10,+81,-,-,01:20,+81,-,-,02:30,+66,04:00,+46
-1675-Jan-17,T, 2.735, 1.640,21:56,+54,23:07,+69,00:13,+83,01:05,+83,01:56,+73,03:02,+58,04:13,+43
-1675-Jul-14,T, 2.705, 1.744,03:33,+19,04:28,+10,05:25,+00,06:15,-10,07:04,-20,08:02,-31,08:56,-43
-1674-Jan-06,P, 1.775, 0.714,23:57,+82,01:13,+80,-,-,02:43,+60,-,-,04:14,+41,05:30,+25
-1674-Jul-03,P, 1.572, 0.565,16:40,-31,17:54,-16,-,-,19:14,+00,-,-,20:34,+15,21:48,+26
-1674-Nov-27,N, 0.163,-0.823,22:38,+66,-,-,-,-,23:32,+77,-,-,-,-,00:26,+83
-1673-Jun-23,N, 0.108,-0.949,00:27,+41,-,-,-,-,01:16,+39,-,-,-,-,02:06,+34
-1672-Nov-06,T, 2.594, 1.589,02:38,+52,03:37,+39,04:36,+27,05:24,+16,06:11,+06,07:11,-06,08:10,-18
-1671-May-01,T, 2.404, 1.398,14:46,-51,15:48,-39,16:53,-25,17:37,-16,18:20,-06,19:25,+07,20:27,+20
-1670-Mar-22,N, 0.023,-0.926,22:49,+55,-,-,-,-,23:09,+58,-,-,-,-,23:29,+61
-1670-Apr-21,P, 1.027, 0.069,04:27,+22,06:03,+02,-,-,06:32,-04,-,-,07:00,-10,08:36,-31
-1669-Sep-04,N, 1.031,-0.028,20:22,+19,-,-,-,-,22:41,+43,-,-,-,-,00:59,+50
-1668-Mar-01,T, 2.644, 1.640,03:07,+52,04:07,+39,05:08,+26,05:57,+15,06:46,+05,07:47,-08,08:47,-20
-1668-Aug-24,T, 2.407, 1.408,04:17,+18,05:17,+06,06:20,-07,07:03,-15,07:46,-24,08:49,-38,09:49,-50
-1667-Aug-13,T, 1.973, 1.015,19:07,-01,20:05,+10,21:30,+25,21:39,+27,21:49,+28,23:13,+39,00:12,+42
-1666-Jul-05,N, 0.281,-0.690,04:45,+08,-,-,-,-,05:56,-06,-,-,-,-,07:07,-20
-1666-Dec-28,P, 1.308, 0.261,20:45,+39,22:15,+59,-,-,23:13,+71,-,-,00:11,+83,01:41,+75
-1665-Jun-24,P, 1.593, 0.571,14:37,-58,15:53,-42,-,-,17:14,-25,-,-,18:36,-08,19:52,+07
-1665-Dec-18,T, 2.623, 1.630,06:59,+01,07:57,-10,08:56,-20,09:43,-28,10:31,-34,11:30,-39,12:28,-41
-1664-Jun-12,T, 2.768, 1.704,18:19,-09,19:27,+05,20:32,+17,21:25,+25,22:17,+32,23:22,+38,00:30,+40
-1664-Dec-06,P, 1.848, 0.877,22:19,+62,23:19,+75,-,-,00:48,+82,-,-,02:17,+64,03:18,+51
-1663-Jun-01,P, 1.369, 0.307,19:23,+05,20:56,+22,-,-,22:01,+32,-,-,23:06,+39,00:39,+42
-1663-Oct-28,N, 0.034,-0.986,02:53,+48,-,-,-,-,03:19,+43,-,-,-,-,03:46,+37
-1662-May-22,N, 0.033,-0.985,01:58,+38,-,-,-,-,02:25,+34,-,-,-,-,02:51,+31
-1661-Apr-12,T, 2.244, 1.294,04:01,+30,04:56,+18,06:00,+05,06:37,-03,07:15,-12,08:19,-25,09:14,-37
-1660-Mar-31,T, 2.074, 1.127,21:10,+35,22:07,+46,23:18,+58,23:44,+61,00:09,+63,01:21,+61,02:17,+54
-1659-Feb-20,N, 0.107,-0.916,03:11,+55,-,-,-,-,03:58,+45,-,-,-,-,04:45,+34
-1659-Sep-13,N, 0.810,-0.208,15:04,-49,-,-,-,-,17:03,-23,-,-,-,-,19:02,+03
-1658-Feb-09,P, 1.371, 0.293,06:13,+14,07:48,-05,-,-,08:51,-17,-,-,09:55,-28,11:29,-40
-1658-Aug-04,P, 1.297, 0.345,19:22,+01,20:34,+14,-,-,21:35,+24,-,-,22:36,+33,23:49,+39
-1657-Jan-29,T, 2.676, 1.586,05:32,+23,06:43,+08,07:49,-05,08:39,-14,09:30,-23,10:36,-33,11:47,-40
-1656-Jul-13,P, 1.692, 0.678,23:51,+39,01:03,+38,-,-,02:29,+31,-,-,03:56,+18,05:08,+05
-1655-Jan-06,N, 0.571,-0.429,18:13,+05,-,-,-,-,19:53,+26,-,-,-,-,21:33,+47
-1655-Nov-27,P, 1.374, 0.400,21:41,+54,22:53,+69,-,-,23:58,+81,-,-,01:03,+78,02:15,+63
-1654-May-23,P, 1.734, 0.682,15:29,-44,16:46,-28,-,-,18:17,-09,-,-,19:48,+10,21:06,+24
-1653-May-12,T, 2.549, 1.547,21:46,+36,22:47,+44,23:49,+48,00:37,+49,01:25,+46,02:27,+39,03:28,+29
-1653-Nov-06,P, 1.847, 0.781,19:59,+28,21:14,+44,-,-,22:47,+63,-,-,00:20,+74,01:35,+67
-1652-Oct-25,N, 0.563,-0.542,22:21,+55,-,-,-,-,00:13,+69,-,-,-,-,02:05,+58
-1651-Mar-22,P, 1.194, 0.238,21:39,+42,22:58,+57,-,-,23:50,+64,-,-,00:42,+67,02:01,+60
-1651-Sep-15,N, 0.990,-0.070,04:19,+22,-,-,-,-,06:35,-06,-,-,-,-,08:51,-35
-1649-Mar-01,P, 1.791, 0.730,17:30,-10,18:47,+06,-,-,20:19,+26,-,-,21:52,+46,23:09,+62
-1649-Aug-25,T, 2.043, 1.083,03:20,+28,04:18,+18,05:32,+04,05:53,-01,06:14,-05,07:29,-20,08:27,-32
-1648-Feb-18,N, 0.449,-0.637,19:17,+14,-,-,-,-,20:58,+36,-,-,-,-,22:38,+58
-1648-Aug-13,N, 0.761,-0.203,20:28,+15,-,-,-,-,22:18,+32,-,-,-,-,00:08,+42
-1647-Jan-08,P, 1.285, 0.244,05:03,+28,06:33,+09,-,-,07:29,-02,-,-,08:25,-12,09:56,-27
-1647-Jul-04,P, 1.459, 0.432,21:43,+27,23:04,+36,-,-,00:17,+39,-,-,01:30,+37,02:51,+28
-1647-Dec-28,T, 2.608, 1.619,15:43,-21,16:40,-12,17:39,-01,18:27,+08,19:14,+18,20:13,+30,21:10,+42
-1646-Jun-24,T, 2.862, 1.795,00:51,+39,02:00,+33,03:04,+25,03:58,+16,04:51,+07,05:55,-06,07:04,-20
-1645-Jun-13,P, 1.528, 0.467,01:47,+35,03:12,+24,-,-,04:31,+10,-,-,05:49,-05,07:14,-22
-1645-Dec-07,N, 0.607,-0.389,23:05,+73,-,-,-,-,00:46,+82,-,-,-,-,02:28,+61
-1644-May-02,N, 0.686,-0.301,21:33,+35,-,-,-,-,23:23,+50,-,-,-,-,01:13,+51
-1644-Oct-27,P, 1.193, 0.113,16:01,-27,17:50,-04,-,-,18:30,+05,-,-,19:10,+13,20:58,+37
-1643-Oct-16,T, 2.433, 1.328,15:27,-36,16:40,-21,17:51,-06,18:34,+04,19:16,+13,20:27,+28,21:41,+44
-1642-Apr-12,T, 2.195, 1.249,04:47,+19,05:43,+08,06:48,-07,07:23,-14,07:57,-22,09:03,-35,09:58,-47
-1642-Oct-05,T, 2.112, 1.035,15:45,-35,16:58,-19,18:27,+00,18:42,+03,18:57,+07,20:26,+26,21:38,+41
-1641-Apr-01,N, 0.791,-0.196,20:24,+25,-,-,-,-,22:20,+48,-,-,-,-,00:16,+62
-1641-Sep-24,N, 0.851,-0.167,23:22,+55,-,-,-,-,01:23,+55,-,-,-,-,03:24,+37
-1640-Feb-20,P, 1.281, 0.205,13:36,-45,15:16,-34,-,-,16:10,-25,-,-,17:04,-15,18:45,+05
-1640-Aug-15,P, 1.220, 0.266,03:32,+24,04:49,+11,-,-,05:43,+00,-,-,06:37,-10,07:54,-26
-1639-Feb-08,T, 2.601, 1.515,12:56,-44,14:07,-40,15:14,-32,16:03,-24,16:52,-16,17:59,-03,19:10,+11
-1639-Aug-04,T, 2.512, 1.540,19:11,-01,20:07,+10,21:06,+21,21:53,+28,22:39,+34,23:38,+40,00:35,+41
-1638-Jan-28,P, 1.861, 0.813,15:52,-23,17:05,-11,-,-,18:39,+08,-,-,20:14,+27,21:26,+43
-1638-Dec-19,N, 0.163,-0.817,16:24,-14,-,-,-,-,17:18,-04,-,-,-,-,18:12,+06
-1637-Jan-18,N, 0.605,-0.390,02:38,+61,-,-,-,-,04:20,+39,-,-,-,-,06:02,+17
-1637-Jun-14,N, 0.180,-0.890,22:39,+34,-,-,-,-,23:44,+39,-,-,-,-,00:49,+39
-1637-Dec-09,P, 1.372, 0.399,06:40,+04,07:52,-10,-,-,08:57,-21,-,-,10:02,-31,11:14,-38
-1636-Jun-02,P, 1.578, 0.527,22:07,+33,23:28,+41,-,-,00:50,+41,-,-,02:12,+34,03:33,+23
-1636-Nov-27,T, 2.601, 1.591,20:15,+34,21:15,+47,22:15,+60,23:02,+70,23:50,+79,00:50,+80,01:50,+69
-1635-May-23,T, 2.695, 1.696,04:47,+09,05:47,-03,06:47,-15,07:38,-26,08:28,-37,09:29,-50,10:29,-62
-1635-Nov-17,P, 1.845, 0.776,04:25,+30,05:40,+14,-,-,07:13,-06,-,-,08:47,-24,10:02,-36
-1634-May-12,P, 1.299, 0.348,19:07,+05,20:20,+19,-,-,21:22,+30,-,-,22:24,+40,23:38,+47
-1634-Nov-06,N, 0.570,-0.536,06:26,+01,-,-,-,-,08:19,-22,-,-,-,-,10:11,-41
-1633-Apr-03,P, 1.078, 0.122,05:25,+13,06:53,-06,-,-,07:31,-14,-,-,08:09,-22,09:38,-40
-1632-Mar-22,T, 2.433, 1.428,18:11,-04,19:12,+10,20:16,+23,21:00,+33,21:45,+42,22:49,+54,23:50,+63
-1632-Sep-14,T, 2.310, 1.311,20:48,+26,21:48,+37,22:53,+47,23:31,+51,00:10,+54,01:15,+53,02:15,+46
-1631-Mar-12,P, 1.897, 0.836,00:34,+73,01:49,+66,-,-,03:27,+47,-,-,05:04,+26,06:19,+10
-1630-Mar-01,N, 0.545,-0.537,02:13,+65,-,-,-,-,04:02,+42,-,-,-,-,05:52,+18
-1630-Jul-26,N, 0.060,-0.921,20:36,+16,-,-,-,-,21:10,+22,-,-,-,-,21:44,+27
-1630-Aug-25,N, 0.826,-0.143,04:35,+14,-,-,-,-,06:29,-08,-,-,-,-,08:23,-32
-1629-Jan-19,P, 1.250, 0.216,13:14,-41,14:46,-33,-,-,15:39,-26,-,-,16:31,-17,18:03,+00
-1629-Jul-16,P, 1.335, 0.301,04:53,+06,06:21,-11,-,-,07:23,-24,-,-,08:25,-37,09:53,-55
-1628-Jan-09,T, 2.583, 1.599,00:22,+86,01:18,+79,02:17,+66,03:04,+56,03:52,+46,04:50,+33,05:47,+21
-1628-Dec-28,P, 1.867, 0.899,16:05,-17,17:05,-07,-,-,18:35,+11,-,-,20:05,+29,21:05,+42
-1627-Nov-18,N, 0.022,-1.006,20:24,+33,-,-,-,-,20:45,+38,-,-,-,-,21:06,+42
-1626-May-14,N, 0.552,-0.431,04:53,+11,-,-,-,-,06:33,-09,-,-,-,-,08:12,-31
-1626-Nov-08,P, 1.186, 0.103,00:19,+74,02:10,+59,-,-,02:48,+51,-,-,03:26,+43,05:16,+19
-1625-May-03,T, 1.977, 1.033,19:07,+06,20:04,+17,21:26,+32,21:39,+35,21:53,+37,23:14,+48,00:11,+51
-1625-Oct-27,T, 2.420, 1.313,23:30,+67,00:44,+69,01:55,+60,02:37,+52,03:18,+43,04:30,+28,05:44,+12
-1624-Oct-15,T, 2.132, 1.056,23:56,+66,01:08,+63,02:34,+50,02:53,+46,03:11,+43,04:37,+25,05:49,+09
-1623-Apr-12,N, 0.911,-0.079,03:37,+34,-,-,-,-,05:41,+08,-,-,-,-,07:44,-19
-1622-Mar-02,P, 1.178, 0.105,20:50,+34,22:41,+57,-,-,23:20,+65,-,-,23:59,+72,01:50,+70
-1621-Feb-19,T, 2.514, 1.433,20:15,+27,21:25,+42,22:33,+57,23:20,+67,00:07,+75,01:15,+77,02:26,+65
-1621-Aug-16,T, 2.432, 1.455,03:09,+28,04:06,+19,05:07,+07,05:51,-01,06:35,-10,07:36,-23,08:33,-35
-1620-Feb-08,P, 1.923, 0.882,23:39,+74,00:50,+82,-,-,02:27,+65,-,-,04:03,+44,05:14,+28
-1620-Aug-04,P, 1.902, 0.875,14:33,-60,15:42,-45,-,-,17:18,-25,-,-,18:54,-05,20:03,+08
-1620-Dec-30,N, 0.151,-0.826,01:12,+80,-,-,-,-,02:04,+69,-,-,-,-,02:56,+58
-1619-Jul-24,N, 0.487,-0.584,19:56,+08,-,-,-,-,21:39,+26,-,-,-,-,23:23,+38
-1619-Dec-19,P, 1.362, 0.390,15:34,-22,16:47,-10,-,-,17:51,+02,-,-,18:56,+15,20:08,+30
-1618-Jun-14,P, 1.430, 0.381,04:51,+05,06:17,-12,-,-,07:28,-26,-,-,08:39,-41,10:06,-59
-1618-Dec-09,T, 2.600, 1.587,05:00,+25,06:00,+13,07:00,+00,07:48,-09,08:35,-17,09:35,-27,10:35,-35
-1617-Nov-28,P, 1.845, 0.773,12:49,-45,14:05,-39,-,-,15:38,-25,-,-,17:11,-08,18:27,+08
-1616-May-23,P, 1.440, 0.490,02:26,+35,03:34,+24,-,-,04:46,+11,-,-,05:58,-04,07:06,-18
-1616-Nov-16,N, 0.574,-0.533,14:34,-38,-,-,-,-,16:27,-18,-,-,-,-,18:20,+05
-1615-May-12,N, 0.127,-0.814,21:14,+29,-,-,-,-,22:01,+37,-,-,-,-,22:48,+44
-1615-Oct-06,N, 0.942,-0.117,20:37,+30,-,-,-,-,22:49,+55,-,-,-,-,01:02,+62
-1614-Apr-03,T, 2.310, 1.303,01:29,+60,02:31,+50,03:39,+37,04:18,+29,04:57,+21,06:05,+06,07:07,-07
-1614-Sep-26,T, 2.281, 1.282,05:17,+11,06:17,-02,07:23,-16,08:00,-24,08:37,-32,09:43,-45,10:43,-56
-1613-Sep-15,T, 2.145, 1.181,20:13,+19,21:09,+30,22:17,+41,22:47,+46,23:17,+50,00:25,+54,01:22,+52
-1611-Jan-29,P, 1.204, 0.176,21:19,+43,22:53,+64,-,-,23:41,+74,-,-,00:28,+82,02:02,+72
-1610-Jul-15,T, 2.585, 1.511,14:11,-65,15:21,-50,16:28,-36,17:17,-25,18:06,-15,19:13,-02,20:23,+11
-1609-Jan-09,P, 1.887, 0.922,00:50,+85,01:50,+72,-,-,03:20,+53,-,-,04:51,+33,05:51,+21
-1609-Jul-04,P, 1.826, 0.764,14:55,-54,16:12,-38,-,-,17:47,-19,-,-,19:22,+00,20:39,+14
-1609-Nov-30,N, 0.015,-1.015,05:09,+23,-,-,-,-,05:26,+19,-,-,-,-,05:44,+15
-1609-Dec-29,N, 0.614,-0.383,16:34,-12,-,-,-,-,18:17,+07,-,-,-,-,19:59,+28
-1608-Jun-22,N, 0.476,-0.534,21:44,+27,-,-,-,-,23:20,+36,-,-,-,-,00:55,+37
-1607-May-14,P, 1.840, 0.898,02:39,+36,03:37,+26,-,-,05:08,+08,-,-,06:38,-11,07:37,-23
-1606-May-03,T, 2.461, 1.514,19:46,+14,20:40,+24,21:39,+35,22:25,+42,23:10,+47,00:09,+51,01:03,+50
-1605-Oct-16,N, 0.900,-0.116,16:24,-23,-,-,-,-,18:27,+03,-,-,-,-,20:30,+30
-1604-Mar-13,N, 1.061,-0.011,03:54,+41,-,-,-,-,06:18,+09,-,-,-,-,08:43,-22
-1604-Sep-05,P, 1.104, 0.144,20:17,+16,21:43,+32,-,-,22:23,+39,-,-,23:04,+44,00:29,+50
-1603-Mar-02,T, 2.409, 1.333,03:22,+49,04:33,+34,05:43,+18,06:26,+09,07:08,+00,08:19,-15,09:30,-28
-1602-Aug-15,P, 1.990, 0.957,22:04,+32,23:13,+41,-,-,00:52,+44,-,-,02:31,+36,03:39,+26
-1601-Feb-08,N, 0.710,-0.273,19:03,+12,-,-,-,-,20:51,+35,-,-,-,-,22:40,+58
-1601-Aug-05,N, 0.595,-0.480,02:46,+31,-,-,-,-,04:39,+12,-,-,-,-,06:33,-10
-1601-Dec-31,P, 1.347, 0.375,00:25,+88,01:38,+74,-,-,02:41,+61,-,-,03:45,+47,04:58,+31
-1600-Dec-19,T, 2.594, 1.580,13:41,-37,14:41,-31,15:42,-22,16:29,-14,17:17,-05,18:17,+06,19:18,+19
-1599-Jun-13,T, 2.733, 1.740,19:02,+00,20:01,+11,21:00,+21,21:51,+29,22:42,+35,23:41,+39,00:41,+40
-1599-Dec-08,P, 1.847, 0.774,21:10,+46,22:26,+63,-,-,23:59,+82,-,-,01:33,+73,02:49,+57
-1598-Nov-27,N, 0.578,-0.530,22:42,+66,-,-,-,-,00:35,+80,-,-,-,-,02:29,+59
-1597-Apr-24,N, 0.820,-0.138,20:40,+25,-,-,-,-,22:34,+45,-,-,-,-,00:28,+54
-1597-May-24,N, 0.256,-0.686,04:24,+15,-,-,-,-,05:30,+02,-,-,-,-,06:36,-11
-1597-Oct-18,N, 0.932,-0.125,04:56,+19,-,-,-,-,07:08,-09,-,-,-,-,09:20,-36
-1596-Oct-06,T, 2.263, 1.264,13:53,-55,14:53,-45,16:00,-32,16:36,-24,17:12,-17,18:18,-02,19:18,+11
-1595-Apr-02,T, 2.147, 1.087,14:15,-52,15:26,-40,16:49,-23,17:13,-19,17:36,-14,19:00,+04,20:11,+20
-1595-Sep-26,T, 2.177, 1.211,04:51,+16,05:48,+04,06:55,-10,07:27,-17,07:59,-23,09:05,-37,10:02,-48
-1594-Mar-22,N, 0.774,-0.300,15:40,-35,-,-,-,-,17:48,-10,-,-,-,-,19:55,+18
-1594-Sep-15,N, 0.920,-0.059,21:13,+30,-,-,-,-,23:13,+49,-,-,-,-,01:12,+52
-1593-Feb-10,P, 1.145, 0.123,05:17,+25,06:55,+05,-,-,07:35,-04,-,-,08:15,-11,09:54,-29
-1593-Aug-06,P, 1.120, 0.074,19:32,+04,21:22,+24,-,-,21:54,+29,-,-,22:26,+34,00:16,+42
-1592-Jan-30,T, 2.501, 1.526,17:18,-08,18:14,+03,19:14,+15,19:59,+25,20:45,+34,21:44,+47,22:41,+59
-1592-Jul-25,T, 2.463, 1.384,21:01,+20,22:12,+31,23:22,+38,00:07,+40,00:51,+40,02:01,+35,03:12,+27
-1591-Jul-14,P, 1.960, 0.898,21:42,+26,22:56,+34,-,-,00:37,+38,-,-,02:17,+32,03:31,+22
-1590-Jan-09,N, 0.631,-0.367,01:07,+82,-,-,-,-,02:51,+59,-,-,-,-,04:36,+37
-1590-Jun-04,N, 0.288,-0.688,19:43,+09,-,-,-,-,20:56,+22,-,-,-,-,22:09,+33
-1590-Jul-04,N, 0.611,-0.398,04:44,+06,-,-,-,-,06:30,-14,-,-,-,-,08:17,-36
-1590-Nov-29,P, 1.175, 0.087,16:55,-10,18:48,+13,-,-,19:24,+21,-,-,19:59,+29,21:52,+53
-1589-Nov-18,T, 2.404, 1.297,15:44,-25,16:57,-10,18:10,+05,18:50,+13,19:31,+22,20:43,+38,21:57,+54
-1588-May-14,T, 2.601, 1.652,03:11,+30,04:05,+20,05:02,+08,05:51,-02,06:39,-12,07:37,-24,08:31,-36
-1588-Nov-06,T, 2.149, 1.076,16:36,-16,17:47,-01,19:10,+17,19:31,+21,19:53,+26,21:16,+44,22:27,+59
-1587-May-03,P, 1.174, 0.181,17:45,-13,19:15,+06,-,-,20:03,+16,-,-,20:51,+25,22:20,+40
-1587-Oct-27,N, 0.911,-0.104,01:05,+67,-,-,-,-,03:09,+45,-,-,-,-,05:12,+19
-1586-Sep-17,P, 1.062, 0.099,04:50,+15,06:21,-04,-,-,06:55,-11,-,-,07:28,-18,08:59,-37
-1585-Sep-06,T, 2.311, 1.322,19:29,+07,20:28,+19,21:32,+31,22:11,+38,22:50,+43,23:54,+50,00:53,+51
-1584-Mar-01,T, 2.089, 1.061,14:49,-40,15:55,-29,17:18,-14,17:38,-10,17:57,-06,19:20,+11,20:27,+26
-1584-Aug-26,T, 2.066, 1.025,05:43,+01,06:51,-13,08:20,-32,08:33,-35,08:45,-38,10:14,-56,11:23,-70
-1583-Jan-20,N, 0.097,-0.871,18:37,+09,-,-,-,-,19:19,+17,-,-,-,-,20:01,+26
-1583-Feb-19,N, 0.782,-0.196,03:02,+55,-,-,-,-,04:55,+30,-,-,-,-,06:48,+06
-1582-Jul-05,P, 1.156, 0.108,18:36,-08,20:22,+12,-,-,21:01,+18,-,-,21:40,+24,23:27,+36
-1582-Dec-30,T, 2.579, 1.564,22:16,+60,23:16,+73,00:17,+86,01:04,+82,01:52,+72,02:53,+59,03:53,+46
-1581-Jun-25,T, 2.597, 1.606,02:16,+31,03:15,+22,04:16,+12,05:05,+04,05:53,-06,06:54,-18,07:53,-30
-1581-Dec-20,P, 1.855, 0.781,05:26,+21,06:42,+05,-,-,08:16,-13,-,-,09:50,-28,11:06,-37
-1580-Jun-13,P, 1.712, 0.764,17:16,-22,18:17,-10,-,-,19:43,+07,-,-,21:08,+22,22:10,+31
-1580-Dec-08,N, 0.585,-0.521,06:47,+02,-,-,-,-,08:41,-19,-,-,-,-,10:35,-36
-1579-May-05,N, 0.681,-0.278,04:12,+20,-,-,-,-,05:58,-02,-,-,-,-,07:43,-24
-1578-Apr-24,T, 2.038, 1.028,15:47,-38,16:53,-24,18:20,-05,18:33,-03,18:46,+00,20:14,+18,21:19,+31
-1578-Oct-17,T, 2.253, 1.255,22:37,+57,23:37,+65,00:43,+67,01:19,+63,01:54,+58,03:00,+46,04:01,+34
-1577-Apr-13,T, 2.289, 1.228,20:53,+30,22:04,+44,23:18,+55,23:54,+58,00:31,+59,01:45,+54,02:55,+44
-1577-Oct-07,T, 2.199, 1.230,13:37,-58,14:34,-49,15:40,-36,16:13,-30,16:46,-23,17:52,-09,18:48,+04
-1576-Apr-01,N, 0.908,-0.163,22:12,+48,-,-,-,-,00:28,+64,-,-,-,-,02:44,+50
-1576-Sep-26,N, 0.948,-0.035,05:44,+05,-,-,-,-,07:45,-21,-,-,-,-,09:47,-46
-1575-Aug-17,N, 1.031,-0.021,03:01,+31,-,-,-,-,05:20,+06,-,-,-,-,07:38,-22
-1574-Feb-10,T, 2.441, 1.472,01:36,+74,02:32,+63,03:32,+50,04:16,+40,05:00,+31,06:00,+18,06:56,+06
-1574-Aug-06,T, 2.353, 1.271,04:00,+18,05:12,+05,06:25,-10,07:05,-18,07:44,-26,08:57,-41,10:09,-57
-1573-Jan-30,T, 1.962, 1.001,17:56,+00,18:55,+12,20:26,+31,20:28,+31,20:30,+31,22:01,+51,23:00,+64
-1573-Jul-26,T, 2.084, 1.021,04:38,+09,05:50,-04,07:23,-23,07:34,-25,07:46,-28,09:19,-47,10:31,-63
-1572-Jun-15,N, 0.164,-0.811,03:18,+24,-,-,-,-,04:14,+15,-,-,-,-,05:10,+04
-1572-Dec-10,P, 1.163, 0.074,01:08,+77,03:04,+52,-,-,03:37,+45,-,-,04:10,+38,06:05,+14
-1571-Jun-04,P, 1.567, 0.626,17:43,-16,18:47,-03,-,-,20:05,+12,-,-,21:24,+26,22:28,+35
-1571-Nov-28,T, 2.397, 1.291,23:51,+80,01:05,+76,02:17,+61,02:58,+53,03:38,+44,04:50,+28,06:04,+12
-1570-Nov-18,T, 2.152, 1.082,01:00,+74,02:10,+60,03:32,+43,03:55,+38,04:17,+33,05:39,+16,06:50,+01
-1569-May-15,P, 1.314, 0.317,00:44,+47,02:06,+39,-,-,03:08,+30,-,-,04:10,+19,05:31,+03
-1568-Apr-03,N, 0.792,-0.278,17:41,-11,-,-,-,-,19:50,+16,-,-,-,-,21:58,+43
-1567-Mar-23,T, 2.166, 1.100,17:17,-15,18:29,+00,19:51,+18,20:17,+23,20:42,+28,22:04,+45,23:16,+59
-1567-Sep-17,T, 2.269, 1.275,03:50,+27,04:50,+16,05:56,+02,06:33,-06,07:09,-14,08:15,-28,09:15,-40
-1566-Mar-12,T, 2.191, 1.169,22:13,+51,23:18,+63,00:31,+71,01:02,+70,01:33,+67,02:47,+55,03:52,+41
-1566-Sep-06,T, 2.127, 1.080,13:30,-69,14:39,-56,16:00,-39,16:22,-34,16:44,-29,18:06,-12,19:14,+03
-1565-Feb-01,N, 0.055,-0.909,03:15,+55,-,-,-,-,03:47,+48,-,-,-,-,04:18,+42
-1565-Aug-26,N, 0.773,-0.312,16:58,-26,-,-,-,-,19:06,+01,-,-,-,-,21:14,+26
-1564-Jan-21,P, 1.282, 0.313,17:45,-01,19:00,+14,-,-,19:59,+26,-,-,20:58,+38,22:14,+54
-1564-Jul-16,N, 1.034,-0.013,01:41,+34,-,-,-,-,04:00,+16,-,-,-,-,06:19,-09
-1563-Jan-10,T, 2.554, 1.539,06:43,+07,07:44,-05,08:46,-16,09:33,-23,10:20,-30,11:21,-37,12:22,-40
-1563-Dec-30,P, 1.871, 0.796,13:36,-38,14:52,-30,-,-,16:27,-15,-,-,18:02,+02,19:18,+18
-1562-Jun-25,P, 1.841, 0.894,00:47,+39,01:46,+35,-,-,03:17,+23,-,-,04:47,+08,05:46,-03
-1562-Dec-19,N, 0.598,-0.507,14:47,-31,-,-,-,-,16:42,-12,-,-,-,-,18:37,+10
-1561-Jun-14,N, 0.512,-0.434,18:57,-01,-,-,-,-,20:29,+16,-,-,-,-,22:01,+31
-1561-Nov-08,N, 0.935,-0.119,21:53,+54,-,-,-,-,00:04,+76,-,-,-,-,02:15,+60
-1560-May-04,P, 1.892, 0.878,22:47,+45,23:55,+50,-,-,01:31,+47,-,-,03:07,+33,04:15,+21
-1559-Apr-24,T, 2.439, 1.378,03:26,+33,04:36,+19,05:45,+04,06:29,-05,07:14,-15,08:23,-30,09:32,-44
-1559-Oct-17,T, 2.212, 1.242,22:29,+55,23:25,+64,00:30,+67,01:04,+65,01:38,+61,02:43,+49,03:40,+38
-1558-Apr-13,N, 1.051,-0.016,04:40,+22,-,-,-,-,07:04,-09,-,-,-,-,09:28,-40
-1557-Mar-03,N, 0.989,-0.019,20:53,+34,-,-,-,-,23:03,+61,-,-,-,-,01:12,+72
-1555-Feb-10,T, 2.019, 1.060,02:16,+66,03:14,+54,04:31,+37,04:49,+33,05:07,+29,06:24,+13,07:22,+01
-1554-Jan-30,N, 0.693,-0.304,17:48,-02,-,-,-,-,19:37,+20,-,-,-,-,21:26,+43
-1554-Jul-25,N, 0.851,-0.156,19:14,-01,-,-,-,-,21:16,+21,-,-,-,-,23:18,+36
-1553-Jun-16,P, 1.435, 0.493,01:19,+39,02:26,+31,-,-,03:37,+21,-,-,04:49,+08,05:55,-05
-1552-Jun-04,T, 2.787, 1.834,18:00,-12,18:54,-01,19:51,+10,20:41,+19,21:31,+27,22:28,+34,23:22,+39
-1551-Nov-17,N, 0.921,-0.089,18:39,+12,-,-,-,-,20:42,+39,-,-,-,-,22:46,+66
-1550-Apr-15,N, 0.645,-0.424,00:28,+60,-,-,-,-,02:26,+49,-,-,-,-,04:23,+26
-1550-Oct-08,P, 1.013, 0.044,22:18,+49,23:58,+62,-,-,00:21,+63,-,-,00:43,+62,02:23,+51
-1549-Apr-04,P, 2.030, 0.968,00:06,+63,01:20,+61,-,-,03:03,+45,-,-,04:46,+24,05:59,+08
-1548-Mar-23,T, 2.303, 1.288,05:31,+15,06:35,+01,07:43,-14,08:22,-22,09:00,-30,10:08,-43,11:12,-53
-1548-Sep-16,T, 2.176, 1.123,21:26,+34,22:34,+46,23:52,+54,00:19,+55,00:46,+55,02:04,+48,03:13,+38
-1547-Mar-12,N, 0.962,-0.005,18:41,+04,-,-,-,-,20:43,+30,-,-,-,-,22:45,+55
-1547-Sep-06,N, 0.841,-0.249,00:21,+51,-,-,-,-,02:34,+41,-,-,-,-,04:46,+17
-1546-Feb-01,P, 1.231, 0.264,02:13,+68,03:32,+51,-,-,04:26,+39,-,-,05:20,+27,06:39,+11
-1545-Jan-21,T, 2.516, 1.501,15:02,-30,16:03,-21,17:05,-10,17:52,-01,18:38,+08,19:40,+20,20:41,+33
-1545-Jul-16,T, 2.356, 1.367,17:09,-26,18:09,-14,19:13,-01,19:54,+06,20:36,+14,21:40,+24,22:40,+32
-1544-Jan-10,P, 1.899, 0.825,21:36,+50,22:52,+66,-,-,00:29,+86,-,-,02:05,+70,03:21,+54
-1544-Dec-29,N, 0.619,-0.484,22:42,+65,-,-,-,-,00:38,+85,-,-,-,-,02:35,+62
-1543-May-26,N, 0.401,-0.562,19:16,+04,-,-,-,-,20:40,+19,-,-,-,-,22:04,+32
-1543-Jun-25,N, 0.635,-0.314,02:21,+31,-,-,-,-,04:02,+16,-,-,-,-,05:43,-03
-1543-Nov-19,N, 0.941,-0.110,06:26,+04,-,-,-,-,08:37,-21,-,-,-,-,10:47,-41
-1542-Nov-08,T, 2.252, 1.256,16:18,-19,17:17,-07,18:24,+07,18:59,+14,19:34,+22,20:41,+36,21:40,+49
-1540-Oct-17,N, 0.975,-0.018,23:06,+61,-,-,-,-,01:10,+64,-,-,-,-,03:13,+43
-1539-Mar-14,N, 0.895,-0.107,04:33,+30,-,-,-,-,06:36,+03,-,-,-,-,08:40,-23
-1539-Sep-07,N, 0.895,-0.171,18:23,-06,-,-,-,-,20:35,+22,-,-,-,-,22:47,+45
-1538-Mar-03,T, 2.285, 1.325,17:49,-06,18:45,+05,19:48,+19,20:27,+27,21:05,+35,22:08,+49,23:04,+60
-1538-Aug-27,T, 2.178, 1.087,18:25,-07,19:40,+08,21:04,+24,21:28,+29,21:52,+33,23:16,+44,00:30,+48
-1537-Aug-16,T, 2.287, 1.223,19:03,-01,20:12,+12,21:26,+26,22:02,+31,22:37,+36,23:51,+43,01:01,+44
-1536-Feb-11,N, 0.744,-0.253,01:53,+72,-,-,-,-,03:45,+48,-,-,-,-,05:38,+24
-1536-Aug-05,N, 0.953,-0.054,02:46,+29,-,-,-,-,04:53,+09,-,-,-,-,07:01,-16
-1536-Dec-31,P, 1.121, 0.032,17:21,-05,19:26,+21,-,-,19:48,+25,-,-,20:10,+30,22:15,+57
-1535-Dec-20,T, 2.369, 1.267,16:00,-19,17:13,-05,18:26,+09,19:05,+17,19:44,+25,20:57,+41,22:11,+57
-1534-Jun-16,T, 2.655, 1.698,01:27,+37,02:22,+31,03:19,+23,04:08,+15,04:57,+06,05:55,-05,06:50,-16
-1534-Dec-09,T, 2.159, 1.095,17:51,+03,19:01,+18,20:21,+35,20:45,+40,21:09,+45,22:29,+63,23:39,+78
-1533-Jun-05,P, 1.599, 0.594,14:36,-57,15:49,-41,-,-,17:11,-24,-,-,18:33,-07,19:46,+07
-1533-Nov-29,N, 0.924,-0.083,03:29,+44,-,-,-,-,05:32,+18,-,-,-,-,07:35,-07
-1532-May-24,N, 0.119,-0.935,22:21,+36,-,-,-,-,23:13,+41,-,-,-,-,00:06,+43
-1531-Oct-08,T, 2.220, 1.215,20:53,+33,21:54,+45,23:03,+57,23:36,+61,00:09,+63,01:18,+61,02:19,+53
-1530-Sep-28,T, 2.214, 1.155,05:28,+09,06:37,-06,07:53,-22,08:23,-29,08:53,-35,10:09,-50,11:17,-61
-1529-Mar-24,P, 1.068, 0.106,02:20,+55,03:51,+37,-,-,04:27,+29,-,-,05:02,+22,06:34,+02
-1528-Aug-06,N, 0.831,-0.217,16:19,-38,-,-,-,-,18:26,-11,-,-,-,-,20:32,+13
-1527-Jan-31,T, 2.467, 1.451,23:12,+69,00:14,+81,01:17,+80,02:02,+71,02:47,+62,03:50,+48,04:51,+34
-1527-Jul-27,T, 2.252, 1.264,00:48,+39,01:48,+35,02:55,+28,03:32,+22,04:08,+16,05:15,+04,06:15,-07
-1526-Jan-21,P, 1.939, 0.865,05:28,+23,06:43,+08,-,-,08:22,-11,-,-,10:00,-28,11:15,-37
-1526-Jul-16,T, 2.079, 1.129,16:07,-39,17:04,-27,18:15,-13,18:41,-08,19:07,-03,20:18,+11,21:15,+20
-1525-Jan-10,N, 0.649,-0.450,06:29,+10,-,-,-,-,08:28,-13,-,-,-,-,10:27,-32
-1525-Jun-07,N, 0.262,-0.705,02:50,+27,-,-,-,-,03:59,+16,-,-,-,-,05:08,+03
-1525-Nov-30,N, 0.945,-0.103,14:59,-29,-,-,-,-,17:10,-06,-,-,-,-,19:20,+20
-1524-Nov-19,T, 2.254, 1.261,01:12,+72,02:11,+60,03:17,+46,03:52,+39,04:28,+31,05:34,+17,06:33,+05
-1523-May-15,T, 2.758, 1.695,16:20,-32,17:29,-18,18:33,-04,19:26,+07,20:18,+17,21:23,+29,22:32,+39
-1523-Nov-08,T, 2.218, 1.246,16:25,-18,17:21,-07,18:26,+07,19:01,+14,19:35,+22,20:40,+36,21:36,+48
-1522-May-04,P, 1.358, 0.297,17:27,-17,19:00,+03,-,-,20:05,+16,-,-,21:09,+29,22:42,+44
-1521-Apr-24,N, 0.030,-0.988,00:10,+56,-,-,-,-,00:35,+56,-,-,-,-,01:00,+56
-1521-Sep-19,N, 0.847,-0.225,02:15,+46,-,-,-,-,04:24,+23,-,-,-,-,06:34,-05
-1520-Mar-14,T, 2.187, 1.232,01:43,+65,02:40,+55,03:46,+41,04:19,+34,04:53,+27,05:59,+12,06:56,+00
-1520-Sep-07,T, 2.113, 1.018,01:53,+45,03:08,+34,04:43,+17,04:54,+14,05:05,+12,06:40,-08,07:56,-24
-1519-Mar-03,T, 2.167, 1.211,18:31,+03,19:28,+15,20:35,+29,21:07,+36,21:39,+43,22:46,+57,23:42,+67
-1519-Aug-27,T, 2.366, 1.301,02:32,+37,03:41,+26,04:51,+13,05:32,+05,06:12,-04,07:22,-18,08:31,-33
-1517-Jan-12,N, 1.086,-0.002,01:18,+79,-,-,-,-,03:44,+47,-,-,-,-,06:09,+16
-1517-Jul-07,P, 1.193, 0.248,16:45,-30,18:02,-15,-,-,18:55,-04,-,-,19:47,+05,21:04,+19
-1517-Dec-31,T, 2.345, 1.247,23:59,+83,01:12,+80,02:26,+64,03:03,+55,03:41,+47,04:55,+31,06:08,+16
-1516-Dec-20,T, 2.168, 1.109,02:13,+64,03:22,+49,04:41,+32,05:07,+27,05:32,+21,06:51,+05,08:00,-08
-1515-Jun-15,P, 1.738, 0.728,21:34,+27,22:44,+35,-,-,00:13,+39,-,-,01:43,+35,02:53,+27
-1514-Jun-05,N, 0.268,-0.789,04:27,+11,-,-,-,-,05:45,-04,-,-,-,-,07:03,-20
-1514-Oct-30,P, 0.995, 0.022,16:07,-25,17:53,-03,-,-,18:09,+01,-,-,18:25,+04,20:11,+27
-1513-Apr-25,P, 1.734, 0.680,13:33,-64,14:50,-51,-,-,16:21,-32,-,-,17:51,-13,19:09,+04
-1513-Oct-20,T, 2.208, 1.199,05:32,+11,06:33,-03,07:43,-17,08:15,-24,08:47,-30,09:57,-43,10:59,-52
-1512-Apr-13,T, 2.557, 1.554,19:55,+18,20:55,+30,21:57,+42,22:46,+50,23:34,+55,00:36,+58,01:36,+54
-1512-Oct-08,T, 2.240, 1.176,13:37,-57,14:46,-45,16:01,-31,16:33,-24,17:05,-17,18:19,-01,19:29,+14
-1511-Sep-27,N, 0.941,-0.158,15:34,-38,-,-,-,-,17:53,-09,-,-,-,-,20:12,+22
-1510-Feb-22,P, 1.091, 0.126,18:46,+07,20:15,+26,-,-,20:54,+34,-,-,21:32,+42,23:01,+61
-1510-Aug-17,N, 0.751,-0.296,23:54,+42,-,-,-,-,01:55,+39,-,-,-,-,03:56,+23
-1509-Feb-12,T, 2.402, 1.386,07:12,+01,08:14,-11,09:19,-23,10:01,-30,10:44,-37,11:49,-44,12:51,-46
-1508-Feb-01,P, 1.993, 0.920,13:10,-43,14:24,-37,-,-,16:05,-23,-,-,17:45,-05,19:00,+10
-1508-Jul-26,T, 2.182, 1.231,23:59,+40,00:54,+39,02:00,+35,02:34,+31,03:07,+27,04:13,+16,05:09,+07
-1507-Jan-20,N, 0.694,-0.402,14:06,-37,-,-,-,-,16:09,-21,-,-,-,-,18:11,+02
-1507-Jul-16,N, 0.861,-0.096,17:25,-22,-,-,-,-,19:21,+01,-,-,-,-,21:16,+21
-1507-Dec-10,N, 0.947,-0.096,23:33,+79,-,-,-,-,01:43,+71,-,-,-,-,03:53,+43
-1506-Jun-06,P, 1.441, 0.417,19:36,+07,20:58,+21,-,-,22:09,+32,-,-,23:22,+39,00:43,+41
-1505-May-26,T, 2.859, 1.795,22:45,+40,23:53,+44,00:58,+43,01:51,+39,02:44,+32,03:49,+21,04:57,+09
-1505-Nov-20,T, 2.215, 1.243,01:26,+69,02:23,+58,03:28,+44,04:02,+37,04:36,+29,05:41,+15,06:38,+04
-1504-May-14,P, 1.519, 0.460,23:49,+48,01:14,+46,-,-,02:32,+37,-,-,03:50,+24,05:15,+07
-1504-Nov-08,N, 0.973,-0.026,16:45,-15,-,-,-,-,18:49,+11,-,-,-,-,20:53,+38
-1503-Apr-04,N, 0.678,-0.312,19:39,+14,-,-,-,-,21:28,+37,-,-,-,-,23:17,+55
-1501-Mar-15,T, 2.259, 1.305,02:27,+57,03:23,+46,04:26,+33,05:04,+25,05:41,+16,06:45,+03,07:40,-09
-1500-Mar-03,N, 0.885,-0.112,17:31,-10,-,-,-,-,19:33,+15,-,-,-,-,21:35,+41
-1500-Aug-26,P, 1.115, 0.108,18:25,-09,20:02,+11,-,-,20:39,+18,-,-,21:16,+25,22:53,+40
-1499-Jul-18,P, 1.087, 0.140,00:38,+40,02:03,+34,-,-,02:43,+29,-,-,03:23,+24,04:48,+09
-1498-Jul-07,T, 2.406, 1.440,16:29,-34,17:26,-22,18:27,-10,19:10,-02,19:54,+07,20:55,+17,21:52,+26
-1497-Jun-27,P, 1.875, 0.860,04:33,+08,05:42,-05,-,-,07:17,-24,-,-,08:52,-43,10:00,-58
-1497-Dec-20,N, 0.937,-0.062,21:02,+44,-,-,-,-,23:05,+71,-,-,-,-,01:08,+81
-1496-May-16,N, 0.170,-0.898,20:39,+22,-,-,-,-,21:42,+33,-,-,-,-,22:46,+42
-1496-Nov-10,P, 0.994, 0.018,01:06,+71,02:53,+50,-,-,03:08,+47,-,-,03:23,+44,05:10,+21
-1495-May-05,P, 1.579, 0.529,20:13,+19,21:34,+34,-,-,22:56,+46,-,-,00:18,+51,01:39,+47
-1495-Oct-30,T, 2.203, 1.190,14:14,-45,15:17,-34,16:27,-20,16:58,-14,17:30,-07,18:40,+08,19:42,+21
-1494-Apr-25,T, 2.694, 1.696,03:03,+37,04:02,+25,05:03,+13,05:53,+02,06:44,-09,07:44,-22,08:44,-35
-1494-Oct-19,T, 2.257, 1.187,21:51,+49,23:01,+62,00:15,+68,00:48,+67,01:21,+64,02:35,+52,03:45,+37
-1493-Apr-14,P, 1.309, 0.356,17:23,-16,18:36,-01,-,-,19:39,+13,-,-,20:41,+25,21:55,+39
-1493-Oct-08,N, 0.973,-0.129,23:24,+61,-,-,-,-,01:45,+57,-,-,-,-,04:06,+31
-1492-Mar-05,P, 1.003, 0.039,02:51,+56,04:33,+34,-,-,04:54,+29,-,-,05:16,+25,06:58,+02
-1491-Feb-22,T, 2.323, 1.307,15:02,-36,16:05,-26,17:12,-14,17:51,-06,18:30,+02,19:37,+16,20:40,+29
-1491-Aug-17,T, 2.082, 1.094,16:34,-33,17:35,-20,18:51,-05,19:14,+00,19:37,+05,20:53,+19,21:54,+30
-1490-Feb-11,P, 2.060, 0.988,20:42,+34,21:55,+50,-,-,23:38,+72,-,-,01:22,+78,02:35,+64
-1489-Jan-31,N, 0.750,-0.342,21:36,+47,-,-,-,-,23:42,+74,-,-,-,-,01:49,+74
-1489-Jul-28,N, 0.961,-0.001,01:08,+39,-,-,-,-,03:09,+27,-,-,-,-,05:10,+06
-1488-Jun-17,P, 1.294, 0.265,02:33,+29,04:02,+15,-,-,05:01,+04,-,-,06:00,-07,07:30,-25
-1488-Dec-10,T, 2.254, 1.266,19:00,+18,19:58,+30,21:04,+44,21:40,+52,22:15,+60,23:21,+74,00:19,+85
-1487-Jun-06,T, 2.700, 1.634,05:12,+02,06:21,-12,07:26,-25,08:18,-36,09:10,-47,10:15,-61,11:24,-76
-1486-Nov-20,N, 0.967,-0.035,01:36,+67,-,-,-,-,03:41,+41,-,-,-,-,05:45,+15
-1485-Apr-16,N, 0.556,-0.428,03:06,+38,-,-,-,-,04:46,+19,-,-,-,-,06:25,-03
-1485-Oct-10,N, 0.785,-0.297,18:18,+00,-,-,-,-,20:24,+28,-,-,-,-,22:30,+53
-1484-Apr-04,T, 1.965, 1.017,17:18,-17,18:15,-04,19:40,+14,19:49,+16,19:59,+18,21:24,+35,22:21,+46
-1484-Sep-28,P, 2.023, 0.923,17:15,-16,18:32,+00,-,-,20:15,+23,-,-,21:58,+43,23:15,+56
-1483-Sep-17,T, 2.481, 1.415,18:04,-08,19:12,+06,20:19,+20,21:04,+29,21:49,+38,22:56,+48,00:04,+55
-1482-Mar-15,N, 0.973,-0.024,01:06,+71,-,-,-,-,03:13,+49,-,-,-,-,05:20,+22
-1482-Sep-07,P, 1.176, 0.170,02:30,+39,04:00,+24,-,-,04:46,+15,-,-,05:32,+06,07:03,-13
-1481-Feb-02,N, 0.974,-0.111,16:45,-16,-,-,-,-,19:05,+12,-,-,-,-,21:24,+42
-1480-Jan-22,T, 2.262, 1.172,15:34,-26,16:47,-13,18:05,+01,18:37,+08,19:09,+14,20:27,+31,21:40,+47
-1480-Jul-18,T, 2.293, 1.323,00:07,+39,01:05,+38,02:09,+33,02:48,+28,03:27,+23,04:31,+12,05:28,+02
-1479-Jan-10,T, 2.210, 1.162,18:44,+12,19:52,+26,21:06,+42,21:37,+49,22:07,+55,23:22,+71,00:29,+85
-1479-Dec-31,N, 0.954,-0.041,05:42,+19,-,-,-,-,07:46,-05,-,-,-,-,09:49,-25
-1478-May-28,N, 0.012,-1.057,03:49,+22,-,-,-,-,04:06,+19,-,-,-,-,04:23,+15
-1478-Jun-26,N, 0.562,-0.502,17:02,-27,-,-,-,-,18:52,-05,-,-,-,-,20:43,+15
-1477-May-17,P, 1.423, 0.377,02:55,+33,04:21,+17,-,-,05:32,+03,-,-,06:42,-12,08:09,-31
-1477-Nov-10,T, 2.202, 1.185,22:59,+67,00:01,+76,01:12,+71,01:43,+65,02:15,+59,03:25,+45,04:28,+31
-1476-Oct-30,T, 2.267, 1.193,06:09,+04,07:19,-11,08:34,-26,09:07,-32,09:40,-37,10:54,-48,12:05,-53
-1475-Apr-25,P, 1.441, 0.491,00:50,+53,01:58,+47,-,-,03:09,+35,-,-,04:21,+22,05:29,+07
-1474-Apr-14,N, 0.134,-0.810,19:31,+11,-,-,-,-,20:19,+21,-,-,-,-,21:08,+31
-1474-Sep-08,N, 0.633,-0.415,15:34,-45,-,-,-,-,17:25,-21,-,-,-,-,19:17,+03
-1473-Mar-05,T, 2.230, 1.214,22:41,+58,23:45,+70,00:56,+74,01:30,+71,02:04,+65,03:15,+51,04:19,+38
-1473-Aug-29,T, 2.017, 1.029,00:42,+47,01:43,+43,03:07,+32,03:20,+30,03:33,+28,04:57,+13,05:59,+01
-1472-Feb-23,T, 2.145, 1.074,04:01,+41,05:13,+25,06:37,+07,06:59,+03,07:21,-02,08:46,-19,09:58,-32
-1472-Aug-17,T, 2.357, 1.401,16:05,-39,17:00,-28,18:01,-15,18:42,-06,19:24,+02,20:24,+14,21:19,+24
-1471-Feb-11,N, 0.821,-0.266,04:54,+30,-,-,-,-,07:05,+02,-,-,-,-,09:17,-23
-1470-Jan-01,N, 0.928,-0.105,16:30,-13,-,-,-,-,18:37,+11,-,-,-,-,20:45,+37
-1470-Dec-22,T, 2.248, 1.264,03:51,+42,04:49,+30,05:55,+16,06:30,+09,07:06,+02,08:11,-10,09:09,-20
-1469-Dec-11,T, 2.215, 1.244,19:25,+23,20:22,+35,21:27,+49,22:01,+57,22:35,+64,23:40,+78,00:37,+85
-1467-May-25,N, 0.472,-0.533,19:52,+12,-,-,-,-,21:27,+29,-,-,-,-,23:02,+41
-1467-Oct-21,N, 0.768,-0.319,02:27,+52,-,-,-,-,04:32,+26,-,-,-,-,06:38,-01
-1466-Apr-16,P, 1.843, 0.898,00:58,+57,01:57,+50,-,-,03:28,+35,-,-,04:58,+17,05:57,+04
-1466-Oct-10,P, 1.995, 0.893,01:07,+61,02:25,+50,-,-,04:07,+30,-,-,05:48,+08,07:06,-09
-1465-Apr-05,T, 2.478, 1.526,17:55,-08,18:49,+03,19:48,+16,20:34,+25,21:19,+35,22:18,+46,23:13,+55
-1465-Sep-29,T, 2.517, 1.451,02:05,+50,03:13,+38,04:18,+25,05:05,+15,05:51,+05,06:57,-09,08:05,-23
-1463-Feb-13,N, 0.897,-0.186,00:14,+78,-,-,-,-,02:29,+63,-,-,-,-,04:45,+34
-1463-Aug-08,N, 0.904,-0.049,16:42,-32,-,-,-,-,18:39,-07,-,-,-,-,20:35,+15
-1463-Sep-07,N, 0.034,-0.930,02:54,+36,-,-,-,-,03:19,+32,-,-,-,-,03:44,+28
-1462-Feb-01,T, 2.200, 1.116,23:10,+68,00:23,+82,01:44,+74,02:11,+69,02:38,+63,03:59,+45,05:13,+29
-1461-Jan-22,T, 2.248, 1.206,02:50,+59,03:56,+44,05:08,+29,05:42,+22,06:16,+15,07:28,+00,08:34,-12
-1461-Jul-18,T, 2.127, 1.100,18:44,-06,19:51,+06,21:10,+20,21:34,+24,21:59,+27,23:18,+36,00:24,+39
-1460-Jan-11,N, 0.979,-0.010,14:17,-34,-,-,-,-,16:21,-16,-,-,-,-,18:25,+06
-1460-Jul-06,N, 0.701,-0.367,23:30,+36,-,-,-,-,01:32,+35,-,-,-,-,03:33,+20
-1460-Dec-01,P, 0.990, 0.013,19:05,+18,20:54,+41,-,-,21:07,+44,-,-,21:19,+47,23:09,+70
-1458-May-16,T, 2.727, 1.738,17:17,-20,18:16,-07,19:15,+05,20:06,+15,20:57,+24,21:56,+34,22:55,+41
-1458-Nov-10,T, 2.272, 1.194,14:29,-38,15:40,-26,16:55,-12,17:28,-05,18:01,+02,19:16,+18,20:26,+33
-1457-Oct-30,N, 1.008,-0.098,15:23,-32,-,-,-,-,17:47,-03,-,-,-,-,20:10,+29
-1456-Mar-26,N, 0.789,-0.175,18:38,+02,-,-,-,-,20:30,+26,-,-,-,-,22:23,+48
-1456-Apr-25,N, 0.257,-0.687,02:47,+38,-,-,-,-,03:53,+26,-,-,-,-,04:59,+13
-1456-Sep-18,N, 0.594,-0.453,23:38,+52,-,-,-,-,01:26,+52,-,-,-,-,03:14,+37
-1455-Mar-16,T, 2.125, 1.108,06:12,+08,07:17,-06,08:35,-22,09:00,-27,09:25,-32,10:43,-46,11:48,-54
-1454-Aug-29,T, 2.425, 1.467,00:21,+47,01:16,+46,02:15,+40,02:59,+34,03:42,+27,04:42,+16,05:36,+05
-1453-Aug-18,P, 1.127, 0.155,16:56,-28,18:23,-09,-,-,19:05,-01,-,-,19:48,+08,21:15,+24
-1452-Jan-13,N, 0.904,-0.123,00:51,+86,-,-,-,-,02:57,+59,-,-,-,-,05:02,+32
-1452-Jul-08,N, 1.020,-0.019,16:36,-33,-,-,-,-,18:54,-06,-,-,-,-,21:11,+19
-1451-Jan-01,T, 2.230, 1.250,12:36,-39,13:34,-37,14:39,-31,15:14,-27,15:49,-22,16:54,-11,17:52,+00
-1451-Jun-27,T, 2.393, 1.322,18:13,-12,19:24,+02,20:35,+15,21:17,+22,21:59,+28,23:11,+36,00:22,+39
-1451-Dec-22,T, 2.222, 1.252,04:19,+36,05:16,+24,06:21,+10,06:55,+04,07:30,-03,08:35,-15,09:31,-24
-1450-Jun-16,P, 1.993, 0.938,19:14,+02,20:27,+16,-,-,22:08,+31,-,-,23:50,+40,01:03,+39
-1450-Dec-11,N, 0.957,-0.048,19:15,+20,-,-,-,-,21:20,+47,-,-,-,-,23:25,+74
-1449-May-07,N, 0.304,-0.672,18:02,-10,-,-,-,-,19:17,+05,-,-,-,-,20:32,+20
-1449-Jun-06,N, 0.622,-0.381,02:41,+31,-,-,-,-,04:28,+13,-,-,-,-,06:15,-08
-1447-Apr-16,T, 2.601, 1.649,01:29,+54,02:23,+47,03:21,+37,04:09,+27,04:58,+17,05:55,+05,06:50,-07
-1446-Apr-05,P, 1.189, 0.190,15:45,-36,17:15,-18,-,-,18:04,-08,-,-,18:53,+03,20:23,+22
-1446-Sep-28,P, 1.258, 0.252,19:11,+08,20:35,+26,-,-,21:30,+37,-,-,22:25,+47,23:50,+58
-1445-Aug-20,N, 0.829,-0.127,00:55,+45,-,-,-,-,02:47,+35,-,-,-,-,04:40,+16
-1444-Feb-13,T, 2.126, 1.047,06:38,+07,07:52,-08,09:20,-24,09:37,-27,09:55,-30,11:23,-42,12:37,-47
-1444-Aug-08,T, 2.102, 1.121,15:42,-45,16:42,-32,17:56,-17,18:21,-11,18:47,-06,20:01,+08,21:01,+19
-1443-Jul-29,T, 2.238, 1.205,01:59,+35,03:05,+26,04:17,+15,04:51,+08,05:25,+02,06:38,-12,07:44,-26
-1442-Jan-21,P, 1.014, 0.030,22:45,+64,00:32,+86,-,-,00:51,+86,-,-,01:10,+83,02:56,+60
-1442-Dec-13,P, 0.984, 0.007,04:01,+39,05:54,+15,-,-,06:03,+13,-,-,06:12,+11,08:05,-11
-1441-Jun-07,P, 1.120, 0.078,16:25,-33,18:15,-10,-,-,18:48,-03,-,-,19:22,+03,21:12,+23
-1441-Dec-02,T, 2.203, 1.180,16:28,-14,17:31,-02,18:42,+13,19:13,+19,19:45,+26,20:56,+41,21:59,+55
-1440-May-27,T, 2.581, 1.595,00:26,+44,01:25,+41,02:25,+34,03:14,+27,04:02,+18,05:03,+07,06:02,-05
-1440-Nov-20,T, 2.275, 1.195,22:50,+68,00:01,+80,01:15,+73,01:49,+67,02:22,+60,03:37,+43,04:48,+28
-1439-May-16,P, 1.715, 0.769,15:39,-41,16:40,-29,-,-,18:06,-11,-,-,19:31,+07,20:33,+18
-1439-Nov-09,N, 1.019,-0.088,23:28,+73,-,-,-,-,01:52,+64,-,-,-,-,04:16,+33
-1438-Apr-07,N, 0.667,-0.297,02:22,+52,-,-,-,-,04:07,+31,-,-,-,-,05:51,+09
-1437-Mar-27,P, 2.005, 0.987,13:32,-57,14:39,-48,-,-,16:19,-30,-,-,17:58,-09,19:05,+05
-1437-Sep-19,P, 1.926, 0.937,17:24,-17,18:27,-04,-,-,20:00,+16,-,-,21:34,+35,22:36,+46
-1436-Mar-15,T, 2.356, 1.288,18:09,-03,19:20,+12,20:32,+27,21:12,+36,21:52,+44,23:04,+58,00:14,+68
-1435-Mar-04,N, 1.007,-0.071,19:02,+09,-,-,-,-,21:24,+40,-,-,-,-,23:46,+67
-1435-Aug-29,P, 1.192, 0.214,01:02,+47,02:25,+39,-,-,03:15,+32,-,-,04:05,+23,05:28,+07
-1434-Jul-19,N, 0.895,-0.151,23:44,+37,-,-,-,-,01:55,+34,-,-,-,-,04:05,+17
-1433-Jan-12,T, 2.206, 1.230,21:17,+45,22:14,+58,23:21,+72,23:54,+79,00:28,+86,01:34,+78,02:32,+65
-1433-Jul-09,T, 2.249, 1.175,00:50,+37,02:03,+32,03:20,+22,03:53,+17,04:26,+12,05:43,-03,06:56,-17
-1432-Jan-02,T, 2.236, 1.267,13:09,-39,14:05,-35,15:10,-28,15:45,-23,16:20,-17,17:25,-05,18:21,+05
-1432-Jun-27,T, 2.142, 1.088,01:52,+34,03:03,+25,04:26,+11,04:49,+07,05:13,+03,06:35,-14,07:46,-28
-1432-Dec-22,N, 0.959,-0.048,03:58,+41,-,-,-,-,06:03,+14,-,-,-,-,08:09,-10
-1431-May-18,N, 0.177,-0.795,01:36,+41,-,-,-,-,02:33,+34,-,-,-,-,03:30,+25
-1431-Nov-11,N, 0.750,-0.343,18:53,+15,-,-,-,-,20:58,+42,-,-,-,-,23:03,+69
-1430-May-07,P, 1.580, 0.639,16:09,-34,17:12,-21,-,-,18:32,-04,-,-,19:51,+12,20:54,+24
-1430-Oct-31,P, 1.968, 0.863,17:11,-09,18:30,+07,-,-,20:10,+29,-,-,21:50,+51,23:09,+66
-1429-Oct-20,T, 2.557, 1.492,18:32,+05,19:39,+20,20:44,+34,21:31,+44,22:18,+53,23:23,+64,00:30,+69
-1428-Apr-15,P, 1.313, 0.312,22:53,+52,00:16,+58,-,-,01:18,+56,-,-,02:19,+49,03:42,+34
-1428-Oct-09,P, 1.282, 0.276,03:45,+33,05:08,+15,-,-,06:05,+03,-,-,07:02,-09,08:24,-26
-1427-Mar-06,N, 0.701,-0.377,14:46,-43,-,-,-,-,16:48,-21,-,-,-,-,18:50,+04
-1427-Sep-28,N, 0.112,-0.856,19:46,+15,-,-,-,-,20:30,+24,-,-,-,-,21:14,+33
-1426-Feb-23,P, 2.038, 0.964,13:57,-45,15:12,-36,-,-,16:55,-18,-,-,18:38,+03,19:52,+19
-1426-Aug-19,T, 2.025, 1.037,23:39,+44,00:41,+45,02:03,+40,02:18,+38,02:32,+36,03:55,+24,04:57,+12
-1425-Feb-12,T, 2.359, 1.331,18:40,+07,19:44,+20,20:51,+35,21:32,+44,22:12,+52,23:19,+67,00:23,+78
-1424-Feb-02,P, 1.062, 0.083,07:04,+04,08:40,-15,-,-,09:12,-20,-,-,09:43,-25,11:19,-38
-1423-Jun-17,N, 0.976,-0.063,23:18,+39,-,-,-,-,01:33,+37,-,-,-,-,03:48,+20
-1423-Dec-13,T, 2.199, 1.174,01:08,+77,02:12,+64,03:24,+48,03:55,+42,04:25,+35,05:37,+20,06:41,+07
-1421-May-27,P, 1.855, 0.911,23:03,+41,00:02,+44,-,-,01:33,+40,-,-,03:04,+28,04:02,+18
-1420-May-16,N, 0.513,-0.432,17:20,-20,-,-,-,-,18:52,-01,-,-,-,-,20:24,+17
-1420-Oct-10,N, 0.553,-0.493,16:11,-29,-,-,-,-,17:55,-07,-,-,-,-,19:39,+16
-1419-Apr-06,P, 1.876, 0.857,20:46,+29,21:55,+43,-,-,23:30,+58,-,-,01:05,+60,02:14,+53
-1419-Sep-30,P, 1.899, 0.909,01:58,+51,03:01,+40,-,-,04:33,+22,-,-,06:05,+03,07:08,-10
-1418-Mar-27,T, 2.481, 1.414,01:00,+65,02:10,+56,03:18,+43,04:04,+34,04:50,+24,05:59,+09,07:08,-06
-1418-Sep-19,T, 2.524, 1.560,17:18,-18,18:13,-06,19:11,+06,19:57,+16,20:43,+26,21:41,+37,22:35,+46
-1417-Mar-16,P, 1.121, 0.047,01:53,+62,03:54,+39,-,-,04:21,+33,-,-,04:47,+27,06:49,+01
-1416-Feb-03,N, 0.822,-0.193,17:15,-09,-,-,-,-,19:15,+15,-,-,-,-,21:15,+40
-1415-Jan-23,T, 2.167, 1.196,05:49,+19,06:47,+07,07:55,-06,08:26,-12,08:57,-17,10:05,-28,11:03,-35
-1414-Jan-12,T, 2.261, 1.293,21:51,+53,22:47,+65,23:51,+79,00:27,+85,01:04,+83,02:08,+70,03:04,+58
-1413-Jun-27,N, 0.904,-0.094,16:40,-31,-,-,-,-,18:44,-06,-,-,-,-,20:49,+17
-1413-Nov-23,N, 0.746,-0.349,03:08,+48,-,-,-,-,05:13,+21,-,-,-,-,07:18,-04
-1412-May-17,P, 1.444, 0.504,23:43,+45,00:49,+45,-,-,02:01,+39,-,-,03:13,+28,04:19,+17
-1412-Nov-11,P, 1.962, 0.858,01:19,+69,02:38,+54,-,-,04:18,+32,-,-,05:58,+11,07:17,-06
-1411-May-07,T, 2.801, 1.847,16:24,-31,17:19,-19,18:16,-07,19:06,+03,19:56,+13,20:53,+24,21:47,+33
-1411-Oct-31,T, 2.563, 1.499,02:56,+47,04:02,+33,05:07,+19,05:54,+09,06:41,-01,07:46,-15,08:53,-28
-1410-Apr-27,P, 1.445, 0.442,05:56,+01,07:13,-16,-,-,08:25,-31,-,-,09:38,-47,10:55,-62
-1409-Mar-17,N, 0.585,-0.492,21:51,+45,-,-,-,-,23:44,+64,-,-,-,-,01:37,+64
-1409-Sep-10,N, 0.719,-0.244,17:44,-14,-,-,-,-,19:30,+09,-,-,-,-,21:16,+30
-1409-Oct-10,N, 0.134,-0.836,04:28,+24,-,-,-,-,05:16,+14,-,-,-,-,06:05,+04
-1408-Mar-05,P, 1.937, 0.868,21:09,+38,22:24,+53,-,-,00:04,+70,-,-,01:43,+68,02:58,+54
-1407-Feb-23,T, 2.432, 1.411,02:24,+63,03:27,+49,04:32,+35,05:16,+26,06:00,+16,07:04,+02,08:07,-11
-1407-Aug-19,T, 2.427, 1.380,16:47,-30,17:54,-16,19:01,-02,19:44,+07,20:28,+15,21:35,+27,22:41,+37
-1406-Feb-12,P, 1.120, 0.146,15:17,-32,16:44,-17,-,-,17:26,-10,-,-,18:07,-01,19:35,+17
-1406-Aug-08,N, 1.059,-0.022,19:44,+06,-,-,-,-,22:09,+30,-,-,-,-,00:34,+42
-1405-Jan-03,N, 0.952,-0.024,21:41,+51,-,-,-,-,23:42,+77,-,-,-,-,01:42,+75
-1404-Jun-17,T, 2.302, 1.320,14:56,-53,15:56,-41,17:01,-27,17:40,-19,18:20,-11,19:25,+02,20:25,+13
-1404-Dec-12,T, 2.286, 1.202,15:24,-24,16:35,-12,17:50,+02,18:24,+09,18:58,+16,20:13,+32,21:24,+47
-1403-Dec-01,N, 1.032,-0.075,15:43,-22,-,-,-,-,18:08,+06,-,-,-,-,20:32,+37
-1402-Apr-28,N, 0.400,-0.566,17:37,-15,-,-,-,-,19:00,+03,-,-,-,-,20:24,+20
-1402-May-28,N, 0.646,-0.301,00:37,+43,-,-,-,-,02:18,+34,-,-,-,-,04:00,+18
-1402-Oct-22,N, 0.547,-0.498,00:37,+67,-,-,-,-,02:21,+54,-,-,-,-,04:04,+33
-1401-Apr-18,P, 1.736, 0.716,03:51,+30,05:03,+15,-,-,06:32,-04,-,-,08:02,-24,09:14,-39
-1400-Sep-30,T, 2.555, 1.589,01:59,+51,02:54,+42,03:51,+31,04:38,+21,05:24,+12,06:22,-01,07:17,-12
-1399-Sep-19,P, 1.286, 0.297,17:38,-13,18:57,+04,-,-,19:55,+16,-,-,20:54,+29,22:13,+44
-1398-Feb-14,N, 0.764,-0.244,01:19,+78,-,-,-,-,03:15,+55,-,-,-,-,05:10,+29
-1397-Feb-03,T, 2.119, 1.151,14:16,-38,15:13,-31,16:23,-20,16:51,-15,17:19,-10,18:29,+04,19:27,+15
-1397-Jul-30,P, 1.996, 0.916,14:27,-62,15:43,-46,-,-,17:26,-24,-,-,19:08,-03,20:24,+12
-1396-Jan-24,T, 2.295, 1.329,06:26,+11,07:22,+00,08:25,-12,09:03,-19,09:42,-25,10:44,-34,11:40,-40
-1396-Jul-18,T, 2.411, 1.357,15:34,-47,16:42,-32,17:50,-18,18:33,-09,19:17,-01,20:25,+12,21:33,+23
-1395-Jan-12,N, 0.988,-0.020,21:02,+42,-,-,-,-,23:10,+69,-,-,-,-,01:17,+81
-1395-Jul-07,P, 1.034, 0.037,23:52,+39,01:41,+36,-,-,02:03,+34,-,-,02:25,+31,04:14,+15
-1393-May-18,T, 2.663, 1.707,23:48,+46,00:43,+46,01:40,+42,02:29,+35,03:19,+28,04:16,+17,05:11,+07
-1392-Oct-30,P, 1.304, 0.301,21:12,+43,22:33,+59,-,-,23:32,+69,-,-,00:31,+72,01:51,+63
-1391-Mar-28,N, 0.456,-0.618,04:49,+23,-,-,-,-,06:30,+01,-,-,-,-,08:11,-21
-1391-Apr-26,N, 0.110,-0.946,20:27,+22,-,-,-,-,21:18,+32,-,-,-,-,22:08,+41
-1391-Sep-21,N, 0.682,-0.285,02:19,+46,-,-,-,-,04:03,+28,-,-,-,-,05:47,+06
-1390-Mar-17,P, 1.824, 0.760,04:14,+33,05:30,+17,-,-,07:05,-04,-,-,08:40,-24,09:56,-39
-1390-Sep-10,P, 1.909, 0.910,15:56,-38,17:00,-24,-,-,18:34,-04,-,-,20:08,+16,21:12,+29
-1389-Aug-31,T, 2.501, 1.448,00:23,+48,01:30,+45,02:36,+38,03:22,+31,04:08,+23,05:13,+10,06:20,-04
-1388-Feb-23,P, 1.193, 0.224,23:20,+67,00:41,+78,-,-,01:32,+74,-,-,02:22,+65,03:44,+48
-1388-Aug-19,P, 1.153, 0.068,02:48,+32,04:46,+12,-,-,05:18,+06,-,-,05:50,+00,07:48,-25
-1387-Jan-14,N, 0.922,-0.054,06:22,+11,-,-,-,-,08:21,-12,-,-,-,-,10:20,-31
-1386-Jan-03,T, 2.170, 1.143,18:13,+06,19:18,+19,20:32,+35,21:00,+41,21:28,+47,22:42,+63,23:47,+77
-1386-Jun-28,T, 2.170, 1.190,22:18,+32,23:18,+37,00:28,+39,01:00,+38,01:32,+36,02:42,+29,03:42,+20
-1386-Dec-23,T, 2.298, 1.214,23:35,+78,00:47,+84,02:01,+68,02:36,+61,03:11,+53,04:25,+37,05:37,+22
-1385-Dec-12,N, 1.042,-0.063,23:47,+82,-,-,-,-,02:12,+65,-,-,-,-,04:38,+33
-1384-May-09,N, 0.259,-0.709,01:12,+49,-,-,-,-,02:20,+41,-,-,-,-,03:29,+30
-1383-Oct-21,P, 1.871, 0.882,19:26,+18,20:29,+31,-,-,22:00,+50,-,-,23:31,+66,00:34,+70
-1382-Apr-17,T, 2.769, 1.703,14:17,-55,15:26,-42,16:31,-29,17:23,-18,18:16,-06,19:21,+07,20:29,+22
-1381-Apr-06,P, 1.385, 0.320,15:14,-43,16:46,-24,-,-,17:52,-10,-,-,18:59,+04,20:31,+23
-1381-Oct-01,P, 1.315, 0.322,02:07,+50,03:26,+36,-,-,04:26,+24,-,-,05:27,+11,06:45,-06
-1380-Mar-25,N, 0.074,-0.949,21:41,+41,-,-,-,-,22:21,+49,-,-,-,-,23:00,+55
-1380-Aug-20,N, 0.591,-0.473,21:49,+30,-,-,-,-,23:40,+43,-,-,-,-,01:31,+43
-1379-Feb-13,T, 2.054, 1.092,22:33,+59,23:31,+71,00:45,+80,01:07,+79,01:29,+76,02:43,+62,03:41,+49
-1379-Aug-09,P, 1.891, 0.807,21:29,+25,22:48,+36,-,-,00:26,+42,-,-,02:04,+38,03:22,+28
-1378-Feb-03,T, 2.342, 1.377,14:52,-34,15:48,-26,16:49,-15,17:30,-08,18:11,+00,19:12,+13,20:08,+24
-1378-Jul-29,T, 2.529, 1.475,22:38,+34,23:45,+40,00:51,+40,01:38,+38,02:25,+33,03:31,+24,04:39,+13
-1377-Jan-24,P, 1.019, 0.010,05:22,+25,07:20,+00,-,-,07:31,-02,-,-,07:43,-04,09:41,-25
-1377-Dec-14,N, 0.727,-0.370,19:31,+25,-,-,-,-,21:35,+51,-,-,-,-,23:39,+78
-1376-Dec-02,P, 1.952, 0.850,17:38,+01,18:57,+17,-,-,20:37,+38,-,-,22:16,+60,23:35,+77
-1375-Nov-21,T, 2.564, 1.505,19:53,+29,20:59,+43,22:03,+57,22:50,+67,23:37,+76,00:41,+80,01:47,+68
-1374-May-18,P, 1.727, 0.718,19:46,+12,20:57,+25,-,-,22:25,+39,-,-,23:54,+46,01:05,+45
-1374-Nov-11,P, 1.306, 0.304,06:02,+07,07:23,-09,-,-,08:22,-21,-,-,09:21,-32,10:41,-43
-1373-May-08,N, 0.257,-0.801,02:33,+39,-,-,-,-,03:49,+26,-,-,-,-,05:06,+11
-1373-Oct-31,N, 0.154,-0.818,22:12,+55,-,-,-,-,23:04,+64,-,-,-,-,23:56,+71
-1372-Sep-21,P, 1.870, 0.864,00:14,+57,01:20,+54,-,-,02:52,+41,-,-,04:25,+24,05:30,+10
-1371-Mar-16,T, 2.620, 1.612,17:30,-12,18:30,+01,19:32,+14,20:21,+24,21:10,+35,22:11,+48,23:12,+59
-1369-Jan-25,N, 0.880,-0.095,14:55,-33,-,-,-,-,16:53,-14,-,-,-,-,18:50,+09
-1369-Feb-24,N, 0.032,-0.923,01:37,+73,-,-,-,-,02:01,+69,-,-,-,-,02:25,+64
-1369-Jul-20,N, 0.603,-0.433,20:38,+16,-,-,-,-,22:28,+33,-,-,-,-,00:17,+40
-1368-Jan-15,T, 2.138, 1.111,02:33,+62,03:38,+48,04:55,+31,05:20,+26,05:45,+21,07:02,+05,08:07,-07
-1367-Jun-28,T, 2.254, 1.310,21:35,+26,22:29,+32,23:32,+37,00:10,+38,00:48,+38,01:51,+34,02:46,+28
-1366-Nov-12,N, 0.552,-0.490,17:44,-02,-,-,-,-,19:27,+20,-,-,-,-,21:10,+43
-1365-May-09,P, 1.437, 0.412,17:46,-13,19:08,+04,-,-,20:20,+18,-,-,21:32,+31,22:53,+43
-1365-Nov-02,P, 1.869, 0.881,04:19,+29,05:21,+15,-,-,06:52,-04,-,-,08:22,-22,09:25,-33
-1364-Apr-27,T, 2.857, 1.791,20:46,+27,21:55,+39,23:00,+48,23:53,+52,00:46,+52,01:51,+47,02:59,+37
-1364-Oct-21,T, 2.590, 1.620,19:37,+21,20:32,+33,21:30,+45,22:17,+54,23:04,+63,00:01,+70,00:56,+69
-1363-Apr-16,P, 1.531, 0.469,21:47,+40,23:12,+52,-,-,00:30,+56,-,-,01:49,+51,03:14,+37
-1362-Mar-07,N, 0.607,-0.388,17:05,-17,-,-,-,-,18:49,+05,-,-,-,-,20:33,+27
-1362-Apr-06,N, 0.200,-0.816,04:27,+25,-,-,-,-,05:31,+11,-,-,-,-,06:35,-03
-1362-Sep-01,N, 0.515,-0.556,05:24,+06,-,-,-,-,07:08,-15,-,-,-,-,08:53,-38
-1361-Feb-25,T, 1.980, 1.022,06:44,+05,07:42,-07,09:06,-24,09:17,-26,09:28,-28,10:51,-41,11:49,-48
-1361-Aug-21,P, 1.797, 0.710,04:40,+13,06:00,-03,-,-,07:34,-22,-,-,09:07,-42,10:28,-59
-1360-Feb-14,T, 2.401, 1.439,23:10,+67,00:05,+77,01:05,+79,01:48,+72,02:31,+63,03:31,+51,04:27,+38
-1359-Jul-29,P, 1.265, 0.270,14:43,-58,16:06,-40,-,-,17:03,-28,-,-,18:00,-16,19:23,+00
-1359-Dec-25,N, 0.707,-0.389,03:36,+47,-,-,-,-,05:38,+21,-,-,-,-,07:41,-03
-1358-Jun-19,P, 1.048, 0.107,22:32,+33,00:00,+38,-,-,00:35,+38,-,-,01:10,+37,02:38,+29
-1358-Dec-14,P, 1.942, 0.842,01:45,+70,03:04,+53,-,-,04:43,+31,-,-,06:22,+11,07:40,-05
-1357-Jun-09,T, 2.387, 1.425,14:32,-58,15:29,-46,16:30,-33,17:14,-24,17:57,-15,18:58,-03,19:54,+08
-1357-Dec-03,T, 2.564, 1.509,04:23,+32,05:28,+18,06:32,+05,07:19,-04,08:06,-13,09:10,-24,10:16,-34
-1356-May-29,P, 1.872, 0.859,02:38,+32,03:46,+20,-,-,05:22,+02,-,-,06:57,-17,08:05,-32
-1356-Nov-21,P, 1.307, 0.308,14:54,-32,16:13,-19,-,-,17:13,-07,-,-,18:12,+05,19:32,+21
-1355-Apr-18,N, 0.171,-0.900,18:36,-01,-,-,-,-,19:39,+12,-,-,-,-,20:43,+25
-1355-Oct-12,N, 0.638,-0.335,19:48,+22,-,-,-,-,21:29,+43,-,-,-,-,23:10,+61
-1354-Apr-07,P, 1.565, 0.513,18:05,-06,19:27,+11,-,-,20:48,+28,-,-,22:08,+43,23:30,+56
-1353-Mar-28,T, 2.732, 1.730,00:53,+65,01:53,+59,02:53,+48,03:43,+38,04:34,+28,05:34,+15,06:34,+02
-1353-Sep-21,T, 2.610, 1.545,15:59,-35,17:07,-20,18:11,-06,19:00,+04,19:49,+15,20:54,+28,22:01,+41
-1352-Mar-16,P, 1.372, 0.414,15:04,-41,16:15,-28,-,-,17:21,-15,-,-,18:28,-01,19:39,+14
-1352-Sep-09,P, 1.302, 0.208,17:25,-19,19:07,+03,-,-,20:02,+14,-,-,20:57,+25,22:40,+43
-1351-Feb-04,N, 0.828,-0.146,23:22,+70,-,-,-,-,01:16,+79,-,-,-,-,03:11,+56
-1351-Jul-31,N, 0.502,-0.534,04:02,+18,-,-,-,-,05:43,-01,-,-,-,-,07:23,-21
-1351-Aug-29,N, 0.050,-1.021,19:38,+07,-,-,-,-,20:13,+14,-,-,-,-,20:47,+20
-1349-Jan-14,T, 2.352, 1.268,15:33,-24,16:44,-12,17:57,+01,18:35,+09,19:14,+17,20:26,+32,21:37,+47
-1349-Jul-10,T, 2.376, 1.431,05:14,+01,06:08,-09,07:08,-21,07:50,-30,08:33,-39,09:33,-51,10:27,-63
-1348-Jan-03,N, 1.083,-0.017,15:41,-22,-,-,-,-,18:08,+05,-,-,-,-,20:35,+35
-1348-Jun-28,P, 1.029, 0.073,22:40,+33,00:15,+38,-,-,00:45,+37,-,-,01:14,+36,02:49,+27
-1348-Nov-23,N, 0.556,-0.483,02:21,+59,-,-,-,-,04:03,+37,-,-,-,-,05:46,+15
-1347-May-20,P, 1.284, 0.256,00:40,+47,02:10,+38,-,-,03:08,+30,-,-,04:06,+19,05:37,+02
-1347-Nov-12,P, 1.869, 0.882,13:13,-48,14:15,-41,-,-,15:46,-26,-,-,17:16,-08,18:19,+05
-1346-May-09,T, 2.696, 1.630,03:13,+31,04:22,+18,05:27,+04,06:19,-07,07:11,-18,08:16,-32,09:26,-47
-1346-Nov-02,T, 2.598, 1.625,04:33,+26,05:28,+14,06:25,+02,07:12,-08,08:00,-17,08:57,-28,09:52,-37
-1345-Apr-28,P, 1.684, 0.626,04:16,+21,05:36,+04,-,-,07:04,-15,-,-,08:32,-34,09:52,-51
-1345-Oct-22,P, 1.343, 0.340,19:23,+18,20:42,+35,-,-,21:45,+49,-,-,22:47,+61,00:06,+71
-1344-Mar-18,N, 0.510,-0.478,00:49,+70,-,-,-,-,02:25,+58,-,-,-,-,04:01,+39
-1343-Mar-07,P, 1.893, 0.939,14:47,-42,15:46,-32,-,-,17:18,-15,-,-,18:50,+04,19:49,+16
-1342-Aug-20,T, 2.723, 1.668,13:19,-74,14:25,-61,15:29,-48,16:20,-37,17:11,-26,18:14,-12,19:20,+01
-1341-Feb-14,P, 1.119, 0.110,21:29,+44,23:07,+65,-,-,23:44,+72,-,-,00:22,+77,01:59,+70
-1341-Aug-09,P, 1.363, 0.368,22:23,+35,23:41,+42,-,-,00:47,+43,-,-,01:52,+40,03:10,+30
-1339-Jun-19,T, 2.254, 1.288,21:57,+29,22:54,+35,23:59,+39,00:37,+39,01:14,+37,02:20,+32,03:17,+24
-1339-Dec-13,T, 2.565, 1.514,12:53,-41,13:58,-36,15:01,-29,15:48,-21,16:36,-13,17:39,-01,18:44,+12
-1338-Dec-02,P, 1.307, 0.311,23:46,+80,01:05,+77,-,-,02:05,+65,-,-,03:04,+52,04:24,+35
-1337-Apr-30,N, 0.019,-1.050,01:45,+46,-,-,-,-,02:06,+43,-,-,-,-,02:28,+40
-1337-Oct-24,N, 0.628,-0.348,04:39,+24,-,-,-,-,06:20,+02,-,-,-,-,08:01,-19
-1337-Nov-22,N, 0.154,-0.818,16:11,-20,-,-,-,-,17:03,-10,-,-,-,-,17:55,+01
-1336-Apr-18,P, 1.425, 0.377,00:55,+55,02:22,+45,-,-,03:32,+33,-,-,04:43,+19,06:09,+01
-1336-Oct-12,P, 1.824, 0.807,17:10,-14,18:18,+01,-,-,19:49,+21,-,-,21:19,+40,22:27,+53
-1335-Oct-01,T, 2.647, 1.576,23:57,+60,01:05,+59,02:10,+51,02:59,+42,03:48,+33,04:53,+19,06:01,+05
-1334-Mar-27,P, 1.478, 0.523,22:46,+55,23:53,+64,-,-,01:07,+65,-,-,02:21,+55,03:28,+43
-1334-Sep-21,P, 1.356, 0.258,00:58,+55,02:37,+43,-,-,03:38,+32,-,-,04:38,+20,06:18,-01
-1333-Mar-17,N, 0.194,-0.756,17:02,-19,-,-,-,-,18:00,-07,-,-,-,-,18:58,+06
-1333-Sep-10,N, 0.118,-0.954,02:58,+36,-,-,-,-,03:50,+27,-,-,-,-,04:42,+17
-1332-Feb-05,T, 2.041, 1.013,18:48,+09,19:55,+23,21:26,+43,21:35,+45,21:44,+47,23:14,+66,00:21,+79
-1332-Jul-30,P, 1.841, 0.863,21:11,+22,22:14,+32,-,-,23:45,+40,-,-,01:16,+40,02:20,+35
-1331-Jan-24,T, 2.398, 1.316,23:17,+71,00:29,+84,01:39,+76,02:21,+67,03:02,+58,04:13,+43,05:24,+27
-1330-Jan-13,P, 1.118, 0.021,23:27,+74,01:38,+76,-,-,01:56,+72,-,-,02:14,+68,04:25,+40
-1329-Nov-23,P, 1.871, 0.886,22:10,+59,23:12,+72,-,-,00:42,+79,-,-,02:13,+63,03:15,+49
-1328-Nov-12,T, 2.599, 1.625,13:32,-45,14:27,-38,15:25,-29,16:12,-20,16:59,-11,17:56,+01,18:51,+12
-1327-Nov-02,P, 1.346, 0.340,04:08,+32,05:27,+14,-,-,06:30,+01,-,-,07:32,-12,08:51,-27
-1326-Apr-27,N, 0.478,-0.528,18:04,-09,-,-,-,-,19:40,+11,-,-,-,-,21:15,+30
-1326-Sep-22,N, 0.404,-0.678,20:59,+29,-,-,-,-,22:33,+46,-,-,-,-,00:07,+56
-1325-Mar-18,P, 1.793, 0.843,22:44,+56,23:44,+66,-,-,01:12,+68,-,-,02:40,+55,03:40,+43
-1325-Sep-11,P, 1.654, 0.561,19:30,+09,20:55,+26,-,-,22:20,+41,-,-,23:45,+51,01:10,+52
-1324-Mar-07,T, 2.560, 1.600,15:18,-37,16:13,-27,17:11,-16,17:58,-06,18:46,+03,19:44,+16,20:39,+28
-1324-Aug-30,T, 2.798, 1.743,20:56,+24,22:02,+36,23:05,+44,23:56,+48,00:48,+49,01:51,+45,02:57,+37
-1323-Feb-25,P, 1.189, 0.181,05:17,+23,06:48,+04,-,-,07:36,-06,-,-,08:23,-16,09:54,-33
-1322-Jan-15,N, 0.639,-0.455,19:27,+20,-,-,-,-,21:25,+45,-,-,-,-,23:22,+71
-1322-Aug-09,N, 0.207,-0.749,22:32,+36,-,-,-,-,23:32,+42,-,-,-,-,00:32,+44
-1321-Jan-04,P, 1.899, 0.807,17:48,+01,19:06,+17,-,-,20:43,+37,-,-,22:20,+58,23:39,+75
-1321-Dec-24,T, 2.575, 1.529,21:18,+48,22:22,+62,23:25,+75,00:13,+85,01:00,+82,02:04,+69,03:08,+55
-1320-Jun-19,T, 2.162, 1.140,16:21,-35,17:27,-21,18:43,-06,19:12,+00,19:40,+05,20:56,+19,22:02,+29
-1319-Jun-08,N, 0.716,-0.347,21:10,+24,-,-,-,-,23:13,+40,-,-,-,-,01:16,+40
-1319-Dec-03,N, 0.153,-0.818,01:11,+75,-,-,-,-,02:03,+65,-,-,-,-,02:55,+54
-1318-Oct-24,P, 1.815, 0.794,01:46,+60,02:55,+47,-,-,04:25,+28,-,-,05:55,+08,07:03,-06
-1317-Apr-18,T, 2.728, 1.737,15:28,-42,16:26,-29,17:26,-17,18:16,-06,19:07,+05,20:07,+17,21:05,+29
-1315-Feb-26,N, 0.682,-0.290,15:48,-31,-,-,-,-,17:34,-11,-,-,-,-,19:20,+11
-1315-Mar-28,N, 0.291,-0.658,00:39,+66,-,-,-,-,01:49,+60,-,-,-,-,03:00,+48
-1315-Aug-21,N, 0.343,-0.693,19:21,+04,-,-,-,-,20:44,+20,-,-,-,-,22:08,+35
-1314-Feb-16,P, 1.974, 0.946,02:42,+59,03:50,+45,-,-,05:28,+23,-,-,07:06,+03,08:13,-11
-1314-Aug-11,P, 1.753, 0.775,05:04,+07,06:09,-06,-,-,07:36,-24,-,-,09:04,-42,10:08,-56
-1313-Feb-05,T, 2.456, 1.375,06:54,+05,08:05,-09,09:14,-22,09:58,-29,10:42,-35,11:51,-42,13:02,-44
-1313-Jul-31,T, 2.589, 1.639,20:54,+19,21:47,+27,22:45,+35,23:32,+39,00:20,+41,01:17,+40,02:10,+36
-1312-Jan-25,P, 1.164, 0.072,07:05,+04,09:03,-18,-,-,09:36,-24,-,-,10:09,-29,12:07,-40
-1312-Dec-14,N, 0.561,-0.469,19:35,+24,-,-,-,-,21:17,+46,-,-,-,-,22:59,+68
-1310-May-30,T, 2.367, 1.300,16:02,-37,17:13,-22,18:25,-08,19:06,+01,19:47,+09,20:59,+22,22:10,+33
-1310-Nov-23,T, 2.599, 1.625,22:31,+65,23:27,+76,00:24,+81,01:11,+75,01:58,+65,02:56,+53,03:51,+41
-1309-May-19,P, 2.002, 0.950,17:14,-21,18:26,-06,-,-,20:08,+14,-,-,21:50,+32,23:03,+41
-1308-May-08,N, 0.624,-0.377,00:55,+47,-,-,-,-,02:42,+35,-,-,-,-,04:29,+16
-1308-Oct-03,N, 0.367,-0.720,04:56,+17,-,-,-,-,06:26,-02,-,-,-,-,07:57,-21
-1307-Mar-29,P, 1.683, 0.736,06:34,+00,07:35,-13,-,-,08:59,-31,-,-,10:23,-47,11:24,-57
-1307-Sep-22,P, 1.605, 0.509,03:10,+37,04:37,+20,-,-,05:58,+03,-,-,07:20,-15,08:47,-33
-1306-Mar-18,T, 2.658, 1.699,23:09,+61,00:04,+67,01:01,+68,01:50,+62,02:39,+54,03:36,+42,04:31,+31
-1306-Sep-11,T, 2.859, 1.803,04:44,+16,05:49,+02,06:52,-11,07:44,-22,08:35,-33,09:38,-46,10:43,-59
-1305-Aug-31,P, 1.518, 0.523,14:17,-61,15:29,-46,-,-,16:45,-29,-,-,18:00,-13,19:12,+02
-1304-Jan-27,N, 0.586,-0.506,03:11,+55,-,-,-,-,05:05,+31,-,-,-,-,06:58,+07
-1304-Jul-21,N, 0.704,-0.244,21:57,+27,-,-,-,-,23:41,+37,-,-,-,-,01:26,+37
-1303-Jan-15,P, 1.864, 0.777,01:41,+74,03:00,+57,-,-,04:35,+36,-,-,06:11,+16,07:30,+00
-1302-Jan-04,T, 2.590, 1.550,05:40,+20,06:44,+07,07:47,-05,08:35,-14,09:23,-22,10:25,-31,11:29,-37
-1302-Jun-30,T, 2.302, 1.274,23:15,+37,00:21,+39,01:31,+36,02:09,+32,02:47,+28,03:57,+17,05:02,+06
-1302-Dec-24,P, 1.320, 0.331,17:24,-03,18:41,+12,-,-,19:42,+25,-,-,20:43,+38,22:00,+54
-1301-Jun-20,N, 0.869,-0.198,03:28,+21,-,-,-,-,05:42,-03,-,-,-,-,07:55,-30
-1301-Nov-14,N, 0.621,-0.359,22:31,+64,-,-,-,-,00:12,+80,-,-,-,-,01:52,+66
-1300-May-09,P, 1.132, 0.093,14:32,-56,16:19,-34,-,-,16:55,-26,-,-,17:31,-18,19:19,+04
-1299-Apr-28,T, 2.591, 1.605,22:42,+46,23:41,+51,00:41,+52,01:30,+49,02:19,+43,03:19,+33,04:18,+22
-1299-Oct-23,T, 2.688, 1.608,16:12,-24,17:21,-09,18:26,+04,19:16,+15,20:06,+26,21:10,+40,22:19,+54
-1298-Oct-12,P, 1.426, 0.323,16:31,-23,18:07,-03,-,-,19:14,+12,-,-,20:21,+27,21:57,+46
-1297-Mar-09,N, 0.589,-0.383,23:50,+68,-,-,-,-,01:29,+67,-,-,-,-,03:09,+50
-1297-Sep-02,N, 0.286,-0.750,03:15,+33,-,-,-,-,04:32,+18,-,-,-,-,05:48,+03
-1297-Oct-01,N, 0.212,-0.861,18:28,-01,-,-,-,-,19:37,+14,-,-,-,-,20:46,+28
-1295-Feb-15,T, 2.529, 1.450,14:19,-41,15:29,-31,16:37,-20,17:24,-11,18:11,-01,19:18,+13,20:28,+28
-1295-Aug-11,T, 2.679, 1.726,04:55,+08,05:49,-02,06:45,-13,07:34,-23,08:23,-34,09:19,-46,10:13,-57
-1294-Feb-04,P, 1.224, 0.136,14:35,-36,16:23,-20,-,-,17:08,-12,-,-,17:53,-03,19:41,+19
-1294-Jul-31,P, 1.354, 0.384,21:26,+24,22:40,+34,-,-,23:45,+39,-,-,00:50,+40,02:04,+36
-1294-Dec-26,N, 0.556,-0.469,04:09,+39,-,-,-,-,05:50,+18,-,-,-,-,07:32,-03
-1293-Jun-21,N, 0.826,-0.215,21:17,+24,-,-,-,-,23:23,+38,-,-,-,-,01:30,+37
-1293-Dec-15,P, 1.867, 0.887,16:00,-19,17:01,-08,-,-,18:32,+10,-,-,20:02,+29,21:04,+42
-1292-Jun-09,T, 2.205, 1.136,22:28,+35,23:41,+41,01:01,+40,01:30,+38,01:59,+35,03:19,+24,04:32,+12
-1291-May-29,T, 2.161, 1.112,23:45,+43,00:55,+42,02:16,+34,02:42,+31,03:08,+27,04:29,+13,05:39,-01
-1291-Nov-23,P, 1.341, 0.328,21:42,+54,23:03,+71,-,-,00:05,+82,-,-,01:07,+77,02:27,+60
-1290-Apr-19,N, 0.174,-0.799,23:49,+56,-,-,-,-,00:46,+57,-,-,-,-,01:43,+52
-1289-Apr-09,P, 1.565, 0.621,14:19,-54,15:23,-42,-,-,16:41,-27,-,-,18:00,-10,19:03,+03
-1287-Mar-18,P, 1.370, 0.361,20:22,+26,21:43,+43,-,-,22:49,+55,-,-,23:55,+65,01:15,+66
-1287-Sep-10,P, 1.577, 0.581,22:28,+44,23:38,+52,-,-,00:57,+53,-,-,02:16,+45,03:26,+34
-1285-Jul-22,P, 1.893, 0.912,20:29,+14,21:32,+24,-,-,23:06,+35,-,-,00:39,+39,01:42,+37
-1284-Jan-15,T, 2.618, 1.583,13:56,-37,14:59,-30,16:01,-21,16:49,-13,17:38,-04,18:40,+08,19:43,+21
-1283-Jan-04,P, 1.338, 0.354,02:05,+67,03:21,+51,-,-,04:24,+37,-,-,05:26,+24,06:42,+09
-1283-Dec-24,N, 0.161,-0.808,19:02,+16,-,-,-,-,19:55,+27,-,-,-,-,20:48,+38
-1282-May-20,N, 0.982,-0.054,21:20,+28,-,-,-,-,23:35,+43,-,-,-,-,01:50,+39
-1282-Nov-14,P, 1.810, 0.781,19:04,+18,20:14,+33,-,-,21:44,+53,-,-,23:14,+71,00:24,+79
-1281-Nov-04,T, 2.697, 1.612,00:26,+74,01:36,+65,02:40,+52,03:31,+41,04:21,+31,05:25,+17,06:35,+02
-1280-Apr-28,P, 1.847, 0.903,21:24,+34,22:23,+43,-,-,23:54,+52,-,-,01:24,+50,02:23,+43
-1280-Oct-23,P, 1.445, 0.340,00:29,+69,02:04,+57,-,-,03:13,+43,-,-,04:22,+29,05:57,+08
-1279-Oct-12,N, 0.243,-0.830,02:30,+49,-,-,-,-,03:43,+35,-,-,-,-,04:56,+20
-1278-Mar-09,P, 1.793, 0.765,17:57,-06,19:09,+10,-,-,20:40,+29,-,-,22:12,+49,23:23,+62
-1278-Sep-01,P, 1.622, 0.643,21:21,+30,22:28,+41,-,-,23:49,+49,-,-,01:10,+49,02:17,+43
-1277-Feb-26,T, 2.617, 1.540,21:34,+44,22:43,+59,23:50,+71,00:39,+76,01:29,+73,02:35,+61,03:45,+46
-1276-Feb-15,P, 1.297, 0.214,21:55,+50,23:36,+71,-,-,00:31,+80,-,-,01:26,+77,03:07,+57
-1276-Aug-11,P, 1.442, 0.466,05:15,+04,06:27,-10,-,-,07:38,-24,-,-,08:49,-39,10:00,-54
-1275-Feb-04,N, 0.055,-0.987,03:10,+56,-,-,-,-,03:45,+48,-,-,-,-,04:19,+41
-1275-Jul-02,N, 0.684,-0.361,04:16,+13,-,-,-,-,06:13,-09,-,-,-,-,08:10,-33
-1275-Dec-26,P, 1.857, 0.880,00:51,+83,01:52,+70,-,-,03:22,+51,-,-,04:52,+31,05:53,+19
-1274-Jun-21,P, 2.048, 0.977,04:57,+05,06:12,-10,-,-,07:56,-32,-,-,09:41,-54,10:56,-70
-1274-Dec-15,T, 2.605, 1.630,16:26,-13,17:21,-03,18:19,+08,19:06,+18,19:53,+28,20:51,+40,21:46,+52
-1273-Dec-05,P, 1.338, 0.323,06:27,+06,07:49,-10,-,-,08:50,-21,-,-,09:52,-30,11:13,-39
-1272-Oct-24,N, 0.322,-0.773,21:05,+39,-,-,-,-,22:31,+57,-,-,-,-,23:57,+69
-1271-Apr-19,P, 1.439, 0.497,22:00,+42,23:07,+51,-,-,00:18,+56,-,-,01:30,+53,02:36,+44
-1271-Oct-13,P, 1.541, 0.442,18:53,+08,20:23,+28,-,-,21:40,+44,-,-,22:56,+58,00:26,+67
-1270-Apr-09,T, 2.786, 1.827,14:30,-52,15:25,-42,16:22,-30,17:12,-20,18:02,-09,18:59,+03,19:54,+14
-1270-Oct-02,T, 2.833, 1.778,20:50,+32,21:56,+45,22:58,+55,23:49,+61,00:40,+62,01:42,+57,02:48,+46
-1269-Mar-30,P, 1.482, 0.472,03:39,+37,04:55,+21,-,-,06:10,+05,-,-,07:25,-12,08:41,-28
-1268-Feb-17,N, 0.439,-0.647,18:16,+01,-,-,-,-,19:56,+21,-,-,-,-,21:35,+43
-1268-Sep-10,N, 0.408,-0.554,22:59,+49,-,-,-,-,00:22,+54,-,-,-,-,01:44,+50
-1267-Feb-05,P, 1.752, 0.676,17:05,-12,18:24,+04,-,-,19:55,+23,-,-,21:25,+42,22:45,+59
-1267-Aug-02,P, 1.792, 0.805,04:11,+15,05:16,+04,-,-,06:46,-14,-,-,08:16,-33,09:21,-46
-1266-Jan-25,T, 2.654, 1.626,22:06,+55,23:09,+68,00:10,+81,00:59,+83,01:49,+74,02:50,+61,03:53,+47
-1265-Jul-11,P, 1.155, 0.082,16:23,-36,18:18,-12,-,-,18:53,-05,-,-,19:28,+02,21:23,+22
-1265-Dec-06,N, 0.617,-0.366,16:25,-13,-,-,-,-,18:06,+06,-,-,-,-,19:46,+26
-1264-Jan-05,N, 0.175,-0.792,03:48,+45,-,-,-,-,04:43,+33,-,-,-,-,05:39,+21
-1264-May-31,N, 0.838,-0.195,04:13,+14,-,-,-,-,06:19,-11,-,-,-,-,08:25,-37
-1264-Nov-25,P, 1.810, 0.777,03:44,+40,04:54,+25,-,-,06:25,+06,-,-,07:55,-11,09:05,-24
-1262-May-10,T, 1.982, 1.039,04:52,+11,05:49,-01,07:09,-18,07:24,-21,07:38,-24,08:59,-41,09:56,-53
-1261-Apr-29,N, 0.638,-0.311,22:57,+48,-,-,-,-,00:38,+53,-,-,-,-,02:19,+44
-1261-Sep-23,N, 0.211,-0.825,19:31,+13,-,-,-,-,20:37,+27,-,-,-,-,21:43,+40
-1260-Mar-20,P, 1.682, 0.654,01:20,+65,02:34,+53,-,-,04:01,+36,-,-,05:27,+17,06:41,+01
-1260-Sep-12,P, 1.577, 0.596,05:44,+03,06:51,-11,-,-,08:10,-28,-,-,09:28,-44,10:36,-57
-1259-Mar-09,T, 2.720, 1.645,04:38,+30,05:47,+15,06:52,+01,07:44,-10,08:36,-21,09:41,-33,10:50,-45
-1259-Sep-01,T, 2.821, 1.862,21:23,+30,22:17,+39,23:13,+46,00:02,+49,00:51,+50,01:48,+46,02:41,+40
-1258-Feb-26,P, 1.384, 0.307,05:06,+26,06:40,+06,-,-,07:45,-07,-,-,08:50,-20,10:24,-37
-1257-Jan-16,N, 0.518,-0.496,21:03,+41,-,-,-,-,22:41,+62,-,-,-,-,00:19,+82
-1257-Aug-12,N, 0.097,-0.936,01:39,+39,-,-,-,-,02:24,+34,-,-,-,-,03:10,+28
-1256-Dec-26,T, 2.612, 1.639,01:19,+77,02:14,+65,03:12,+53,03:59,+42,04:47,+32,05:44,+20,06:39,+09
-1255-Dec-15,P, 1.337, 0.320,15:10,-26,16:32,-12,-,-,17:33,-01,-,-,18:35,+11,19:57,+28
-1254-Jun-09,P, 1.068, 0.077,21:44,+28,23:24,+38,-,-,23:56,+40,-,-,00:27,+40,02:08,+33
-1254-Nov-05,N, 0.309,-0.789,05:15,+18,-,-,-,-,06:39,+00,-,-,-,-,08:04,-18
-1253-May-01,P, 1.308, 0.367,05:38,+04,06:49,-11,-,-,07:52,-25,-,-,08:54,-38,10:05,-53
-1253-Oct-25,P, 1.524, 0.423,02:55,+46,04:25,+27,-,-,05:41,+11,-,-,06:56,-05,08:27,-24
-1252-Apr-19,T, 2.659, 1.700,22:02,+42,22:57,+50,23:55,+55,00:44,+55,01:33,+52,02:31,+44,03:26,+35
-1252-Oct-13,T, 2.809, 1.755,05:06,+16,06:11,+02,07:13,-11,08:04,-22,08:55,-32,09:57,-44,11:02,-53
-1251-Oct-02,P, 1.655, 0.659,15:21,-39,16:29,-25,-,-,17:52,-08,-,-,19:14,+10,20:22,+25
-1250-Feb-28,N, 0.345,-0.739,01:37,+72,-,-,-,-,03:06,+54,-,-,-,-,04:35,+35
-1250-Mar-29,N, 0.151,-0.912,17:52,-09,-,-,-,-,18:51,+03,-,-,-,-,19:50,+16
-1250-Aug-23,N, 0.451,-0.508,22:20,+35,-,-,-,-,23:47,+44,-,-,-,-,01:13,+45
-1249-Feb-17,P, 1.676, 0.605,00:34,+80,01:55,+71,-,-,03:22,+52,-,-,04:48,+33,06:09,+16
-1248-Feb-06,T, 2.706, 1.684,06:08,+15,07:09,+02,08:10,-10,09:00,-20,09:50,-28,10:51,-37,11:53,-43
-1248-Aug-01,T, 2.671, 1.625,20:29,+15,21:35,+26,22:38,+35,23:29,+39,00:19,+41,01:23,+40,02:28,+34
-1247-Jan-25,P, 1.401, 0.426,19:11,+16,20:23,+31,-,-,21:31,+45,-,-,22:39,+60,23:51,+75
-1247-Jul-21,P, 1.287, 0.211,23:01,+36,00:42,+40,-,-,01:37,+37,-,-,02:32,+32,04:13,+17
-1247-Dec-17,N, 0.610,-0.374,01:19,+77,-,-,-,-,02:59,+55,-,-,-,-,04:40,+33
-1246-Dec-06,P, 1.809, 0.774,12:23,-42,13:34,-39,-,-,15:04,-28,-,-,16:35,-13,17:45,+00
-1245-May-31,T, 2.166, 1.191,20:25,+17,21:24,+27,22:34,+36,23:06,+39,23:38,+41,00:48,+42,01:47,+38
-1245-Nov-25,T, 2.705, 1.616,16:58,-08,18:08,+06,19:13,+20,20:03,+30,20:54,+41,21:59,+56,23:09,+70
-1244-Nov-13,P, 1.465, 0.358,16:39,-14,18:13,+05,-,-,19:23,+20,-,-,20:34,+36,22:08,+56
-1243-Apr-10,N, 0.249,-0.724,23:19,+54,-,-,-,-,00:26,+58,-,-,-,-,01:34,+54
-1243-Oct-04,N, 0.191,-0.844,03:51,+32,-,-,-,-,04:54,+19,-,-,-,-,05:56,+05
-1243-Nov-02,N, 0.274,-0.796,19:00,+14,-,-,-,-,20:18,+30,-,-,-,-,21:35,+47
-1242-Sep-23,P, 1.542, 0.561,14:14,-55,15:22,-42,-,-,16:38,-26,-,-,17:55,-10,19:03,+05
-1241-Sep-13,T, 2.805, 1.843,05:49,+02,06:43,-10,07:39,-21,08:29,-32,09:18,-42,10:14,-53,11:08,-63
-1240-Sep-01,P, 1.580, 0.593,21:16,+28,22:25,+39,-,-,23:44,+48,-,-,01:03,+49,02:12,+43
-1239-Jan-27,N, 0.483,-0.525,05:23,+25,-,-,-,-,06:57,+05,-,-,-,-,08:31,-13
-1239-Feb-25,N, 0.203,-0.826,18:06,-03,-,-,-,-,19:11,+11,-,-,-,-,20:16,+25
-1239-Jul-23,N, 0.426,-0.631,18:27,-10,-,-,-,-,20:03,+09,-,-,-,-,21:38,+26
-1238-Jan-16,P, 1.811, 0.841,18:17,+05,19:18,+18,-,-,20:47,+36,-,-,22:15,+55,23:16,+69
-1238-Jul-12,P, 1.758, 0.683,18:13,-12,19:33,+03,-,-,21:05,+20,-,-,22:37,+33,23:58,+39
-1237-Jul-01,T, 2.614, 1.570,19:47,+07,20:53,+18,21:57,+28,22:47,+34,23:37,+37,00:41,+38,01:47,+35
-1237-Dec-26,P, 1.344, 0.326,23:47,+81,01:09,+80,-,-,02:11,+67,-,-,03:13,+53,04:35,+36
-1236-Jun-20,P, 1.209, 0.220,04:50,+05,06:16,-12,-,-,07:08,-22,-,-,08:00,-33,09:26,-51
-1234-May-01,T, 2.523, 1.562,05:28,+05,06:23,-07,07:22,-19,08:09,-29,08:56,-40,09:56,-52,10:51,-63
-1234-Oct-24,T, 2.796, 1.742,13:30,-52,14:35,-42,15:37,-31,16:27,-21,17:18,-11,18:20,+03,19:25,+17
-1233-Apr-20,P, 1.735, 0.722,17:51,-11,19:01,+04,-,-,20:31,+23,-,-,22:00,+39,23:11,+49
-1233-Oct-14,P, 1.677, 0.681,00:01,+66,01:08,+63,-,-,02:31,+50,-,-,03:54,+34,05:02,+20
-1232-Apr-09,N, 0.279,-0.783,00:17,+59,-,-,-,-,01:36,+54,-,-,-,-,02:56,+42
-1232-Oct-02,N, 0.481,-0.485,16:07,-29,-,-,-,-,17:36,-10,-,-,-,-,19:05,+09
-1231-Aug-23,P, 1.625, 0.625,19:54,+10,21:05,+23,-,-,22:26,+37,-,-,23:48,+45,00:58,+47
-1230-Feb-16,T, 2.768, 1.752,14:04,-43,15:05,-35,16:05,-26,16:56,-17,17:46,-07,18:47,+05,19:48,+18
-1230-Aug-13,T, 2.773, 1.722,03:47,+22,04:53,+10,05:56,-02,06:47,-13,07:39,-24,08:42,-37,09:48,-51
-1229-Feb-06,P, 1.451, 0.480,03:33,+49,04:42,+34,-,-,05:54,+18,-,-,07:05,+03,08:15,-11
-1228-Jan-26,N, 0.230,-0.734,20:58,+38,-,-,-,-,22:01,+52,-,-,-,-,23:04,+66
-1228-Jun-21,N, 0.560,-0.468,18:12,-12,-,-,-,-,19:58,+08,-,-,-,-,21:43,+25
-1228-Dec-16,P, 1.802, 0.765,20:57,+44,22:08,+59,-,-,23:39,+79,-,-,01:09,+80,02:20,+65
-1227-Jun-11,T, 2.030, 1.057,03:45,+18,04:45,+07,06:05,-09,06:24,-12,06:42,-16,08:01,-32,09:02,-45
-1227-Dec-06,T, 2.711, 1.619,01:12,+76,02:22,+61,03:27,+46,04:18,+36,05:08,+25,06:13,+11,07:24,-03
-1226-May-31,T, 2.256, 1.315,19:47,+10,20:41,+20,21:44,+30,22:22,+35,23:00,+39,00:03,+42,00:57,+42
-1226-Nov-25,P, 1.471, 0.365,00:47,+78,02:21,+60,-,-,03:32,+44,-,-,04:42,+29,06:16,+09
-1225-Nov-14,N, 0.282,-0.786,03:24,+44,-,-,-,-,04:42,+27,-,-,-,-,05:59,+10
-1224-Apr-10,P, 1.427, 0.396,15:42,-38,17:05,-21,-,-,18:15,-06,-,-,19:26,+09,20:49,+26
-1224-Oct-03,P, 1.519, 0.538,22:52,+56,00:01,+63,-,-,01:16,+60,-,-,02:31,+49,03:40,+36
-1223-Mar-30,T, 2.823, 1.751,18:20,-02,19:29,+12,20:34,+26,21:27,+37,22:20,+47,23:25,+58,00:34,+63
-1223-Sep-23,T, 2.768, 1.803,14:23,-54,15:17,-43,16:13,-32,17:02,-21,17:51,-11,18:48,+02,19:42,+13
-1222-Mar-19,P, 1.599, 0.532,19:04,+08,20:27,+26,-,-,21:49,+44,-,-,23:12,+59,00:35,+68
-1222-Sep-13,P, 1.630, 0.637,05:29,+06,06:38,-08,-,-,07:59,-25,-,-,09:21,-42,10:29,-56
-1221-Mar-09,N, 0.297,-0.725,01:25,+70,-,-,-,-,02:43,+57,-,-,-,-,04:00,+41
-1221-Aug-04,N, 0.313,-0.749,01:43,+39,-,-,-,-,03:06,+29,-,-,-,-,04:30,+15
-1220-Jan-28,P, 1.773, 0.807,02:52,+58,03:53,+45,-,-,05:20,+26,-,-,06:47,+08,07:48,-04
-1220-Jul-23,P, 1.629, 0.551,01:01,+39,02:25,+32,-,-,03:50,+20,-,-,05:14,+05,06:38,-12
-1219-Jan-16,T, 2.656, 1.684,18:45,+12,19:40,+23,20:37,+35,21:26,+45,22:14,+56,23:11,+68,00:06,+80
-1219-Jul-12,T, 2.749, 1.705,02:42,+28,03:47,+18,04:50,+07,05:42,-03,06:34,-13,07:37,-26,08:42,-40
-1218-Nov-26,N, 0.291,-0.811,21:39,+52,-,-,-,-,23:01,+69,-,-,-,-,00:23,+81
-1217-May-22,P, 1.038, 0.099,20:51,+23,22:20,+37,-,-,22:53,+41,-,-,23:27,+44,00:56,+44
-1217-Jun-21,N, 0.062,-0.885,04:56,+04,-,-,-,-,05:29,-02,-,-,-,-,06:02,-08
-1217-Nov-15,P, 1.507, 0.408,19:13,+19,20:44,+39,-,-,21:58,+55,-,-,23:11,+70,00:42,+78
-1216-Nov-03,T, 2.789, 1.738,21:59,+55,23:04,+67,00:05,+75,00:56,+72,01:47,+64,02:48,+52,03:53,+38
-1215-May-01,P, 1.874, 0.858,00:48,+51,01:56,+44,-,-,03:32,+29,-,-,05:07,+10,06:16,-04
-1214-Oct-14,N, 0.502,-0.466,00:53,+65,-,-,-,-,02:24,+52,-,-,-,-,03:55,+34
-1213-Mar-10,P, 1.485, 0.425,15:13,-38,16:38,-23,-,-,17:53,-08,-,-,19:07,+08,20:33,+26
-1213-Sep-04,P, 1.561, 0.555,03:58,+24,05:10,+10,-,-,06:28,-06,-,-,07:47,-23,08:59,-38
-1212-Feb-27,T, 2.845, 1.836,21:52,+48,22:52,+60,23:51,+71,00:42,+75,01:33,+71,02:33,+61,03:33,+48
-1210-Jan-07,N, 0.572,-0.411,18:54,+14,-,-,-,-,20:32,+34,-,-,-,-,22:10,+55
-1210-Feb-06,N, 0.273,-0.689,05:20,+25,-,-,-,-,06:28,+10,-,-,-,-,07:37,-04
-1210-Jul-03,N, 0.432,-0.596,01:21,+35,-,-,-,-,02:54,+26,-,-,-,-,04:28,+11
-1210-Dec-28,P, 1.789, 0.751,05:27,+22,06:39,+08,-,-,08:09,-09,-,-,09:39,-24,10:51,-33
-1208-Jun-11,T, 2.391, 1.450,03:16,+23,04:10,+14,05:10,+03,05:53,-06,06:36,-14,07:36,-26,08:30,-38
-1207-May-31,P, 1.028, 0.074,20:52,+22,22:26,+36,-,-,22:56,+39,-,-,23:26,+42,01:00,+42
-1207-Oct-25,N, 0.181,-0.852,20:50,+38,-,-,-,-,21:51,+51,-,-,-,-,22:51,+63
-1206-Apr-21,P, 1.286, 0.254,22:43,+47,00:14,+54,-,-,01:12,+52,-,-,02:10,+46,03:40,+31
-1205-Apr-11,T, 2.682, 1.611,00:59,+58,02:09,+50,03:15,+39,04:06,+29,04:57,+18,06:03,+04,07:13,-11
-1205-Oct-04,T, 2.743, 1.775,23:04,+57,23:58,+62,00:55,+61,01:44,+56,02:32,+49,03:29,+38,04:23,+27
-1204-Mar-30,P, 1.724, 0.661,01:53,+58,03:12,+44,-,-,04:42,+25,-,-,06:11,+06,07:31,-12
-1204-Sep-23,P, 1.669, 0.670,13:49,-60,14:57,-48,-,-,16:21,-31,-,-,17:44,-13,18:52,+02
-1203-Feb-17,N, 0.378,-0.618,21:45,+46,-,-,-,-,23:08,+64,-,-,-,-,00:31,+76
-1203-Sep-13,N, 0.287,-0.766,00:12,+52,-,-,-,-,01:29,+50,-,-,-,-,02:47,+40
-1201-Jan-28,T, 2.695, 1.724,03:16,+53,04:11,+41,05:08,+29,05:57,+18,06:46,+08,07:43,-03,08:38,-13
-1200-Jan-17,P, 1.381, 0.362,16:39,-13,18:00,+02,-,-,19:06,+15,-,-,20:11,+28,21:32,+46
-1200-Jul-11,P, 1.470, 0.484,19:25,+02,20:38,+15,-,-,21:51,+26,-,-,23:05,+34,00:18,+38
-1200-Dec-07,N, 0.282,-0.820,05:49,+15,-,-,-,-,07:10,-02,-,-,-,-,08:31,-17
-1199-Jan-06,N, 0.012,-1.066,01:06,+83,-,-,-,-,01:22,+79,-,-,-,-,01:39,+76
-1199-Jun-02,N, 0.902,-0.038,04:27,+12,-,-,-,-,06:23,-11,-,-,-,-,08:19,-35
-1199-Nov-26,P, 1.504, 0.406,03:26,+45,04:56,+25,-,-,06:10,+09,-,-,07:24,-05,08:54,-22
-1198-May-22,T, 2.244, 1.279,20:12,+16,21:09,+26,22:15,+36,22:52,+40,23:29,+43,00:34,+44,01:32,+41
-1198-Nov-15,T, 2.787, 1.738,06:33,+01,07:37,-12,08:38,-23,09:29,-32,10:20,-39,11:21,-45,12:25,-47
-1197-Nov-04,P, 1.697, 0.704,17:36,-03,18:42,+11,-,-,20:06,+30,-,-,21:30,+48,22:37,+62
-1196-Sep-24,N, 0.304,-0.668,23:50,+56,-,-,-,-,01:03,+57,-,-,-,-,02:15,+49
-1195-Mar-20,P, 1.372, 0.319,22:23,+51,23:53,+66,-,-,00:58,+67,-,-,02:04,+60,03:34,+43
-1194-Mar-10,T, 2.785, 1.783,05:33,+18,06:32,+05,07:32,-08,08:23,-19,09:14,-29,10:13,-40,11:13,-49
-1194-Sep-03,T, 2.841, 1.776,18:45,-02,19:52,+12,20:55,+25,21:47,+34,22:39,+42,23:42,+49,00:49,+51
-1193-Feb-27,P, 1.587, 0.626,19:51,+21,20:56,+35,-,-,22:16,+52,-,-,23:35,+67,00:40,+74
-1193-Aug-23,P, 1.611, 0.523,19:50,+10,21:16,+27,-,-,22:39,+40,-,-,00:02,+47,01:28,+46
-1192-Jan-19,N, 0.537,-0.446,03:31,+51,-,-,-,-,05:06,+30,-,-,-,-,06:42,+10
-1192-Aug-11,N, 0.320,-0.740,22:03,+33,-,-,-,-,23:27,+43,-,-,-,-,00:51,+45
-1191-Jan-07,P, 1.765, 0.726,13:50,-36,15:03,-28,-,-,16:32,-15,-,-,18:01,+02,19:13,+16
-1191-Jul-02,P, 1.772, 0.802,18:38,-07,19:42,+05,-,-,21:11,+20,-,-,22:39,+32,23:43,+37
-1191-Dec-27,T, 2.737, 1.645,17:28,-02,18:38,+12,19:43,+25,20:34,+36,21:26,+47,22:31,+61,23:41,+77
-1190-Dec-16,P, 1.488, 0.386,17:00,-07,18:32,+11,-,-,19:45,+26,-,-,20:57,+41,22:30,+62
-1189-Jun-12,P, 1.161, 0.204,04:09,+14,05:32,-01,-,-,06:20,-11,-,-,07:09,-21,08:31,-38
-1189-Nov-06,N, 0.185,-0.846,05:27,+15,-,-,-,-,06:28,+03,-,-,-,-,07:29,-10
-1189-Dec-05,N, 0.295,-0.768,20:16,+33,-,-,-,-,21:35,+51,-,-,-,-,22:53,+68
-1188-May-02,P, 1.137, 0.103,05:39,+02,07:24,-21,-,-,08:01,-29,-,-,08:39,-37,10:24,-59
-1188-Oct-25,P, 1.500, 0.518,16:28,-19,17:37,-05,-,-,18:50,+11,-,-,20:04,+27,21:13,+42
-1186-Oct-04,P, 1.695, 0.690,22:16,+49,23:25,+59,-,-,00:49,+62,-,-,02:14,+52,03:22,+39
-1185-Mar-01,N, 0.307,-0.682,05:47,+16,-,-,-,-,07:02,+00,-,-,-,-,08:18,-16
-1185-Mar-30,N, 0.517,-0.492,15:49,-35,-,-,-,-,17:28,-15,-,-,-,-,19:07,+06
-1184-Feb-18,P, 1.657, 0.699,19:37,+18,20:39,+32,-,-,22:02,+49,-,-,23:24,+66,00:27,+76
-1184-Aug-13,P, 1.411, 0.328,15:04,-53,16:37,-33,-,-,17:45,-18,-,-,18:52,-04,20:26,+14
-1183-Aug-02,T, 2.776, 1.733,17:00,-28,18:05,-14,19:07,-02,19:59,+08,20:51,+18,21:53,+28,22:58,+36
-1182-Jan-28,P, 1.415, 0.395,00:53,+84,02:13,+68,-,-,03:21,+53,-,-,04:30,+39,05:49,+22
-1182-Jul-23,P, 1.586, 0.601,02:54,+27,04:04,+16,-,-,05:24,+01,-,-,06:44,-14,07:53,-28
-1181-Jul-12,N, 0.306,-0.642,19:34,+03,-,-,-,-,20:46,+15,-,-,-,-,21:58,+26
-1180-Jun-02,T, 2.104, 1.136,03:32,+22,04:31,+11,05:44,-03,06:11,-09,06:38,-14,07:51,-29,08:50,-42
-1180-Nov-25,T, 2.783, 1.738,15:07,-29,16:10,-18,17:12,-06,18:02,+04,18:53,+15,19:54,+28,20:58,+42
-1179-May-22,T, 2.170, 1.149,14:27,-58,15:33,-44,16:49,-28,17:18,-22,17:48,-16,19:03,+00,20:09,+13
-1179-Nov-15,P, 1.700, 0.708,02:29,+55,03:35,+41,-,-,04:59,+23,-,-,06:23,+06,07:29,-08
-1178-May-11,N, 0.721,-0.342,19:11,+05,-,-,-,-,21:14,+28,-,-,-,-,23:17,+44
-1178-Nov-04,N, 0.522,-0.450,18:41,+12,-,-,-,-,20:13,+32,-,-,-,-,21:45,+52
-1177-Apr-01,P, 1.247, 0.200,05:26,+14,07:03,-07,-,-,07:56,-18,-,-,08:48,-29,10:25,-48
-1177-Sep-25,P, 1.468, 0.450,20:23,+24,21:41,+39,-,-,22:53,+51,-,-,00:05,+58,01:22,+57
-1176-Mar-20,T, 2.677, 1.681,13:07,-57,14:06,-52,15:06,-43,15:56,-34,16:45,-24,17:45,-12,18:44,+01
-1176-Sep-14,T, 2.785, 1.715,02:26,+43,03:34,+31,04:38,+19,05:30,+08,06:21,-03,07:25,-16,08:33,-31
-1175-Mar-10,P, 1.674, 0.717,03:49,+40,04:52,+26,-,-,06:15,+08,-,-,07:39,-10,08:42,-23
-1175-Sep-03,P, 1.693, 0.602,03:06,+34,04:30,+18,-,-,05:58,+00,-,-,07:25,-18,08:49,-36
-1174-Feb-27,N, 0.396,-0.561,21:35,+43,-,-,-,-,22:56,+60,-,-,-,-,00:18,+72
-1174-Aug-23,N, 0.414,-0.648,05:16,+07,-,-,-,-,06:51,-12,-,-,-,-,08:25,-32
-1173-Jan-18,P, 1.731, 0.692,22:05,+55,23:19,+71,-,-,00:46,+86,-,-,02:14,+69,03:27,+53
-1173-Jul-14,P, 1.656, 0.686,02:14,+31,03:20,+22,-,-,04:43,+08,-,-,06:07,-07,07:12,-20
-1172-Jan-08,T, 2.762, 1.670,01:27,+77,02:37,+61,03:42,+47,04:34,+36,05:25,+25,06:30,+12,07:40,-02
-1172-Jul-02,T, 2.650, 1.707,18:26,-09,19:19,+01,20:16,+11,21:05,+20,21:53,+27,22:50,+33,23:43,+38
-1172-Dec-27,P, 1.505, 0.405,01:01,+81,02:32,+61,-,-,03:46,+45,-,-,05:00,+29,06:31,+10
-1171-Dec-16,N, 0.304,-0.754,04:40,+31,-,-,-,-,06:00,+14,-,-,-,-,07:20,-02
-1170-Nov-06,P, 1.499, 0.518,01:22,+68,02:31,+54,-,-,03:44,+39,-,-,04:58,+23,06:07,+08
-1169-May-02,T, 2.375, 1.306,14:03,-61,15:14,-47,16:25,-32,17:07,-23,17:48,-14,19:00,+01,20:11,+16
-1169-Oct-26,T, 2.719, 1.746,16:43,-16,17:38,-05,18:35,+07,19:23,+18,20:12,+28,21:09,+41,22:04,+52
-1168-Apr-20,P, 2.003, 0.950,15:14,-45,16:27,-30,-,-,18:09,-08,-,-,19:51,+14,21:03,+28
-1167-Apr-09,N, 0.643,-0.361,22:55,+53,-,-,-,-,00:43,+60,-,-,-,-,02:32,+49
-1167-Sep-05,N, 0.057,-1.023,00:29,+53,-,-,-,-,01:05,+51,-,-,-,-,01:42,+48
-1167-Oct-04,N, 0.353,-0.711,16:03,-32,-,-,-,-,17:30,-13,-,-,-,-,18:56,+06
-1166-Mar-01,P, 1.580, 0.626,03:48,+42,04:52,+28,-,-,06:10,+11,-,-,07:29,-05,08:33,-18
-1166-Aug-24,P, 1.325, 0.239,22:20,+38,23:59,+47,-,-,00:57,+48,-,-,01:56,+43,03:35,+29
-1165-Feb-18,T, 2.808, 1.839,19:54,+22,20:49,+34,21:46,+46,22:36,+57,23:25,+67,00:22,+76,01:17,+76
-1165-Aug-14,T, 2.680, 1.637,00:24,+44,01:29,+41,02:32,+35,03:23,+28,04:13,+19,05:16,+07,06:21,-06
-1164-Dec-28,N, 0.245,-0.856,22:00,+55,-,-,-,-,23:16,+72,-,-,-,-,00:32,+86
-1163-Jun-23,N, 0.641,-0.302,19:47,+08,-,-,-,-,21:28,+25,-,-,-,-,23:09,+37
-1163-Jul-23,N, 0.416,-0.533,03:10,+24,-,-,-,-,04:33,+11,-,-,-,-,05:56,-04
-1163-Dec-17,P, 1.488, 0.395,19:48,+27,21:18,+47,-,-,22:31,+63,-,-,23:43,+78,01:14,+80
-1162-Dec-06,T, 2.781, 1.739,23:42,+80,00:46,+81,01:47,+69,02:37,+58,03:28,+47,04:29,+34,05:32,+21
-1161-Jun-02,T, 2.322, 1.297,21:14,+25,22:19,+34,23:28,+40,00:08,+42,00:47,+41,01:56,+36,03:01,+28
-1160-May-22,N, 0.878,-0.186,01:26,+41,-,-,-,-,03:40,+22,-,-,-,-,05:54,-04
-1160-Oct-16,N, 0.257,-0.722,17:21,-12,-,-,-,-,18:28,+02,-,-,-,-,19:35,+17
-1160-Nov-15,N, 0.523,-0.449,03:40,+40,-,-,-,-,05:13,+20,-,-,-,-,06:45,+01
-1159-Oct-06,P, 1.437, 0.414,04:45,+20,06:04,+03,-,-,07:14,-12,-,-,08:24,-27,09:43,-42
-1158-Mar-31,T, 2.560, 1.571,20:37,+28,21:35,+40,22:36,+51,23:24,+58,00:12,+62,01:12,+61,02:11,+54
-1156-Feb-09,N, 0.434,-0.548,20:26,+30,-,-,-,-,21:53,+48,-,-,-,-,23:20,+67
-1156-Mar-10,N, 0.476,-0.480,05:29,+17,-,-,-,-,06:58,-02,-,-,-,-,08:27,-21
-1156-Aug-03,N, 0.116,-0.909,23:49,+39,-,-,-,-,00:38,+40,-,-,-,-,01:28,+39
-1155-Jan-29,P, 1.683, 0.643,06:11,+15,07:26,+00,-,-,08:51,-17,-,-,10:17,-31,11:31,-39
-1154-Jul-14,T, 2.769, 1.824,02:09,+32,03:02,+25,03:58,+17,04:47,+08,05:37,-01,06:33,-12,07:26,-23
-1153-Jul-03,P, 1.412, 0.447,18:54,-03,20:06,+10,-,-,21:16,+22,-,-,22:25,+32,23:37,+38
-1153-Nov-27,N, 0.201,-0.825,22:47,+68,-,-,-,-,23:50,+81,-,-,-,-,00:53,+80
-1152-May-23,N, 0.828,-0.211,19:21,+05,-,-,-,-,21:27,+27,-,-,-,-,23:34,+42
-1151-May-12,T, 2.213, 1.144,20:29,+20,21:41,+33,23:01,+43,23:31,+45,00:01,+47,01:20,+45,02:33,+36
-1151-Nov-06,T, 2.717, 1.742,01:39,+64,02:34,+53,03:31,+41,04:20,+31,05:08,+20,06:05,+08,07:00,-03
-1150-May-01,T, 2.155, 1.105,21:50,+37,23:00,+47,00:21,+51,00:47,+51,01:12,+50,02:33,+40,03:43,+28
-1150-Oct-26,P, 1.718, 0.704,15:28,-32,16:37,-18,-,-,18:03,+00,-,-,19:29,+18,20:38,+33
-1149-Mar-22,N, 0.132,-0.846,21:40,+41,-,-,-,-,22:30,+50,-,-,-,-,23:19,+58
-1149-Apr-21,N, 0.776,-0.222,05:57,+02,-,-,-,-,07:54,-23,-,-,-,-,09:51,-48
-1149-Oct-16,N, 0.370,-0.700,00:11,+66,-,-,-,-,01:39,+59,-,-,-,-,03:08,+44
-1148-Sep-04,P, 1.251, 0.163,05:44,+03,07:30,-20,-,-,08:19,-30,-,-,09:07,-41,10:53,-62
-1147-Mar-01,T, 2.801, 1.834,04:00,+40,04:55,+28,05:52,+15,06:42,+05,07:32,-06,08:29,-17,09:24,-28
-1146-Feb-18,P, 1.524, 0.504,16:48,-17,18:04,-02,-,-,19:21,+14,-,-,20:37,+30,21:53,+46
-1146-Aug-13,P, 1.784, 0.799,18:21,-10,19:26,+03,-,-,20:55,+20,-,-,22:24,+34,23:29,+41
-1145-Jan-09,N, 0.213,-0.886,05:58,+17,-,-,-,-,07:09,+02,-,-,-,-,08:20,-11
-1145-Feb-07,N, 0.130,-0.946,23:51,+76,-,-,-,-,00:46,+83,-,-,-,-,01:41,+76
-1145-Jul-05,N, 0.520,-0.425,03:34,+21,-,-,-,-,05:06,+05,-,-,-,-,06:38,-13
-1145-Dec-29,P, 1.469, 0.380,03:53,+43,05:23,+23,-,-,06:35,+09,-,-,07:46,-05,09:16,-21
-1144-Jun-23,P, 1.828, 0.852,18:14,-11,19:17,+01,-,-,20:49,+18,-,-,22:20,+31,23:23,+37
-1143-Jun-13,T, 2.473, 1.444,04:00,+15,05:05,+03,06:10,-10,06:56,-19,07:42,-29,08:48,-42,09:53,-56
-1143-Dec-06,P, 1.704, 0.716,20:18,+35,21:24,+50,-,-,22:48,+68,-,-,00:12,+85,01:17,+78
-1142-Oct-28,N, 0.246,-0.737,02:12,+56,-,-,-,-,03:18,+43,-,-,-,-,04:24,+29
-1141-Apr-22,N, 0.977,-0.061,19:23,+09,-,-,-,-,21:38,+36,-,-,-,-,23:53,+54
-1140-Apr-11,T, 2.435, 1.450,04:01,+29,05:00,+17,06:02,+03,06:47,-07,07:31,-16,08:34,-30,09:33,-42
-1140-Oct-05,T, 2.707, 1.625,18:11,-02,19:20,+13,20:24,+27,21:15,+38,22:06,+48,23:10,+58,00:19,+64
-1139-Mar-31,P, 1.882, 0.933,19:24,+12,20:22,+24,-,-,21:54,+42,-,-,23:25,+57,00:24,+61
-1139-Sep-24,P, 1.814, 0.716,18:09,-05,19:31,+13,-,-,21:05,+33,-,-,22:38,+50,00:00,+59
-1138-Feb-20,N, 0.362,-0.619,04:41,+34,-,-,-,-,06:02,+16,-,-,-,-,07:22,-01
-1138-Sep-13,N, 0.559,-0.504,20:22,+22,-,-,-,-,22:09,+42,-,-,-,-,23:57,+55
-1137-Feb-09,P, 1.622, 0.582,14:07,-40,15:24,-31,-,-,16:46,-17,-,-,18:09,-01,19:25,+14
-1137-Aug-04,P, 1.456, 0.486,17:50,-18,19:00,-04,-,-,20:12,+10,-,-,21:24,+23,22:34,+33
-1136-Jan-29,T, 2.850, 1.761,16:57,-12,18:07,+01,19:12,+15,20:05,+26,20:57,+37,22:02,+51,23:12,+66
-1135-Jan-17,P, 1.567, 0.476,16:45,-13,18:12,+04,-,-,19:31,+20,-,-,20:50,+36,22:18,+55
-1135-Jul-14,P, 1.531, 0.561,02:22,+31,03:30,+21,-,-,04:47,+08,-,-,06:05,-06,07:13,-20
-1134-Jan-06,N, 0.343,-0.705,21:15,+45,-,-,-,-,22:39,+63,-,-,-,-,00:03,+81
-1134-Jun-04,N, 0.673,-0.370,02:10,+33,-,-,-,-,04:07,+15,-,-,-,-,06:03,-07
-1134-Nov-27,P, 1.504, 0.525,19:17,+22,20:26,+37,-,-,21:39,+52,-,-,22:53,+68,00:02,+82
-1133-May-24,P, 2.050, 0.981,02:54,+29,04:09,+16,-,-,05:53,-04,-,-,07:38,-26,08:53,-42
-1132-May-12,T, 2.307, 1.262,04:26,+15,05:35,+01,06:46,-14,07:25,-22,08:03,-30,09:15,-45,10:23,-60
-1132-Nov-06,P, 1.721, 0.703,00:08,+75,01:18,+69,-,-,02:44,+52,-,-,04:10,+34,05:19,+19
-1131-Apr-02,N, 0.030,-0.942,05:40,+09,-,-,-,-,06:05,+04,-,-,-,-,06:28,-01
-1130-Mar-22,P, 1.392, 0.445,19:48,+18,20:57,+32,-,-,22:05,+46,-,-,23:13,+58,00:22,+65
-1129-Sep-04,T, 2.530, 1.486,15:45,-41,16:50,-27,17:54,-13,18:41,-03,19:28,+07,20:32,+20,21:37,+32
-1128-Mar-01,P, 1.601, 0.581,00:28,+75,01:43,+69,-,-,03:04,+54,-,-,04:25,+36,05:40,+20
-1128-Aug-24,P, 1.863, 0.878,02:20,+38,03:23,+29,-,-,04:55,+12,-,-,06:27,-07,07:30,-20
-1127-Feb-18,N, 0.195,-0.879,07:07,+02,-,-,-,-,08:14,-12,-,-,-,-,09:21,-24
-1127-Aug-13,N, 0.603,-0.351,18:51,-05,-,-,-,-,20:29,+14,-,-,-,-,22:07,+31
-1126-Jul-05,P, 1.699, 0.717,01:37,+36,02:44,+28,-,-,04:10,+15,-,-,05:36,-01,06:42,-14
-1126-Dec-28,T, 2.760, 1.727,16:46,-10,17:48,+01,18:49,+14,19:39,+24,20:29,+34,21:30,+47,22:32,+61
-1125-Dec-18,P, 1.708, 0.724,05:11,+24,06:16,+11,-,-,07:40,-05,-,-,09:04,-20,10:09,-29
-1124-Dec-06,N, 0.523,-0.450,21:39,+53,-,-,-,-,23:11,+73,-,-,-,-,00:44,+84
-1123-May-03,N, 0.836,-0.197,02:20,+42,-,-,-,-,04:26,+19,-,-,-,-,06:32,-07
-1123-Oct-27,P, 1.406, 0.371,21:44,+50,23:06,+65,-,-,00:13,+72,-,-,01:20,+67,02:42,+52
-1122-Oct-17,T, 2.684, 1.598,02:12,+53,03:22,+40,04:27,+26,05:17,+15,06:07,+04,07:12,-09,08:22,-24
-1121-Apr-12,T, 2.000, 1.054,03:02,+40,03:59,+29,05:17,+13,05:35,+09,05:52,+05,07:10,-12,08:07,-24
-1121-Oct-06,P, 1.855, 0.755,01:54,+54,03:15,+39,-,-,04:51,+20,-,-,06:26,-01,07:47,-18
-1120-Mar-31,N, 0.671,-0.284,20:52,+30,-,-,-,-,22:36,+50,-,-,-,-,00:19,+61
-1120-Sep-24,N, 0.610,-0.453,04:14,+25,-,-,-,-,06:05,+02,-,-,-,-,07:56,-22
-1119-Feb-19,P, 1.546, 0.507,21:53,+49,23:12,+65,-,-,00:30,+78,-,-,01:49,+71,03:08,+56
-1119-Aug-15,P, 1.374, 0.403,01:50,+39,03:03,+30,-,-,04:09,+19,-,-,05:15,+07,06:28,-07
-1118-Feb-09,T, 2.888, 1.802,00:27,+81,01:38,+74,02:42,+61,03:35,+50,04:28,+38,05:32,+24,06:42,+09
-1118-Aug-04,T, 2.688, 1.737,17:53,-17,18:47,-06,19:43,+05,20:32,+15,21:21,+23,22:17,+32,23:11,+38
-1117-Jan-29,P, 1.618, 0.532,00:23,+83,01:48,+73,-,-,03:11,+55,-,-,04:33,+37,05:58,+19
-1117-Dec-19,N, 0.208,-0.810,16:08,-16,-,-,-,-,17:11,-05,-,-,-,-,18:15,+07
-1116-Jan-18,N, 0.377,-0.665,05:23,+24,-,-,-,-,06:50,+06,-,-,-,-,08:18,-11
-1116-Jul-13,N, 0.186,-0.841,22:19,+32,-,-,-,-,23:21,+38,-,-,-,-,00:24,+40
-1116-Dec-08,P, 1.504, 0.528,04:15,+35,05:23,+21,-,-,06:37,+06,-,-,07:50,-08,08:58,-20
-1115-Nov-27,T, 2.720, 1.742,19:35,+26,20:31,+38,21:27,+50,22:16,+60,23:05,+71,00:02,+81,00:57,+80
-1113-May-12,P, 1.058, 0.069,20:00,+15,21:41,+33,-,-,22:11,+38,-,-,22:41,+42,00:22,+48
-1113-Nov-06,N, 0.383,-0.696,16:39,-16,-,-,-,-,18:10,+03,-,-,-,-,19:41,+23
-1112-Apr-02,P, 1.284, 0.339,03:40,+35,04:52,+20,-,-,05:53,+07,-,-,06:53,-06,08:06,-22
-1112-Sep-25,P, 1.149, 0.057,21:03,+34,23:03,+55,-,-,23:32,+58,-,-,00:01,+60,02:02,+53
-1111-Mar-22,T, 2.611, 1.645,19:44,+17,20:40,+29,21:38,+41,22:26,+50,23:15,+58,00:13,+65,01:09,+65
-1111-Sep-14,T, 2.476, 1.432,23:39,+53,00:45,+55,01:50,+49,02:35,+43,03:20,+35,04:25,+23,05:30,+09
-1109-Jan-30,N, 0.117,-0.977,21:38,+46,-,-,-,-,22:31,+58,-,-,-,-,23:24,+69
-1109-Jul-26,N, 0.302,-0.649,19:24,+02,-,-,-,-,20:36,+15,-,-,-,-,21:47,+27
-1109-Aug-25,N, 0.677,-0.279,02:57,+33,-,-,-,-,04:40,+15,-,-,-,-,06:23,-06
-1108-Jan-19,P, 1.408, 0.329,19:50,+25,21:22,+44,-,-,22:28,+59,-,-,23:35,+73,01:07,+83
-1107-Jan-08,T, 2.737, 1.710,01:11,+80,02:13,+67,03:13,+54,04:03,+43,04:53,+32,05:54,+20,06:55,+07
-1107-Jul-04,T, 2.763, 1.723,17:39,-19,18:44,-06,19:47,+06,20:39,+15,21:30,+23,22:33,+31,23:38,+37
-1107-Dec-28,P, 1.719, 0.738,13:59,-35,15:03,-27,-,-,16:28,-14,-,-,17:53,+01,18:57,+14
-1106-Jun-23,P, 1.353, 0.283,20:18,+13,21:54,+28,-,-,22:57,+34,-,-,00:00,+38,01:35,+35
-1106-Nov-18,N, 0.233,-0.754,20:01,+29,-,-,-,-,21:06,+43,-,-,-,-,22:11,+57
-1106-Dec-18,N, 0.526,-0.446,06:34,+07,-,-,-,-,08:07,-10,-,-,-,-,09:40,-25
-1105-Jun-12,N, 0.005,-1.048,23:46,+38,-,-,-,-,23:57,+39,-,-,-,-,00:07,+39
-1105-Nov-08,P, 1.399, 0.361,06:19,+03,07:42,-14,-,-,08:48,-26,-,-,09:54,-37,11:17,-47
-1104-May-02,T, 2.165, 1.190,18:42,+00,19:42,+12,20:52,+25,21:23,+31,21:55,+36,23:05,+46,00:04,+50
-1102-Mar-13,N, 0.180,-0.801,20:52,+32,-,-,-,-,21:50,+44,-,-,-,-,22:48,+56
-1102-Apr-12,N, 0.783,-0.171,04:23,+23,-,-,-,-,06:14,+00,-,-,-,-,08:05,-25
-1101-Mar-03,P, 1.456, 0.416,05:29,+20,06:52,+03,-,-,08:04,-13,-,-,09:16,-27,10:38,-41
-1100-Aug-15,T, 2.602, 1.648,01:55,+39,02:49,+32,03:46,+23,04:34,+15,05:22,+06,06:19,-06,07:13,-17
-1099-Aug-04,P, 1.739, 0.758,17:36,-20,18:41,-07,-,-,20:08,+11,-,-,21:35,+26,22:40,+35
-1099-Dec-30,N, 0.202,-0.810,00:45,+86,-,-,-,-,01:47,+73,-,-,-,-,02:50,+59
-1098-Jul-25,N, 0.297,-0.736,05:12,+04,-,-,-,-,06:31,-11,-,-,-,-,07:49,-27
-1098-Dec-19,P, 1.499, 0.525,13:09,-39,14:17,-33,-,-,15:30,-23,-,-,16:44,-11,17:52,+01
-1097-Jun-14,P, 1.728, 0.659,15:49,-42,17:10,-25,-,-,18:40,-06,-,-,20:11,+11,21:32,+24
-1097-Dec-09,T, 2.718, 1.739,04:31,+32,05:26,+20,06:23,+08,07:12,-01,08:00,-11,08:57,-20,09:53,-29
-1096-Jun-02,T, 2.618, 1.578,17:41,-16,18:47,-03,19:51,+09,20:41,+19,21:31,+27,22:35,+35,23:41,+41
-1096-Nov-27,P, 1.715, 0.690,17:34,-01,18:45,+14,-,-,20:10,+32,-,-,21:36,+50,22:47,+66
-1095-May-23,P, 1.204, 0.218,03:02,+29,04:27,+14,-,-,05:19,+04,-,-,06:11,-07,07:36,-25
-1095-Nov-17,N, 0.382,-0.700,00:58,+74,-,-,-,-,02:29,+57,-,-,-,-,04:00,+37
-1094-Oct-07,P, 1.119, 0.025,04:56,+18,07:04,-10,-,-,07:23,-14,-,-,07:43,-18,09:51,-43
-1093-Apr-03,T, 2.497, 1.531,03:23,+39,04:19,+27,05:19,+15,06:05,+05,06:51,-05,07:51,-18,08:47,-30
-1092-Mar-22,P, 1.792, 0.771,15:20,-40,16:30,-26,-,-,18:02,-07,-,-,19:33,+12,20:44,+27
-1092-Sep-14,P, 1.981, 0.995,18:46,+01,19:48,+14,-,-,21:23,+33,-,-,22:58,+48,00:00,+54
-1091-Feb-10,N, 0.050,-1.041,05:23,+24,-,-,-,-,05:58,+17,-,-,-,-,06:33,+09
-1091-Mar-11,N, 0.372,-0.700,21:06,+36,-,-,-,-,22:37,+55,-,-,-,-,00:08,+69
-1091-Aug-06,N, 0.209,-0.747,03:29,+25,-,-,-,-,04:29,+15,-,-,-,-,05:30,+04
-1090-Jan-30,P, 1.359, 0.286,03:39,+48,05:12,+27,-,-,06:15,+14,-,-,07:17,+01,08:50,-17
-1090-Jul-26,P, 1.466, 0.473,16:39,-33,17:53,-17,-,-,19:06,-02,-,-,20:19,+12,21:33,+24
-1089-Jul-16,T, 2.864, 1.819,00:34,+39,01:40,+36,02:43,+29,03:35,+21,04:27,+12,05:30,+01,06:36,-12
-1088-Jan-08,P, 1.738, 0.761,22:42,+65,23:46,+79,-,-,01:11,+82,-,-,02:37,+63,03:40,+50
-1088-Jul-04,P, 1.502, 0.429,02:45,+27,04:13,+13,-,-,05:29,-01,-,-,06:45,-16,08:14,-34
-1088-Nov-29,N, 0.229,-0.760,04:57,+25,-,-,-,-,06:01,+12,-,-,-,-,07:05,-01
-1088-Dec-28,N, 0.533,-0.438,15:26,-23,-,-,-,-,16:59,-08,-,-,-,-,18:33,+10
-1087-May-24,N, 0.547,-0.478,16:16,-35,-,-,-,-,18:00,-13,-,-,-,-,19:44,+08
-1087-Nov-18,P, 1.395, 0.353,14:54,-33,16:18,-18,-,-,17:23,-05,-,-,18:29,+08,19:53,+26
-1086-May-14,T, 2.025, 1.054,02:01,+40,03:01,+31,04:22,+17,04:39,+13,04:57,+10,06:17,-07,07:18,-19
-1086-Nov-07,T, 2.661, 1.567,18:29,+09,19:40,+24,20:45,+39,21:35,+50,22:25,+60,23:30,+72,00:41,+76
-1085-May-03,T, 2.259, 1.318,18:07,-08,19:01,+03,20:04,+16,20:42,+23,21:21,+30,22:23,+40,23:18,+46
-1085-Oct-27,P, 1.905, 0.802,17:48,-02,19:07,+16,-,-,20:45,+37,-,-,22:23,+58,23:42,+71
-1084-Mar-24,N, 0.071,-0.910,04:54,+24,-,-,-,-,05:31,+16,-,-,-,-,06:08,+08
-1084-Oct-15,N, 0.678,-0.384,20:26,+31,-,-,-,-,22:21,+55,-,-,-,-,00:17,+69
-1083-Sep-05,P, 1.247, 0.275,18:16,-08,19:35,+08,-,-,20:30,+19,-,-,21:26,+30,22:44,+43
-1082-Mar-02,T, 2.709, 1.628,14:58,-39,16:09,-27,17:14,-15,18:06,-04,18:57,+07,20:03,+21,21:13,+36
-1081-Feb-19,P, 1.757, 0.681,15:17,-34,16:36,-20,-,-,18:07,-03,-,-,19:38,+17,20:58,+34
-1081-Aug-16,P, 1.827, 0.840,01:23,+42,02:27,+36,-,-,03:58,+22,-,-,05:29,+05,06:33,-08
-1080-Feb-08,N, 0.480,-0.549,21:15,+41,-,-,-,-,22:52,+62,-,-,-,-,00:29,+79
-1080-Jul-05,N, 0.229,-0.827,22:59,+33,-,-,-,-,00:10,+37,-,-,-,-,01:22,+36
-1080-Dec-29,P, 1.489, 0.518,22:01,+57,23:09,+71,-,-,00:22,+87,-,-,01:35,+76,02:43,+62
-1079-Jun-24,P, 1.572, 0.502,22:20,+31,23:46,+38,-,-,01:07,+37,-,-,02:28,+30,03:54,+18
-1079-Dec-19,T, 2.715, 1.736,13:25,-38,14:20,-33,15:18,-26,16:06,-18,16:55,-10,17:52,+01,18:48,+12
-1078-Jun-14,T, 2.771, 1.733,00:24,+40,01:29,+37,02:31,+30,03:23,+23,04:15,+14,05:18,+02,06:23,-11
-1078-Dec-09,P, 1.712, 0.685,02:14,+62,03:26,+47,-,-,04:51,+28,-,-,06:17,+10,07:28,-04
-1076-Apr-23,P, 1.041, 0.100,19:08,+06,20:37,+23,-,-,21:11,+30,-,-,21:45,+36,23:14,+48
-1076-May-23,N, 0.056,-0.887,03:14,+28,-,-,-,-,03:46,+23,-,-,-,-,04:17,+17
-1075-Oct-06,T, 2.409, 1.366,16:00,-30,17:05,-16,18:11,-02,18:54,+07,19:36,+16,20:42,+31,21:47,+44
-1074-Apr-02,P, 1.907, 0.886,22:31,+50,23:40,+60,-,-,01:16,+60,-,-,02:53,+47,04:01,+33
-1074-Sep-26,T, 2.021, 1.034,03:14,+37,04:14,+25,05:37,+08,05:50,+05,06:04,+02,07:27,-16,08:27,-28
-1073-Mar-23,N, 0.481,-0.589,03:51,+38,-,-,-,-,05:33,+16,-,-,-,-,07:16,-07
-1073-Sep-15,N, 0.790,-0.171,19:35,+11,-,-,-,-,21:25,+33,-,-,-,-,23:15,+50
-1072-Aug-06,P, 1.366, 0.367,00:19,+43,01:37,+40,-,-,02:43,+33,-,-,03:49,+23,05:08,+09
-1071-Jan-29,T, 2.660, 1.645,17:44,-03,18:44,+09,19:45,+22,20:34,+32,21:23,+43,22:24,+56,23:24,+69
-1070-Jan-19,P, 1.766, 0.794,07:19,+00,08:21,-11,-,-,09:48,-26,-,-,11:15,-36,12:17,-40
-1069-Jan-09,N, 0.549,-0.421,00:11,+84,-,-,-,-,01:45,+74,-,-,-,-,03:20,+54
-1069-Jun-04,N, 0.406,-0.616,23:18,+41,-,-,-,-,00:49,+42,-,-,-,-,02:19,+34
-1069-Nov-29,P, 1.393, 0.348,23:29,+76,00:54,+79,-,-,01:59,+66,-,-,03:05,+52,04:29,+33
-1068-Nov-18,T, 2.655, 1.559,02:41,+53,03:52,+38,04:58,+24,05:47,+13,06:37,+03,07:43,-10,08:54,-23
-1067-May-14,T, 2.396, 1.456,01:36,+43,02:29,+36,03:29,+26,04:12,+18,04:56,+09,05:56,-03,06:49,-14
-1067-Nov-07,P, 1.917, 0.814,01:53,+62,03:13,+45,-,-,04:51,+24,-,-,06:29,+03,07:48,-13
-1066-May-03,P, 1.032, 0.076,19:08,+05,20:43,+23,-,-,21:13,+29,-,-,21:43,+34,23:18,+46
-1066-Oct-27,N, 0.697,-0.364,04:45,+23,-,-,-,-,06:41,-02,-,-,-,-,08:38,-25
-1065-Mar-24,P, 1.235, 0.195,20:13,+23,21:49,+43,-,-,22:40,+53,-,-,23:31,+61,01:07,+65
-1065-Sep-17,P, 1.202, 0.229,02:42,+41,04:03,+26,-,-,04:54,+16,-,-,05:45,+05,07:06,-12
-1064-Mar-12,T, 2.600, 1.521,22:00,+48,23:11,+61,00:17,+69,01:07,+69,01:56,+63,03:03,+51,04:13,+36
-1064-Sep-05,T, 2.469, 1.508,18:24,-06,19:19,+06,20:18,+18,21:03,+27,21:48,+35,22:46,+44,23:41,+50
-1063-Mar-01,P, 1.846, 0.776,22:31,+56,23:48,+70,-,-,01:24,+71,-,-,02:59,+54,04:16,+37
-1062-Jan-20,N, 0.163,-0.839,17:47,-02,-,-,-,-,18:43,+09,-,-,-,-,19:39,+21
-1062-Feb-19,N, 0.550,-0.472,05:00,+28,-,-,-,-,06:42,+06,-,-,-,-,08:24,-16
-1062-Aug-15,N, 0.487,-0.558,19:30,+05,-,-,-,-,21:10,+24,-,-,-,-,22:49,+40
-1061-Jan-10,P, 1.467, 0.499,06:46,+07,07:54,-06,-,-,09:06,-19,-,-,10:18,-29,11:26,-37
-1061-Jul-06,P, 1.428, 0.356,04:59,+04,06:31,-14,-,-,07:41,-28,-,-,08:51,-43,10:22,-62
-1061-Dec-30,T, 2.703, 1.723,22:13,+60,23:09,+72,00:06,+84,00:55,+84,01:44,+74,02:41,+61,03:37,+49
-1059-Jun-13,P, 1.490, 0.511,17:16,-23,18:28,-08,-,-,19:43,+07,-,-,20:58,+20,22:09,+31
-1059-Dec-08,N, 0.381,-0.705,17:32,-02,-,-,-,-,19:04,+17,-,-,-,-,20:35,+37
-1058-May-05,N, 0.909,-0.031,02:46,+35,-,-,-,-,04:43,+13,-,-,-,-,06:39,-11
-1058-Oct-28,N, 1.086,-0.009,21:01,+42,-,-,-,-,23:27,+70,-,-,-,-,01:52,+63
-1057-Apr-24,T, 2.247, 1.279,18:24,-04,19:22,+08,20:28,+22,21:05,+29,21:42,+35,22:48,+45,23:45,+51
-1057-Oct-18,T, 2.392, 1.350,00:23,+68,01:28,+62,02:34,+51,03:16,+42,03:57,+33,05:04,+19,06:09,+05
-1056-Apr-13,T, 2.034, 1.011,05:34,+08,06:41,-06,08:14,-26,08:22,-28,08:30,-30,10:03,-49,11:11,-61
-1055-Aug-27,N, 0.056,-0.908,20:08,+15,-,-,-,-,20:40,+21,-,-,-,-,21:12,+27
-1055-Sep-26,N, 0.828,-0.136,04:07,+26,-,-,-,-,05:59,+03,-,-,-,-,07:52,-21
-1054-Feb-20,P, 1.224, 0.163,18:53,+08,20:35,+30,-,-,21:22,+40,-,-,22:10,+50,23:51,+70
-1053-Feb-10,T, 2.604, 1.595,01:49,+71,02:50,+59,03:50,+45,04:39,+35,05:27,+24,06:28,+12,07:28,-01
-1053-Aug-06,T, 2.636, 1.579,14:42,-58,15:49,-44,16:54,-30,17:44,-19,18:34,-09,19:38,+04,20:45,+17
-1052-Jan-30,P, 1.804, 0.835,15:49,-24,16:51,-14,-,-,18:19,+03,-,-,19:47,+21,20:49,+34
-1052-Jul-25,P, 1.775, 0.696,15:58,-42,17:18,-25,-,-,18:51,-06,-,-,20:24,+12,21:44,+25
-1052-Dec-20,N, 0.211,-0.780,22:42,+65,-,-,-,-,23:43,+78,-,-,-,-,00:46,+84
-1051-Jul-14,N, 0.441,-0.610,18:33,-09,-,-,-,-,20:10,+09,-,-,-,-,21:47,+25
-1050-Jun-04,P, 1.746, 0.781,16:42,-29,17:45,-16,-,-,19:13,+01,-,-,20:41,+18,21:45,+28
-1048-May-14,P, 1.163, 0.206,02:27,+35,03:49,+22,-,-,04:38,+12,-,-,05:26,+03,06:49,-14
-1047-Apr-04,P, 1.105, 0.064,03:21,+40,05:13,+17,-,-,05:43,+10,-,-,06:13,+04,08:04,-21
-1046-Mar-24,T, 2.474, 1.398,04:51,+23,06:02,+08,07:11,-07,07:57,-17,08:43,-27,09:52,-41,11:03,-53
-1046-Sep-17,T, 2.422, 1.457,02:51,+39,03:47,+29,04:46,+17,05:30,+08,06:13,-01,07:13,-13,08:08,-25
-1045-Mar-13,P, 1.951, 0.887,05:36,+16,06:51,-01,-,-,08:30,-22,-,-,10:10,-41,11:25,-52
-1045-Sep-06,P, 1.967, 0.968,17:19,-20,18:23,-06,-,-,19:59,+14,-,-,21:34,+33,22:38,+44
-1044-Feb-01,N, 0.127,-0.869,02:13,+69,-,-,-,-,03:02,+58,-,-,-,-,03:51,+48
-1044-Aug-26,N, 0.567,-0.485,02:52,+35,-,-,-,-,04:39,+16,-,-,-,-,06:26,-06
-1043-Jan-20,P, 1.438, 0.473,15:27,-26,16:36,-15,-,-,17:46,-03,-,-,18:56,+11,20:05,+25
-1042-Jan-10,T, 2.683, 1.704,06:57,+04,07:53,-06,08:50,-17,09:39,-25,10:27,-31,11:25,-37,12:20,-40
-1042-Jul-05,T, 2.695, 1.661,14:07,-65,15:12,-52,16:15,-38,17:06,-28,17:57,-17,18:59,-05,20:04,+07
-1042-Dec-30,P, 1.723, 0.693,19:22,+21,20:33,+36,-,-,22:00,+55,-,-,23:27,+74,00:38,+86
-1041-Jun-25,P, 1.627, 0.649,00:31,+39,01:39,+36,-,-,03:01,+26,-,-,04:24,+13,05:31,+00
-1041-Dec-20,N, 0.385,-0.701,01:44,+71,-,-,-,-,03:16,+51,-,-,-,-,04:48,+31
-1040-Jun-13,N, 0.323,-0.620,17:30,-20,-,-,-,-,18:44,-05,-,-,-,-,19:58,+09
-1040-Nov-08,N, 1.080,-0.014,05:11,+19,-,-,-,-,07:36,-11,-,-,-,-,10:01,-37
-1039-May-05,T, 2.112, 1.142,01:47,+44,02:46,+35,03:59,+22,04:26,+17,04:54,+12,06:06,-03,07:06,-16
-1038-Oct-17,T, 2.066, 1.080,20:32,+32,21:32,+45,22:48,+59,23:09,+62,23:30,+65,00:46,+68,01:46,+61
-1037-Apr-13,N, 0.738,-0.331,16:56,-23,-,-,-,-,19:00,+04,-,-,-,-,21:05,+30
-1036-Mar-03,P, 1.137, 0.083,02:20,+60,04:10,+37,-,-,04:45,+30,-,-,05:19,+22,07:09,-01
-1036-Aug-27,P, 1.202, 0.190,15:57,-39,17:27,-20,-,-,18:16,-09,-,-,19:05,+01,20:35,+19
-1035-Aug-16,T, 2.540, 1.477,21:57,+32,23:05,+41,00:11,+45,00:58,+45,01:46,+42,02:52,+34,04:00,+23
-1034-Feb-10,P, 1.856, 0.892,00:10,+79,01:10,+79,-,-,02:41,+62,-,-,04:11,+42,05:11,+29
-1034-Aug-05,P, 1.894, 0.812,22:47,+36,00:06,+42,-,-,01:44,+39,-,-,03:22,+27,04:40,+13
-1033-Jan-30,N, 0.607,-0.360,17:18,-08,-,-,-,-,18:57,+11,-,-,-,-,20:36,+32
-1033-Jul-26,N, 0.567,-0.483,01:23,+37,-,-,-,-,03:11,+25,-,-,-,-,04:59,+07
-1033-Dec-21,P, 1.375, 0.326,16:30,-14,17:57,+03,-,-,19:01,+16,-,-,20:05,+29,21:31,+48
-1032-Jun-15,P, 1.612, 0.649,00:07,+41,01:13,+39,-,-,02:35,+30,-,-,03:56,+18,05:02,+06
-1032-Dec-09,T, 2.642, 1.544,19:03,+18,20:14,+34,21:20,+48,22:10,+59,22:59,+70,00:05,+83,01:17,+78
-1031-Jun-04,T, 2.673, 1.733,16:33,-31,17:26,-20,18:22,-09,19:11,+01,20:00,+10,20:57,+20,21:49,+28
-1031-Nov-28,P, 1.934, 0.832,18:10,+07,19:29,+24,-,-,21:08,+45,-,-,22:46,+67,00:05,+83
-1030-Nov-17,N, 0.716,-0.340,21:38,+53,-,-,-,-,23:35,+77,-,-,-,-,01:33,+71
-1029-Oct-08,P, 1.146, 0.171,19:57,+21,21:22,+39,-,-,22:06,+48,-,-,22:51,+56,00:16,+65
-1027-Sep-17,T, 2.018, 1.013,01:29,+52,02:33,+43,04:01,+27,04:10,+25,04:19,+24,05:48,+05,06:51,-08
-1026-Mar-12,N, 0.729,-0.280,20:06,+22,-,-,-,-,22:00,+46,-,-,-,-,23:55,+65
-1025-Jan-31,P, 1.394, 0.433,23:59,+79,01:09,+81,-,-,02:17,+68,-,-,03:24,+53,04:34,+38
-1025-Jul-27,P, 1.167, 0.092,18:37,-08,20:31,+13,-,-,21:08,+20,-,-,21:44,+26,23:38,+38
-1024-Jan-21,T, 2.651, 1.673,15:32,-26,16:28,-17,17:25,-06,18:14,+03,19:02,+13,20:00,+24,20:56,+36
-1024-Jul-15,T, 2.567, 1.533,21:12,+21,22:16,+30,23:20,+37,00:08,+39,00:57,+39,02:01,+35,03:05,+27
-1023-Jan-10,P, 1.741, 0.710,03:45,+46,04:57,+30,-,-,06:25,+12,-,-,07:52,-05,09:04,-18
-1022-May-26,N, 0.642,-0.299,18:02,-12,-,-,-,-,19:43,+08,-,-,-,-,21:23,+25
-1022-Jun-25,N, 0.452,-0.491,00:51,+39,-,-,-,-,02:17,+32,-,-,-,-,03:43,+20
-1022-Nov-19,N, 1.078,-0.015,13:25,-42,-,-,-,-,15:50,-22,-,-,-,-,18:15,+06
-1021-Nov-08,T, 2.381, 1.342,17:27,-04,18:31,+10,19:37,+24,20:18,+33,20:59,+42,22:05,+56,23:10,+69
-1020-May-04,T, 2.315, 1.288,19:19,+07,20:25,+20,21:34,+33,22:14,+39,22:53,+44,00:02,+49,01:08,+48
-1020-Oct-28,T, 2.076, 1.090,05:21,+14,06:20,+02,07:35,-14,07:57,-18,08:19,-23,09:34,-36,10:34,-45
-1019-Apr-23,N, 0.881,-0.186,23:19,+52,-,-,-,-,01:34,+51,-,-,-,-,03:48,+30
-1019-Oct-17,N, 0.871,-0.098,21:34,+45,-,-,-,-,23:29,+65,-,-,-,-,01:24,+64
-1018-Sep-07,P, 1.138, 0.120,23:56,+53,01:34,+50,-,-,02:13,+45,-,-,02:52,+39,04:30,+21
-1017-Mar-03,T, 2.454, 1.458,17:40,-09,18:40,+04,19:42,+17,20:27,+27,21:11,+36,22:14,+49,23:13,+61
-1017-Aug-28,T, 2.457, 1.388,05:19,+07,06:28,-08,07:36,-22,08:20,-32,09:05,-41,10:13,-55,11:22,-69
-1015-Jan-11,N, 0.166,-0.826,16:11,-20,-,-,-,-,17:06,-10,-,-,-,-,18:02,+01
-1015-Feb-10,N, 0.651,-0.314,01:38,+75,-,-,-,-,03:21,+53,-,-,-,-,05:03,+31
-1015-Jul-06,N, 0.021,-0.994,21:24,+24,-,-,-,-,21:46,+27,-,-,-,-,22:06,+30
-1014-Jan-01,P, 1.357, 0.306,00:53,+83,02:21,+65,-,-,03:23,+51,-,-,04:26,+38,05:54,+19
-1014-Dec-21,T, 2.628, 1.529,03:08,+52,04:19,+36,05:26,+22,06:15,+12,07:04,+02,08:11,-10,09:22,-22
-1013-Jun-16,T, 2.807, 1.867,00:05,+40,00:58,+39,01:54,+34,02:43,+28,03:33,+21,04:29,+11,05:22,+02
-1013-Dec-10,P, 1.942, 0.842,02:19,+61,03:37,+44,-,-,05:16,+23,-,-,06:55,+03,08:14,-12
-1012-Jun-04,P, 1.433, 0.471,16:58,-26,18:08,-12,-,-,19:20,+02,-,-,20:31,+15,21:42,+26
-1012-Nov-28,N, 0.723,-0.331,06:08,+09,-,-,-,-,08:05,-13,-,-,-,-,10:03,-32
-1011-Apr-25,N, 0.818,-0.224,17:20,-18,-,-,-,-,19:26,+08,-,-,-,-,21:33,+33
-1011-Oct-19,P, 1.133, 0.158,04:45,+21,06:11,+03,-,-,06:54,-06,-,-,07:36,-15,09:02,-32
-1010-Apr-14,T, 2.192, 1.120,18:14,-05,19:27,+10,20:48,+27,21:16,+33,21:44,+38,23:05,+51,00:18,+56
-1010-Oct-08,T, 2.360, 1.388,20:06,+24,21:02,+36,22:03,+48,22:44,+56,23:25,+61,00:26,+65,01:22,+62
-1009-Apr-03,T, 2.194, 1.140,19:29,+12,20:39,+27,21:57,+43,22:26,+48,22:55,+52,00:13,+60,01:23,+58
-1008-Feb-22,N, 0.017,-0.967,18:58,+08,-,-,-,-,19:16,+12,-,-,-,-,19:34,+16
-1008-Mar-23,N, 0.836,-0.167,03:29,+40,-,-,-,-,05:30,+14,-,-,-,-,07:30,-12
-1008-Sep-16,N, 0.687,-0.378,18:04,-07,-,-,-,-,20:02,+18,-,-,-,-,22:00,+42
-1007-Aug-07,N, 1.054,-0.023,01:38,+38,-,-,-,-,04:03,+19,-,-,-,-,06:27,-08
-1006-Feb-01,T, 2.609, 1.632,00:00,+79,00:56,+82,01:54,+72,02:42,+62,03:30,+51,04:28,+39,05:24,+27
-1006-Jul-27,T, 2.448, 1.416,04:24,+13,05:29,+01,06:34,-12,07:19,-21,08:04,-31,09:10,-45,10:15,-58
-1005-Jul-16,P, 1.880, 0.904,15:20,-50,16:22,-37,-,-,17:55,-17,-,-,19:28,+01,20:31,+13
-1004-Jan-10,N, 0.418,-0.669,17:48,-01,-,-,-,-,19:24,+19,-,-,-,-,21:00,+39
-1004-Jun-06,N, 0.508,-0.433,01:41,+35,-,-,-,-,03:12,+24,-,-,-,-,04:43,+09
-1004-Nov-29,N, 1.076,-0.015,21:39,+54,-,-,-,-,00:04,+83,-,-,-,-,02:28,+61
-1003-May-26,P, 1.829, 0.854,16:23,-33,17:27,-20,-,-,18:58,-01,-,-,20:30,+16,21:33,+27
-1003-Nov-19,T, 2.381, 1.345,02:04,+62,03:08,+48,04:14,+34,04:55,+25,05:36,+16,06:42,+03,07:46,-10
-1002-May-16,T, 2.465, 1.435,02:05,+39,03:10,+29,04:16,+17,05:01,+08,05:47,-01,06:53,-15,07:58,-29
-1002-Nov-08,T, 2.080, 1.095,14:13,-41,15:13,-31,16:27,-18,16:50,-13,17:12,-09,18:27,+07,19:27,+20
-1001-May-05,N, 1.032,-0.035,05:39,+02,-,-,-,-,08:03,-29,-,-,-,-,10:26,-59
-1001-Oct-29,N, 0.881,-0.090,06:25,+00,-,-,-,-,08:21,-23,-,-,-,-,10:17,-43
-1000-Mar-24,N, 0.929,-0.113,16:55,-21,-,-,-,-,19:08,+07,-,-,-,-,21:20,+35
-999-Mar-14,T, 2.359, 1.369,01:24,+66,02:24,+57,03:28,+44,04:09,+35,04:51,+27,05:55,+13,06:54,+00
-998-Mar-03,T, 1.994, 1.039,16:30,-23,17:28,-12,18:48,+05,19:02,+08,19:17,+11,20:37,+28,21:35,+41
-997-Jan-23,N, 0.128,-0.864,00:48,+83,-,-,-,-,01:37,+76,-,-,-,-,02:26,+65
-997-Aug-16,N, 0.784,-0.267,15:37,-46,-,-,-,-,17:41,-20,-,-,-,-,19:44,+06
-996-Jul-06,P, 1.362, 0.401,15:12,-51,16:25,-36,-,-,17:31,-22,-,-,18:37,-09,19:50,+05
-994-Jun-16,P, 1.569, 0.603,00:14,+39,01:21,+37,-,-,02:40,+28,-,-,04:00,+16,05:07,+04
-994-Dec-09,N, 0.729,-0.321,14:39,-30,-,-,-,-,16:37,-12,-,-,-,-,18:34,+11
-993-May-07,N, 0.666,-0.378,00:14,+50,-,-,-,-,02:10,+42,-,-,-,-,04:06,+23
-992-Apr-25,P, 2.040, 0.969,00:48,+53,02:03,+46,-,-,03:47,+28,-,-,05:32,+07,06:47,-09
-992-Oct-19,T, 2.344, 1.368,04:52,+20,05:49,+07,06:50,-06,07:30,-14,08:11,-22,09:12,-34,10:09,-43
-991-Apr-14,T, 2.331, 1.282,02:17,+47,03:25,+35,04:36,+21,05:15,+12,05:55,+04,07:06,-12,08:14,-26
-991-Oct-08,T, 2.086, 1.069,18:10,-01,19:14,+13,20:34,+30,20:54,+35,21:14,+39,22:33,+54,23:37,+64
-990-Sep-28,N, 0.729,-0.342,01:54,+53,-,-,-,-,03:55,+31,-,-,-,-,05:56,+05
-989-Feb-22,P, 1.272, 0.317,16:43,-19,17:57,-05,-,-,18:56,+07,-,-,19:55,+20,21:09,+36
-987-Jan-31,P, 1.811, 0.779,20:06,+27,21:17,+42,-,-,22:48,+62,-,-,00:20,+80,01:30,+77
-987-Jul-26,T, 1.993, 1.017,22:57,+36,23:57,+40,01:24,+39,01:34,+38,01:44,+38,03:10,+28,04:11,+18
-986-Jan-21,N, 0.451,-0.634,01:35,+75,-,-,-,-,03:14,+54,-,-,-,-,04:54,+32
-986-Jul-16,N, 0.692,-0.253,15:53,-43,-,-,-,-,17:37,-21,-,-,-,-,19:21,+00
-986-Dec-11,N, 1.072,-0.015,05:55,+14,-,-,-,-,08:18,-13,-,-,-,-,10:42,-34
-985-Jun-06,P, 1.687, 0.708,23:40,+40,00:46,+40,-,-,02:12,+33,-,-,03:38,+21,04:44,+09
-984-Nov-18,T, 2.080, 1.096,23:10,+72,00:09,+80,01:23,+71,01:46,+67,02:09,+62,03:23,+46,04:22,+34
-983-Nov-08,N, 0.883,-0.090,15:22,-30,-,-,-,-,17:18,-08,-,-,-,-,19:14,+17
-982-Apr-05,N, 0.811,-0.226,00:06,+60,-,-,-,-,02:10,+51,-,-,-,-,04:15,+28
-982-Sep-29,P, 1.050, 0.019,16:16,-28,18:14,-02,-,-,18:30,+01,-,-,18:46,+04,20:44,+30
-981-Sep-18,T, 2.333, 1.252,20:28,+24,21:40,+38,22:52,+50,23:30,+55,00:08,+57,01:21,+55,02:32,+46
-980-Mar-14,T, 2.080, 1.128,00:30,+70,01:26,+67,02:38,+55,03:03,+50,03:29,+45,04:40,+30,05:37,+17
-980-Sep-06,T, 2.169, 1.079,20:17,+19,21:31,+33,22:56,+46,23:19,+49,23:42,+51,01:07,+51,02:21,+44
-979-Mar-03,N, 0.779,-0.184,17:51,-07,-,-,-,-,19:42,+17,-,-,-,-,21:32,+40
-979-Aug-26,N, 0.871,-0.180,23:03,+43,-,-,-,-,01:12,+46,-,-,-,-,03:21,+31
-978-Jan-22,P, 1.290, 0.239,17:18,-08,18:50,+11,-,-,19:46,+22,-,-,20:42,+34,22:15,+54
-978-Jul-17,P, 1.251, 0.290,22:55,+36,00:12,+40,-,-,01:09,+39,-,-,02:06,+35,03:23,+25
-977-Jan-11,T, 2.577, 1.480,19:03,+16,20:14,+31,21:22,+45,22:10,+56,22:58,+66,00:05,+81,01:17,+82
-977-Jul-07,T, 2.596, 1.652,15:18,-50,16:11,-39,17:08,-27,17:56,-17,18:44,-08,19:41,+03,20:34,+13
-977-Dec-31,P, 1.973, 0.880,18:28,+10,19:45,+26,-,-,21:25,+47,-,-,23:05,+69,00:22,+85
-976-Dec-19,N, 0.739,-0.306,23:08,+73,-,-,-,-,01:06,+81,-,-,-,-,03:03,+55
-975-Jun-15,N, 0.224,-0.798,19:56,+08,-,-,-,-,21:04,+20,-,-,-,-,22:12,+29
-975-Nov-09,P, 1.124, 0.148,22:34,+63,00:00,+76,-,-,00:42,+76,-,-,01:23,+70,02:50,+53
-974-Oct-30,T, 2.335, 1.357,13:43,-47,14:40,-39,15:42,-28,16:22,-20,17:02,-12,18:04,+01,19:01,+13
-973-Oct-20,T, 2.102, 1.081,02:40,+49,03:45,+35,05:03,+18,05:25,+14,05:46,+09,07:05,-07,08:09,-21
-972-Apr-13,P, 1.080, 0.089,18:01,-08,19:39,+12,-,-,20:13,+19,-,-,20:46,+26,22:25,+44
-971-Mar-05,P, 1.193, 0.241,00:55,+74,02:13,+63,-,-,03:05,+53,-,-,03:56,+42,05:14,+25
-971-Aug-28,N, 0.874,-0.207,16:12,-37,-,-,-,-,18:25,-08,-,-,-,-,20:39,+19
-970-Feb-22,T, 2.485, 1.509,16:29,-22,17:26,-11,18:26,+01,19:11,+11,19:56,+20,20:56,+33,21:53,+45
-970-Aug-17,T, 2.251, 1.218,19:18,+02,20:24,+15,21:35,+28,22:10,+34,22:45,+38,23:56,+45,01:02,+45
-969-Feb-12,P, 1.865, 0.833,04:02,+42,05:12,+26,-,-,06:46,+06,-,-,08:20,-13,09:30,-26
-968-Jul-26,N, 0.799,-0.149,23:36,+40,-,-,-,-,01:26,+40,-,-,-,-,03:17,+27
-968-Dec-21,N, 1.063,-0.020,14:07,-34,-,-,-,-,16:30,-13,-,-,-,-,18:53,+14
-967-Dec-10,T, 2.380, 1.351,19:22,+23,20:25,+36,21:31,+50,22:12,+59,22:53,+68,23:58,+82,01:01,+82
-966-Jun-06,T, 2.772, 1.735,15:31,-45,16:36,-31,17:38,-18,18:30,-08,19:22,+02,20:25,+14,21:30,+25
-965-May-26,P, 1.350, 0.282,18:12,-09,19:48,+10,-,-,20:51,+22,-,-,21:54,+32,23:29,+42
-965-Nov-20,N, 0.883,-0.092,00:20,+79,-,-,-,-,02:17,+60,-,-,-,-,04:13,+35
-964-Oct-10,N, 1.023,-0.014,00:35,+66,-,-,-,-,02:49,+47,-,-,-,-,05:02,+19
-963-Apr-04,T, 2.140, 1.162,16:37,-26,17:37,-13,18:48,+02,19:18,+08,19:47,+14,20:59,+29,21:59,+41
-963-Sep-29,T, 2.292, 1.206,04:16,+25,05:28,+10,06:43,-06,07:18,-14,07:52,-21,09:07,-37,10:20,-50
-962-Sep-18,T, 2.231, 1.138,03:48,+29,05:02,+14,06:22,-03,06:51,-09,07:21,-16,08:40,-33,09:55,-48
-961-Feb-13,N, 0.017,-0.974,17:54,-05,-,-,-,-,18:12,-01,-,-,-,-,18:30,+02
-961-Mar-15,N, 0.861,-0.101,01:43,+65,-,-,-,-,03:39,+43,-,-,-,-,05:35,+18
-960-Feb-03,P, 1.239, 0.188,01:17,+78,02:54,+58,-,-,03:44,+47,-,-,04:35,+36,06:11,+15
-959-Jan-22,T, 2.535, 1.441,02:49,+59,04:01,+43,05:10,+28,05:56,+19,06:43,+09,07:51,-05,09:03,-18
-959-Jul-17,T, 2.479, 1.532,23:01,+36,23:55,+39,00:53,+39,01:39,+36,02:24,+32,03:23,+24,04:16,+16
-958-Jan-11,P, 1.999, 0.911,02:25,+64,03:41,+47,-,-,05:22,+26,-,-,07:03,+05,08:20,-09
-958-Jul-07,P, 1.825, 0.850,14:54,-55,15:58,-42,-,-,17:29,-23,-,-,19:00,-05,20:03,+07
-957-Jun-27,N, 0.356,-0.671,02:33,+28,-,-,-,-,03:59,+15,-,-,-,-,05:24,+00
-956-May-16,P, 1.717, 0.649,13:46,-66,15:07,-50,-,-,16:37,-30,-,-,18:07,-11,19:28,+05
-956-Nov-09,T, 2.331, 1.350,22:37,+64,23:34,+74,00:37,+76,01:16,+71,01:56,+64,02:58,+51,03:55,+39
-955-May-05,T, 2.624, 1.585,15:45,-40,16:50,-26,17:54,-12,18:44,-02,19:34,+08,20:38,+21,21:44,+32
-954-Apr-25,P, 1.215, 0.229,01:11,+51,02:36,+40,-,-,03:29,+31,-,-,04:21,+20,05:46,+03
-954-Oct-19,N, 0.781,-0.300,17:54,-01,-,-,-,-,20:00,+26,-,-,-,-,22:06,+53
-953-Sep-08,N, 0.806,-0.278,23:43,+50,-,-,-,-,01:52,+47,-,-,-,-,04:01,+27
-952-Mar-05,T, 2.402, 1.427,00:30,+73,01:27,+70,02:28,+59,03:12,+51,03:55,+41,04:56,+28,05:53,+15
-952-Aug-28,T, 2.174, 1.141,03:02,+33,04:08,+22,05:23,+07,05:52,+01,06:20,-05,07:36,-21,08:42,-35
-951-Aug-17,T, 2.183, 1.207,14:37,-58,15:36,-46,16:44,-31,17:16,-24,17:49,-17,18:57,-03,19:55,+09
-950-Feb-11,N, 0.557,-0.526,16:39,-19,-,-,-,-,18:29,+03,-,-,-,-,20:19,+26
-950-Jul-09,N, 0.131,-0.819,01:05,+36,-,-,-,-,01:53,+33,-,-,-,-,02:41,+28
-949-Jan-01,N, 1.047,-0.032,22:16,+60,-,-,-,-,00:38,+88,-,-,-,-,02:59,+58
-949-Dec-22,T, 2.375, 1.350,04:00,+40,05:03,+27,06:08,+14,06:49,+05,07:30,-03,08:35,-14,09:38,-25
-948-Jun-16,T, 2.831, 1.790,22:13,+32,23:18,+38,00:21,+39,01:13,+38,02:06,+33,03:09,+25,04:14,+15
-948-Dec-10,T, 2.080, 1.100,17:03,-06,18:01,+05,19:15,+20,19:38,+25,20:01,+30,21:15,+45,22:14,+58
-947-Jun-06,P, 1.512, 0.443,00:29,+42,01:56,+36,-,-,03:14,+25,-,-,04:31,+12,05:58,-05
-946-May-26,N, 0.156,-0.893,03:33,+24,-,-,-,-,04:32,+13,-,-,-,-,05:31,+02
-945-Apr-16,T, 2.019, 1.046,00:08,+56,01:08,+54,02:30,+44,02:46,+42,03:02,+39,04:23,+23,05:24,+11
-944-Apr-04,T, 2.288, 1.343,16:06,-32,17:01,-21,18:03,-08,18:42,+00,19:21,+09,20:23,+22,21:18,+33
-943-Sep-17,N, 1.004,-0.048,14:30,-54,-,-,-,-,16:46,-26,-,-,-,-,19:01,+03
-940-Jul-17,P, 1.944, 0.964,22:20,+31,23:22,+37,-,-,00:58,+38,-,-,02:33,+31,03:35,+22
-939-Jan-10,N, 0.780,-0.255,15:53,-21,-,-,-,-,17:52,+00,-,-,-,-,19:51,+24
-939-Jun-07,N, 0.192,-0.861,20:50,+20,-,-,-,-,21:56,+31,-,-,-,-,23:02,+38
-939-Dec-01,P, 1.125, 0.151,16:31,-14,17:57,+03,-,-,18:39,+12,-,-,19:21,+20,20:47,+39
-938-May-27,P, 1.552, 0.485,20:13,+15,21:39,+30,-,-,22:59,+40,-,-,00:19,+43,01:45,+39
-937-May-16,T, 2.777, 1.742,22:28,+39,23:32,+45,00:35,+46,01:27,+43,02:19,+37,03:22,+27,04:27,+16
-937-Nov-10,T, 2.117, 1.087,19:51,+28,20:56,+42,22:15,+59,22:37,+64,23:00,+68,00:18,+79,01:23,+71
-936-Oct-30,N, 0.793,-0.292,02:04,+59,-,-,-,-,04:10,+32,-,-,-,-,06:18,+05
-935-Mar-26,P, 0.997, 0.050,16:56,-21,18:33,-01,-,-,18:57,+04,-,-,19:21,+10,20:58,+30
-935-Apr-25,N, 0.068,-0.877,01:25,+48,-,-,-,-,02:00,+44,-,-,-,-,02:35,+39
-933-Mar-05,P, 2.018, 0.986,19:21,+13,20:29,+28,-,-,22:09,+49,-,-,23:49,+67,00:58,+71
-933-Aug-28,T, 2.259, 1.283,22:42,+42,23:40,+48,00:45,+49,01:21,+47,01:58,+44,03:03,+35,04:01,+25
-932-Feb-22,N, 0.630,-0.451,23:55,+72,-,-,-,-,01:51,+68,-,-,-,-,03:48,+44
-932-Aug-17,P, 0.982, 0.028,15:26,-47,17:08,-25,-,-,17:26,-21,-,-,17:45,-18,19:27,+04
-931-Jan-12,N, 1.022,-0.052,06:21,+13,-,-,-,-,08:41,-14,-,-,-,-,11:00,-34
-931-Jul-08,P, 1.283, 0.289,21:38,+24,23:00,+34,-,-,23:59,+37,-,-,00:58,+37,02:20,+32
-930-Jan-01,T, 2.360, 1.340,12:33,-40,13:35,-37,14:41,-31,15:21,-26,16:01,-20,17:07,-09,18:09,+03
-930-Jun-28,T, 2.686, 1.641,04:57,+04,06:04,-09,07:07,-21,07:58,-32,08:50,-43,09:53,-56,10:59,-70
-930-Dec-22,T, 2.087, 1.109,01:55,+68,02:54,+55,04:07,+40,04:31,+35,04:55,+30,06:08,+15,07:06,+03
-929-Dec-11,N, 0.880,-0.096,18:17,+08,-,-,-,-,20:13,+32,-,-,-,-,22:09,+57
-928-May-06,N, 0.417,-0.604,21:25,+30,-,-,-,-,22:57,+43,-,-,-,-,00:28,+47
-928-Oct-31,N, 0.994,-0.053,17:27,-05,-,-,-,-,19:40,+24,-,-,-,-,21:53,+53
-927-Oct-20,T, 2.239, 1.144,20:09,+29,21:23,+45,22:41,+60,23:11,+65,23:41,+69,01:00,+69,02:13,+57
-926-Apr-15,T, 2.408, 1.465,23:45,+56,00:39,+57,01:38,+52,02:22,+46,03:06,+39,04:05,+28,04:59,+17
-926-Oct-09,T, 2.316, 1.219,19:18,+14,20:31,+30,21:46,+46,22:22,+52,22:58,+58,00:13,+66,01:27,+62
-925-Apr-05,P, 1.060, 0.099,17:03,-20,18:35,-01,-,-,19:09,+06,-,-,19:43,+14,21:15,+33
-925-Sep-28,N, 1.049,-0.002,22:31,+50,-,-,-,-,00:48,+60,-,-,-,-,03:06,+41
-924-Feb-24,P, 1.093, 0.042,16:48,-19,18:44,+05,-,-,19:09,+10,-,-,19:33,+15,21:30,+40
-924-Aug-18,P, 0.982, 0.018,22:46,+41,00:33,+47,-,-,00:48,+47,-,-,01:03,+46,02:50,+36
-923-Feb-12,T, 2.408, 1.319,17:54,-03,19:06,+12,20:18,+27,21:00,+36,21:42,+45,22:53,+60,00:05,+74
-923-Aug-08,T, 2.281, 1.327,14:48,-56,15:43,-45,16:46,-31,17:24,-23,18:03,-15,19:06,-03,20:01,+08
-922-Feb-01,T, 2.087, 1.009,17:58,-01,19:11,+14,20:48,+35,20:55,+37,21:03,+38,22:39,+59,23:53,+75
-921-Jan-22,N, 0.813,-0.216,00:07,+82,-,-,-,-,02:08,+70,-,-,-,-,04:09,+44
-921-Jun-19,N, 0.039,-1.017,04:02,+17,-,-,-,-,04:32,+11,-,-,-,-,05:02,+06
-921-Jul-18,N, 0.607,-0.432,16:06,-41,-,-,-,-,17:56,-18,-,-,-,-,19:46,+04
-921-Dec-13,P, 1.122, 0.150,01:29,+73,02:55,+55,-,-,03:36,+46,-,-,04:17,+37,05:43,+19
-920-Jun-07,P, 1.392, 0.325,02:44,+29,04:16,+14,-,-,05:24,+01,-,-,06:31,-12,08:03,-32
-920-Dec-01,T, 2.330, 1.346,16:29,-13,17:27,-02,18:29,+10,19:09,+19,19:48,+27,20:51,+40,21:49,+53
-919-May-27,T, 2.818, 1.786,05:12,+03,06:16,-10,07:18,-23,08:11,-34,09:03,-45,10:05,-59,11:09,-72
-919-Nov-21,T, 2.118, 1.084,04:29,+30,05:35,+16,06:54,-01,07:16,-05,07:38,-09,08:57,-24,10:03,-34
-918-May-16,P, 1.496, 0.518,15:30,-44,16:41,-29,-,-,17:56,-13,-,-,19:12,+02,20:23,+16
-917-Apr-07,N, 0.884,-0.061,00:48,+61,-,-,-,-,02:43,+47,-,-,-,-,04:38,+24
-917-Sep-30,N, 0.711,-0.375,15:14,-42,-,-,-,-,17:16,-17,-,-,-,-,19:18,+10
-916-Mar-26,T, 2.201, 1.226,16:06,-31,17:05,-20,18:12,-05,18:46,+02,19:20,+09,20:28,+24,21:27,+36
-916-Sep-18,T, 2.061, 1.029,18:59,+05,20:05,+19,21:32,+36,21:46,+39,21:59,+41,23:26,+54,00:33,+58
-915-Mar-16,T, 2.116, 1.084,02:44,+52,03:52,+38,05:12,+21,05:35,+16,05:57,+11,07:18,-07,08:25,-21
-914-Aug-28,P, 1.055, 0.098,23:35,+48,01:05,+49,-,-,01:39,+46,-,-,02:12,+43,03:43,+29
-913-Jan-23,N, 0.985,-0.083,14:20,-35,-,-,-,-,16:37,-16,-,-,-,-,18:54,+10
-913-Jul-20,P, 1.161, 0.162,05:04,+04,06:35,-13,-,-,07:20,-23,-,-,08:06,-32,09:37,-51
-912-Jan-12,T, 2.338, 1.324,21:03,+42,22:04,+55,23:10,+70,23:50,+78,00:29,+85,01:35,+78,02:37,+64
-911-Dec-22,N, 0.882,-0.094,03:11,+51,-,-,-,-,05:07,+26,-,-,-,-,07:04,+03
-910-May-18,N, 0.281,-0.736,04:34,+12,-,-,-,-,05:50,-03,-,-,-,-,07:05,-19
-910-Jun-16,N, 0.466,-0.578,16:10,-38,-,-,-,-,17:48,-17,-,-,-,-,19:27,+03
-910-Nov-12,N, 0.987,-0.064,01:57,+63,-,-,-,-,04:10,+34,-,-,-,-,06:23,+06
-909-May-07,P, 1.756, 0.792,14:59,-50,16:02,-37,-,-,17:31,-18,-,-,18:59,+00,20:02,+13
-909-Nov-01,T, 2.224, 1.127,04:13,+30,05:27,+14,06:47,-03,07:15,-08,07:44,-14,09:04,-29,10:18,-41
-908-Oct-20,T, 2.342, 1.244,03:14,+42,04:28,+26,05:41,+10,06:19,+02,06:56,-06,08:10,-21,09:24,-35
-907-Apr-16,P, 1.174, 0.213,00:32,+57,01:54,+51,-,-,02:44,+43,-,-,03:33,+34,04:55,+18
-906-Mar-07,N, 0.997,-0.053,00:17,+71,-,-,-,-,02:34,+57,-,-,-,-,04:50,+28
-905-Feb-24,T, 2.324, 1.237,01:11,+74,02:24,+62,03:39,+46,04:16,+38,04:53,+30,06:08,+14,07:21,-02
-905-Aug-19,T, 2.199, 1.242,22:52,+41,23:48,+45,00:54,+46,01:28,+44,02:02,+41,03:07,+33,04:03,+23
-904-Feb-13,T, 2.150, 1.078,01:32,+74,02:44,+60,04:08,+42,04:30,+37,04:52,+32,06:16,+14,07:28,-01
-903-Jul-28,N, 0.722,-0.323,23:01,+36,-,-,-,-,01:01,+39,-,-,-,-,03:00,+29
-902-Dec-13,T, 2.327, 1.342,01:23,+74,02:21,+62,03:24,+48,04:03,+40,04:43,+31,05:45,+18,06:43,+07
-901-Dec-02,T, 2.117, 1.080,13:07,-41,14:13,-35,15:33,-24,15:54,-20,16:16,-16,17:36,-01,18:42,+12
-900-May-26,P, 1.640, 0.666,22:40,+38,23:46,+42,-,-,01:10,+41,-,-,02:33,+32,03:40,+22
-900-Nov-20,N, 0.804,-0.287,18:30,+11,-,-,-,-,20:38,+39,-,-,-,-,22:47,+67
-899-Oct-10,N, 0.683,-0.404,23:12,+60,-,-,-,-,01:12,+62,-,-,-,-,03:11,+43
-898-Apr-06,T, 2.083, 1.108,23:42,+59,00:42,+60,01:56,+53,02:21,+50,02:45,+46,04:00,+31,05:00,+19
-898-Sep-30,P, 2.024, 0.993,03:11,+38,04:18,+25,-,-,05:57,+04,-,-,07:36,-17,08:43,-31
-897-Sep-19,T, 2.373, 1.395,15:19,-43,16:16,-31,17:17,-18,17:59,-09,18:41,+00,19:42,+14,20:39,+26
-895-Feb-02,N, 0.936,-0.126,22:12,+55,-,-,-,-,00:26,+81,-,-,-,-,02:39,+64
-894-Jan-23,T, 2.303, 1.295,05:25,+24,06:26,+12,07:32,-02,08:11,-09,08:49,-16,09:55,-27,10:56,-35
-894-Jul-19,T, 2.417, 1.361,18:38,-08,19:46,+06,20:55,+18,21:39,+25,22:22,+31,23:31,+38,00:39,+40
-893-Jan-12,T, 2.119, 1.148,19:28,+21,20:26,+33,21:36,+48,22:03,+54,22:31,+60,23:41,+75,00:39,+85
-893-Jul-08,P, 1.975, 0.902,19:42,+06,20:58,+19,-,-,22:40,+33,-,-,00:22,+39,01:38,+37
-892-Jun-26,N, 0.616,-0.426,22:41,+35,-,-,-,-,00:33,+40,-,-,-,-,02:24,+32
-891-May-17,P, 1.619, 0.658,22:23,+38,23:28,+43,-,-,00:50,+44,-,-,02:12,+37,03:17,+27
-891-Nov-11,T, 2.217, 1.117,12:21,-48,13:36,-44,14:57,-33,15:24,-28,15:51,-23,17:12,-08,18:27,+08
-890-May-07,T, 2.666, 1.726,14:52,-51,15:45,-40,16:42,-28,17:31,-18,18:20,-08,19:16,+04,20:09,+14
-889-Oct-20,P, 1.106, 0.055,14:59,-39,16:51,-17,-,-,17:19,-11,-,-,17:46,-05,19:38,+19
-888-Sep-09,N, 0.865,-0.101,15:22,-44,-,-,-,-,17:18,-19,-,-,-,-,19:13,+05
-886-Aug-19,T, 2.239, 1.241,21:15,+26,22:16,+36,23:24,+43,23:59,+45,00:34,+46,01:43,+43,02:44,+36
-885-Feb-12,N, 0.916,-0.100,16:11,-23,-,-,-,-,18:17,+00,-,-,-,-,20:22,+27
-884-Jan-03,P, 1.102, 0.133,19:15,+19,20:42,+37,-,-,21:22,+45,-,-,22:01,+54,23:28,+73
-884-Jun-28,P, 1.084, 0.017,15:55,-42,18:05,-15,-,-,18:21,-11,-,-,18:36,-08,20:46,+16
-883-Jun-17,T, 2.515, 1.488,18:51,-03,19:55,+09,21:00,+20,21:47,+27,22:35,+33,23:39,+38,00:43,+39
-883-Dec-12,T, 2.120, 1.080,21:41,+54,22:48,+68,00:08,+85,00:29,+86,00:51,+83,02:11,+66,03:18,+52
-882-Dec-02,N, 0.807,-0.286,02:43,+55,-,-,-,-,04:52,+28,-,-,-,-,07:01,+01
-881-Apr-28,N, 0.635,-0.307,16:19,-32,-,-,-,-,17:59,-11,-,-,-,-,19:39,+10
-881-May-27,N, 0.464,-0.476,23:04,+39,-,-,-,-,00:31,+41,-,-,-,-,01:58,+36
-879-Apr-06,T, 2.352, 1.318,17:02,-21,18:08,-06,19:17,+08,19:57,+17,20:38,+25,21:47,+39,22:53,+50
-879-Sep-29,T, 2.410, 1.432,23:51,+61,00:47,+61,01:48,+54,02:31,+48,03:14,+40,04:15,+28,05:12,+16
-878-Mar-26,N, 0.942,-0.132,20:37,+28,-,-,-,-,22:55,+54,-,-,-,-,01:13,+61
-878-Sep-19,P, 1.165, 0.202,16:17,-30,17:38,-12,-,-,18:26,-02,-,-,19:14,+08,20:35,+25
-877-Feb-14,N, 0.875,-0.181,05:57,+17,-,-,-,-,08:07,-10,-,-,-,-,10:16,-33
-877-Aug-10,N, 0.948,-0.064,20:12,+12,-,-,-,-,22:20,+33,-,-,-,-,00:27,+43
-876-Feb-03,T, 2.259, 1.257,13:42,-42,14:43,-36,15:51,-26,16:27,-20,17:03,-14,18:10,-01,19:11,+12
-876-Jul-30,T, 2.294, 1.233,01:35,+38,02:45,+30,03:58,+19,04:35,+13,05:12,+06,06:25,-09,07:35,-23
-875-Jan-23,T, 2.148, 1.181,04:06,+41,05:03,+29,06:12,+15,06:42,+08,07:12,+02,08:20,-11,09:17,-21
-875-Jul-19,T, 2.116, 1.041,02:18,+32,03:32,+22,05:02,+06,05:19,+03,05:36,+00,07:06,-18,08:20,-34
-874-Jan-12,N, 0.907,-0.067,20:43,+37,-,-,-,-,22:41,+62,-,-,-,-,00:39,+85
-874-Jun-08,N, 0.011,-0.999,19:24,+02,-,-,-,-,19:40,+05,-,-,-,-,19:55,+08
-874-Jul-08,N, 0.758,-0.283,05:22,+01,-,-,-,-,07:24,-24,-,-,-,-,09:26,-49
-874-Dec-03,N, 0.978,-0.079,18:58,+18,-,-,-,-,21:11,+46,-,-,-,-,23:25,+75
-873-Nov-22,T, 2.210, 1.107,20:29,+38,21:44,+54,23:06,+72,23:32,+77,23:58,+81,01:20,+74,02:35,+58
-872-May-17,T, 2.800, 1.861,22:23,+38,23:16,+43,00:12,+45,01:02,+44,01:52,+40,02:48,+33,03:40,+24
-872-Nov-10,T, 2.367, 1.269,19:26,+23,20:39,+38,21:52,+54,22:31,+62,23:10,+70,00:22,+78,01:35,+69
-871-May-07,P, 1.426, 0.462,15:14,-47,16:25,-32,-,-,17:35,-17,-,-,18:47,-02,19:57,+12
-871-Oct-30,P, 1.120, 0.071,23:24,+70,01:13,+68,-,-,01:44,+63,-,-,02:15,+57,04:04,+35
-870-Mar-28,N, 0.771,-0.279,14:52,-47,-,-,-,-,16:55,-23,-,-,-,-,18:59,+04
-870-Sep-20,N, 0.825,-0.143,23:52,+58,-,-,-,-,01:45,+53,-,-,-,-,03:39,+34
-869-Mar-17,T, 2.112, 1.032,15:19,-39,16:34,-25,18:06,-06,18:20,-03,18:35,+00,20:07,+20,21:21,+36
-869-Sep-10,T, 2.073, 1.107,15:23,-44,16:21,-32,17:34,-16,17:58,-11,18:21,-06,19:34,+10,20:32,+22
-868-Mar-05,T, 2.316, 1.255,16:16,-26,17:25,-13,18:37,+02,19:15,+10,19:53,+19,21:05,+34,22:14,+49
-868-Aug-30,T, 2.314, 1.310,05:07,+09,06:08,-03,07:14,-17,07:53,-25,08:32,-34,09:38,-47,10:39,-60
-867-Feb-23,N, 0.987,-0.023,00:01,+74,-,-,-,-,02:10,+66,-,-,-,-,04:19,+39
-866-Jan-14,P, 1.079, 0.113,04:01,+42,05:30,+23,-,-,06:06,+16,-,-,06:42,+08,08:11,-09
-866-Jul-09,N, 0.943,-0.126,22:39,+34,-,-,-,-,00:57,+39,-,-,-,-,03:14,+26
-865-Jan-03,T, 2.306, 1.320,18:59,+16,19:58,+28,21:01,+42,21:40,+50,22:18,+58,23:22,+72,00:20,+84
-865-Jun-29,T, 2.372, 1.347,01:48,+34,02:53,+26,04:00,+16,04:42,+09,05:24,+01,06:32,-13,07:36,-26
-865-Dec-24,T, 2.125, 1.084,06:12,+12,07:19,-01,08:39,-16,09:01,-19,09:23,-23,10:43,-33,11:50,-38
-863-May-08,N, 0.502,-0.441,23:59,+49,-,-,-,-,01:30,+46,-,-,-,-,03:00,+34
-863-Nov-01,N, 0.653,-0.433,15:27,-31,-,-,-,-,17:24,-08,-,-,-,-,19:21,+18
-862-Apr-28,P, 1.822, 0.844,14:34,-54,15:38,-41,-,-,17:10,-22,-,-,18:41,-03,19:45,+10
-862-Oct-21,P, 1.983, 0.953,20:01,+26,21:08,+41,-,-,22:45,+60,-,-,00:22,+71,01:30,+65
-861-Apr-18,T, 2.485, 1.450,00:00,+56,01:05,+54,02:11,+47,02:57,+39,03:43,+31,04:49,+17,05:54,+04
-860-Apr-06,N, 1.072,-0.001,03:13,+39,-,-,-,-,05:39,+09,-,-,-,-,08:04,-23
-860-Sep-30,P, 1.203, 0.236,00:50,+61,02:09,+51,-,-,03:01,+42,-,-,03:52,+32,05:11,+16
-859-Aug-21,N, 0.860,-0.159,03:56,+22,-,-,-,-,05:59,-01,-,-,-,-,08:03,-27
-858-Feb-13,T, 2.199, 1.203,21:50,+49,22:51,+62,00:01,+75,00:33,+79,01:06,+78,02:15,+67,03:16,+54
-856-Jan-24,N, 0.934,-0.039,05:17,+25,-,-,-,-,07:17,+01,-,-,-,-,09:17,-22
-856-Dec-14,N, 0.971,-0.089,03:25,+48,-,-,-,-,05:39,+19,-,-,-,-,07:53,-07
-855-Dec-03,T, 2.204, 1.101,04:39,+29,05:54,+13,07:17,-03,07:42,-08,08:07,-13,09:30,-27,10:45,-36
-854-Nov-22,T, 2.373, 1.276,03:38,+41,04:50,+25,06:03,+10,06:42,+02,07:21,-06,08:33,-19,09:46,-31
-853-May-18,P, 1.559, 0.593,22:29,+39,23:37,+45,-,-,00:56,+45,-,-,02:15,+38,03:22,+28
-852-Apr-07,N, 0.640,-0.410,21:58,+42,-,-,-,-,23:52,+57,-,-,-,-,01:46,+53
-851-Mar-27,P, 1.987, 0.910,22:11,+47,23:27,+59,-,-,01:09,+62,-,-,02:52,+47,04:08,+32
-851-Sep-20,T, 2.029, 1.059,23:50,+57,00:48,+58,02:06,+50,02:24,+47,02:42,+44,03:59,+29,04:58,+18
-850-Mar-16,T, 2.418, 1.364,23:26,+63,00:34,+68,01:42,+63,02:26,+56,03:09,+48,04:17,+34,05:25,+19
-849-Aug-30,N, 0.996,-0.068,20:40,+21,-,-,-,-,22:58,+43,-,-,-,-,01:16,+48
-848-Jul-20,N, 0.813,-0.257,05:31,+00,-,-,-,-,07:40,-26,-,-,-,-,09:50,-53
-847-Jan-14,T, 2.282, 1.296,03:38,+47,04:36,+35,05:41,+21,06:18,+13,06:56,+06,08:01,-07,08:59,-17
-846-Jan-03,T, 2.140, 1.097,14:36,-31,15:43,-22,17:02,-09,17:26,-04,17:50,+00,19:08,+16,20:15,+30
-846-Jun-28,T, 2.057, 1.089,20:31,+15,21:30,+24,22:46,+33,23:08,+35,23:30,+37,00:46,+38,01:46,+35
-846-Dec-23,N, 0.822,-0.272,19:00,+17,-,-,-,-,21:11,+45,-,-,-,-,23:21,+73
-845-Nov-12,N, 0.649,-0.436,23:42,+75,-,-,-,-,01:38,+67,-,-,-,-,03:35,+43
-844-May-08,P, 1.680, 0.700,21:52,+36,22:59,+44,-,-,00:25,+48,-,-,01:50,+43,02:57,+34
-844-Nov-01,P, 1.976, 0.948,04:36,+25,05:43,+11,-,-,07:20,-09,-,-,08:56,-28,10:03,-39
-843-Oct-21,T, 2.454, 1.475,17:16,-10,18:13,+03,19:12,+16,19:56,+25,20:40,+35,21:40,+48,22:37,+59
-841-Mar-07,N, 0.715,-0.328,21:09,+37,-,-,-,-,23:07,+61,-,-,-,-,01:05,+71
-840-Feb-25,T, 2.130, 1.139,05:53,+15,06:54,+02,08:07,-13,08:34,-18,09:02,-24,10:15,-37,11:16,-45
-840-Aug-20,T, 2.088, 1.015,15:53,-42,17:06,-26,18:41,-06,18:51,-04,19:01,-01,20:36,+18,21:49,+31
-839-Feb-13,T, 2.244, 1.284,20:58,+37,21:54,+49,22:57,+62,23:34,+70,00:10,+75,01:14,+77,02:10,+68
-839-Aug-09,T, 2.365, 1.284,15:57,-41,17:08,-26,18:21,-11,19:01,-02,19:41,+06,20:54,+20,22:06,+32
-838-Jul-29,N, 1.015,-0.025,19:15,+01,-,-,-,-,21:31,+26,-,-,-,-,23:48,+41
-837-Jun-19,P, 1.221, 0.266,20:47,+18,22:05,+29,-,-,23:00,+35,-,-,23:55,+38,01:13,+37
-837-Dec-14,T, 2.194, 1.091,12:45,-40,14:01,-35,15:24,-24,15:48,-21,16:13,-17,17:36,-01,18:51,+14
-836-Dec-02,T, 2.378, 1.283,11:50,-43,13:02,-42,14:14,-36,14:54,-30,15:33,-24,16:45,-12,17:57,+02
-835-Nov-21,P, 1.132, 0.088,16:30,-15,18:15,+06,-,-,18:49,+14,-,-,19:23,+21,21:08,+44
-834-Apr-19,N, 0.498,-0.553,04:57,+14,-,-,-,-,06:39,-08,-,-,-,-,08:22,-30
-834-May-18,N, 0.214,-0.809,18:03,-11,-,-,-,-,19:10,+03,-,-,-,-,20:17,+16
-834-Oct-12,N, 0.777,-0.194,17:14,-12,-,-,-,-,19:04,+12,-,-,-,-,20:54,+36
-833-Apr-08,P, 1.851, 0.777,04:55,+17,06:14,+00,-,-,07:50,-21,-,-,09:27,-41,10:46,-56
-832-Mar-27,T, 2.533, 1.484,06:30,+00,07:36,-15,08:42,-29,09:30,-38,10:17,-47,11:23,-57,12:29,-63
-832-Sep-20,T, 2.425, 1.408,21:14,+34,22:16,+46,23:20,+55,00:03,+58,00:46,+58,01:50,+53,02:52,+43
-831-Mar-16,P, 1.164, 0.167,15:19,-39,16:50,-22,-,-,17:35,-13,-,-,18:21,-03,19:51,+16
-831-Sep-10,N, 1.062,-0.008,04:10,+23,-,-,-,-,06:32,-06,-,-,-,-,08:54,-36
-830-Feb-04,P, 1.001, 0.041,21:13,+41,22:52,+62,-,-,23:14,+67,-,-,23:36,+71,01:16,+78
-829-Jul-20,T, 2.113, 1.091,16:04,-40,17:10,-26,18:30,-10,18:53,-05,19:17,-01,20:36,+14,21:42,+25
-828-Jan-14,T, 2.161, 1.118,22:54,+67,00:01,+81,01:19,+80,01:45,+75,02:11,+69,03:28,+52,04:35,+38
-828-Jul-09,T, 2.186, 1.219,03:57,+16,04:55,+05,06:03,-07,06:36,-14,07:10,-21,08:17,-35,09:15,-47
-827-Jan-03,N, 0.838,-0.255,03:02,+55,-,-,-,-,05:13,+27,-,-,-,-,07:25,+01
-827-Jun-28,N, 0.861,-0.081,21:12,+21,-,-,-,-,23:06,+34,-,-,-,-,01:00,+37
-826-May-20,P, 1.536, 0.553,05:08,+06,06:19,-09,-,-,07:37,-26,-,-,08:55,-42,10:06,-57
-826-Nov-12,P, 1.974, 0.947,13:15,-46,14:22,-39,-,-,15:58,-23,-,-,17:34,-04,18:41,+10
-825-May-09,T, 2.779, 1.741,13:34,-68,14:39,-55,15:42,-42,16:34,-31,17:26,-20,18:29,-06,19:34,+07
-825-Nov-02,T, 2.466, 1.486,02:06,+58,03:03,+46,04:02,+34,04:47,+24,05:31,+15,06:30,+02,07:27,-09
-824-Apr-27,P, 1.364, 0.294,16:06,-35,17:41,-15,-,-,18:45,-01,-,-,19:49,+12,21:24,+30
-824-Oct-21,P, 1.246, 0.273,18:17,+04,19:35,+21,-,-,20:30,+33,-,-,21:25,+45,22:43,+61
-823-Mar-18,N, 0.616,-0.421,04:34,+29,-,-,-,-,06:24,+05,-,-,-,-,08:14,-19
-823-Apr-16,N, 0.025,-1.029,19:24,+09,-,-,-,-,19:48,+14,-,-,-,-,20:12,+19
-823-Sep-11,N, 0.718,-0.314,19:43,+12,-,-,-,-,21:39,+35,-,-,-,-,23:34,+52
-822-Mar-07,T, 2.045, 1.061,13:47,-50,14:48,-43,16:08,-30,16:26,-26,16:45,-22,18:04,-06,19:06,+07
-822-Aug-31,P, 2.005, 0.927,23:15,+46,00:30,+50,-,-,02:11,+43,-,-,03:53,+27,05:08,+12
-821-Feb-25,T, 2.311, 1.355,05:11,+24,06:06,+12,07:08,-01,07:47,-09,08:27,-17,09:29,-29,10:24,-39
-821-Aug-20,T, 2.467, 1.384,23:01,+42,00:13,+47,01:22,+45,02:07,+41,02:52,+35,04:01,+23,05:12,+10
-820-Feb-14,P, 1.022, 0.050,22:00,+51,23:40,+71,-,-,00:05,+75,-,-,00:29,+77,02:09,+67
-820-Aug-09,P, 1.126, 0.086,02:27,+35,04:14,+18,-,-,04:48,+12,-,-,05:23,+05,07:10,-17
-819-Jan-04,N, 0.935,-0.127,20:05,+30,-,-,-,-,22:17,+58,-,-,-,-,00:30,+86
-819-Jun-30,P, 1.096, 0.141,04:21,+11,05:48,-05,-,-,06:29,-13,-,-,07:09,-21,08:36,-39
-819-Dec-24,T, 2.179, 1.077,20:48,+41,22:04,+57,23:29,+76,23:51,+81,00:14,+85,01:39,+75,02:54,+58
-818-Jun-19,T, 2.447, 1.505,20:55,+19,21:48,+27,22:47,+34,23:32,+37,00:17,+39,01:16,+37,02:09,+33
-818-Dec-13,T, 2.384, 1.292,20:02,+31,21:14,+47,22:25,+62,23:05,+71,23:45,+80,00:57,+82,02:09,+67
-817-Dec-03,P, 1.135, 0.094,01:05,+76,02:49,+55,-,-,03:24,+47,-,-,03:59,+39,05:43,+17
-816-May-29,N, 0.353,-0.673,00:34,+44,-,-,-,-,01:59,+38,-,-,-,-,03:24,+25
-816-Oct-23,N, 0.766,-0.205,02:03,+58,-,-,-,-,03:52,+35,-,-,-,-,05:42,+12
-815-Oct-12,P, 1.973, 0.995,17:03,-14,18:03,-01,-,-,19:37,+19,-,-,21:11,+39,22:11,+51
-814-Apr-07,T, 2.656, 1.613,13:29,-62,14:34,-52,15:38,-40,16:28,-29,17:19,-19,18:23,-05,19:28,+09
-814-Oct-02,T, 2.463, 1.439,05:27,+10,06:30,-04,07:33,-17,08:17,-27,09:02,-36,10:05,-47,11:08,-57
-813-Mar-27,P, 1.268, 0.278,22:49,+54,00:11,+64,-,-,01:09,+63,-,-,02:06,+56,03:29,+41
-812-Feb-16,N, 0.944,-0.013,05:38,+19,-,-,-,-,07:37,-06,-,-,-,-,09:35,-29
-812-Aug-10,N, 0.590,-0.483,19:40,+07,-,-,-,-,21:32,+28,-,-,-,-,23:25,+43
-811-Feb-04,T, 2.201, 1.216,20:32,+32,21:32,+45,22:40,+60,23:13,+67,23:46,+73,00:54,+81,01:53,+73
-811-Jul-30,P, 2.003, 0.982,23:26,+40,00:33,+42,-,-,02:12,+36,-,-,03:52,+22,04:59,+10
-810-Jan-25,T, 2.196, 1.152,07:01,+04,08:08,-09,09:23,-23,09:53,-27,10:22,-32,11:37,-40,12:44,-43
-809-Jun-10,N, 0.096,-0.850,23:13,+39,-,-,-,-,23:54,+41,-,-,-,-,00:36,+41
-809-Jul-10,P, 0.983, 0.039,04:44,+07,06:23,-12,-,-,06:44,-16,-,-,07:05,-20,08:44,-40
-809-Dec-04,N, 0.646,-0.434,16:18,-16,-,-,-,-,18:13,+06,-,-,-,-,20:09,+31
-808-Nov-22,P, 1.975, 0.951,21:58,+57,23:04,+71,-,-,00:40,+80,-,-,02:16,+62,03:22,+48
-807-May-19,T, 2.819, 1.779,20:13,+16,21:19,+28,22:22,+37,23:14,+42,00:07,+44,01:09,+43,02:15,+37
-806-May-08,P, 1.521, 0.452,22:26,+40,23:53,+47,-,-,01:11,+45,-,-,02:29,+37,03:56,+22
-806-Nov-02,P, 1.255, 0.280,03:09,+45,04:26,+28,-,-,05:22,+16,-,-,06:18,+05,07:35,-11
-805-Apr-28,N, 0.170,-0.879,01:29,+47,-,-,-,-,02:30,+39,-,-,-,-,03:32,+29
-805-Sep-23,N, 0.667,-0.371,03:47,+30,-,-,-,-,05:40,+07,-,-,-,-,07:32,-17
-804-Mar-17,P, 1.951, 0.972,21:36,+42,22:38,+54,-,-,00:13,+67,-,-,01:48,+62,02:50,+52
-802-Feb-25,P, 1.084, 0.114,06:07,+11,07:38,-08,-,-,08:15,-16,-,-,08:52,-23,10:22,-39
-801-Jan-16,N, 0.902,-0.160,04:15,+40,-,-,-,-,06:26,+13,-,-,-,-,08:37,-13
-800-Jan-05,T, 2.155, 1.054,04:45,+32,06:01,+16,07:29,-01,07:48,-05,08:07,-08,09:35,-23,10:50,-33
-800-Jun-30,T, 2.319, 1.375,04:30,+09,05:24,-01,06:25,-13,07:06,-21,07:47,-29,08:48,-42,09:42,-53
-800-Dec-24,T, 2.397, 1.308,04:10,+38,05:22,+23,06:32,+09,07:13,+01,07:54,-07,09:05,-20,10:16,-30
-799-Jun-19,P, 1.971, 0.994,20:08,+11,21:09,+22,-,-,22:46,+34,-,-,00:22,+39,01:24,+38
-798-May-10,N, 0.197,-0.856,18:51,-01,-,-,-,-,19:57,+12,-,-,-,-,21:04,+25
-797-Apr-29,P, 1.554, 0.485,18:08,-08,19:34,+10,-,-,20:54,+25,-,-,22:15,+39,23:40,+48
-797-Oct-24,P, 1.960, 0.978,01:48,+60,02:49,+48,-,-,04:22,+29,-,-,05:56,+08,06:57,-04
-796-Apr-17,T, 2.790, 1.753,20:22,+22,21:27,+35,22:29,+45,23:21,+52,00:13,+55,01:16,+53,02:21,+46
-796-Oct-12,T, 2.489, 1.460,13:48,-52,14:51,-42,15:54,-30,16:39,-21,17:24,-11,18:28,+02,19:30,+16
-795-Apr-07,P, 1.386, 0.401,06:12,+01,07:28,-15,-,-,08:36,-30,-,-,09:43,-43,10:59,-57
-795-Oct-01,P, 1.156, 0.076,19:36,+16,21:31,+40,-,-,22:04,+46,-,-,22:37,+52,00:31,+62
-794-Mar-27,N, 0.120,-0.830,22:58,+56,-,-,-,-,23:44,+62,-,-,-,-,00:30,+64
-794-Aug-22,N, 0.500,-0.574,02:59,+34,-,-,-,-,04:44,+15,-,-,-,-,06:28,-06
-793-Feb-16,T, 2.144, 1.159,04:48,+31,05:47,+18,06:58,+03,07:27,-03,07:56,-09,09:07,-23,10:07,-33
-792-Feb-05,T, 2.240, 1.197,15:01,-34,16:08,-23,17:20,-10,17:54,-04,18:27,+03,19:40,+18,20:46,+33
-792-Jul-30,T, 2.412, 1.445,19:14,+00,20:11,+11,21:12,+22,21:55,+28,22:39,+34,23:40,+40,00:36,+42
-791-Jan-24,N, 0.902,-0.189,18:38,+09,-,-,-,-,20:54,+37,-,-,-,-,23:10,+67
-791-Dec-15,N, 0.643,-0.435,00:35,+84,-,-,-,-,02:30,+61,-,-,-,-,04:25,+36
-790-Jun-10,P, 1.247, 0.256,19:35,+06,20:59,+21,-,-,21:55,+29,-,-,22:51,+36,00:15,+41
-790-Dec-04,P, 1.974, 0.953,06:40,+03,07:45,-10,-,-,09:21,-26,-,-,10:57,-38,12:03,-42
-789-May-31,T, 2.665, 1.622,02:53,+28,03:59,+17,05:03,+05,05:54,-05,06:45,-15,07:49,-29,08:55,-43
-789-Nov-23,T, 2.471, 1.493,19:59,+31,20:55,+43,21:54,+56,22:38,+66,23:23,+75,00:22,+83,01:18,+75
-788-May-19,P, 1.683, 0.615,04:44,+10,06:06,-07,-,-,07:34,-26,-,-,09:02,-45,10:24,-62
-787-Apr-08,N, 0.391,-0.634,19:15,+08,-,-,-,-,20:44,+27,-,-,-,-,22:12,+43
-786-Mar-29,P, 1.844, 0.870,05:18,+16,06:20,+02,-,-,07:51,-18,-,-,09:23,-37,10:25,-49
-786-Sep-22,P, 1.879, 0.791,14:21,-54,15:40,-38,-,-,17:16,-18,-,-,18:53,+03,20:11,+20
-785-Mar-18,T, 2.481, 1.532,21:15,+37,22:09,+48,23:07,+58,23:52,+64,00:38,+66,01:36,+63,02:30,+55
-785-Sep-11,T, 2.632, 1.545,13:40,-64,14:51,-51,15:57,-37,16:47,-26,17:37,-16,18:43,-01,19:54,+14
-784-Aug-30,P, 1.308, 0.268,17:26,-19,18:55,+01,-,-,19:54,+13,-,-,20:53,+25,22:23,+40
-783-Jul-21,N, 0.870,-0.085,19:48,+05,-,-,-,-,21:44,+25,-,-,-,-,23:40,+38
-783-Aug-20,N, 0.066,-0.916,05:52,+00,-,-,-,-,06:27,-07,-,-,-,-,07:02,-15
-782-Jan-15,T, 2.121, 1.022,12:36,-41,13:52,-38,15:26,-27,15:38,-25,15:50,-23,17:24,-07,18:40,+08
-781-Jan-04,T, 2.415, 1.330,12:15,-40,13:26,-39,14:36,-32,15:18,-27,15:59,-21,17:09,-09,18:20,+05
-781-Jul-01,T, 2.103, 1.122,03:23,+21,04:24,+11,05:38,-02,06:04,-07,06:30,-13,07:44,-28,08:45,-40
-781-Dec-24,P, 1.148, 0.116,18:13,+07,19:53,+27,-,-,20:32,+36,-,-,21:10,+44,22:50,+66
-780-May-21,N, 0.040,-1.015,01:59,+37,-,-,-,-,02:29,+33,-,-,-,-,03:00,+28
-780-Nov-13,N, 0.761,-0.212,19:54,+29,-,-,-,-,21:42,+53,-,-,-,-,23:31,+75
-779-May-10,P, 1.397, 0.330,00:41,+46,02:13,+38,-,-,03:21,+28,-,-,04:29,+15,06:01,-03
-778-Apr-29,T, 2.819, 1.787,03:14,+32,04:18,+20,05:20,+07,06:12,-04,07:05,-15,08:07,-28,09:11,-42
-778-Oct-23,T, 2.506, 1.472,22:13,+56,23:17,+67,00:20,+71,01:05,+68,01:51,+61,02:54,+49,03:58,+36
-777-Oct-13,P, 1.188, 0.102,03:29,+37,05:21,+14,-,-,05:59,+05,-,-,06:38,-03,08:29,-26
-776-Mar-08,N, 0.793,-0.159,22:06,+49,-,-,-,-,23:56,+67,-,-,-,-,01:47,+64
-775-Aug-21,P, 1.820, 0.800,14:37,-57,15:46,-43,-,-,17:18,-23,-,-,18:50,-03,20:00,+11
-774-Feb-15,T, 2.301, 1.258,22:48,+61,23:55,+74,01:05,+77,01:42,+72,02:20,+65,03:30,+50,04:36,+36
-774-Aug-11,T, 2.507, 1.540,03:06,+29,04:02,+20,05:01,+09,05:47,+00,06:34,-10,07:33,-22,08:29,-34
-773-Feb-05,N, 0.954,-0.135,02:10,+68,-,-,-,-,04:30,+38,-,-,-,-,06:49,+08
-773-Jul-31,P, 1.201, 0.253,20:08,+10,21:25,+24,-,-,22:18,+31,-,-,23:11,+37,00:28,+41
-772-Jun-21,P, 1.103, 0.108,02:48,+28,04:25,+12,-,-,05:02,+05,-,-,05:39,-02,07:16,-22
-772-Dec-14,P, 1.973, 0.956,15:23,-25,16:28,-14,-,-,18:04,+04,-,-,19:39,+24,20:45,+38
-771-Dec-04,T, 2.471, 1.495,04:57,+25,05:52,+14,06:52,+02,07:36,-07,08:20,-15,09:19,-25,10:15,-32
-770-Nov-23,P, 1.257, 0.278,21:01,+45,22:19,+62,-,-,23:14,+74,-,-,00:10,+83,01:28,+73
-769-Apr-20,N, 0.268,-0.751,02:33,+44,-,-,-,-,03:47,+30,-,-,-,-,05:01,+15
-769-Oct-14,N, 0.597,-0.452,20:13,+27,-,-,-,-,22:01,+49,-,-,-,-,23:49,+66
-768-Oct-02,P, 1.834, 0.742,22:06,+48,23:26,+60,-,-,01:00,+61,-,-,02:35,+49,03:55,+33
-767-Mar-29,T, 2.584, 1.638,05:06,+18,05:59,+06,06:56,-06,07:44,-17,08:31,-27,09:28,-38,10:22,-49
-767-Sep-21,T, 2.693, 1.604,21:15,+35,22:26,+48,23:31,+56,00:22,+59,01:13,+57,02:18,+49,03:29,+36
-766-Mar-18,P, 1.247, 0.278,21:54,+45,23:13,+59,-,-,00:09,+65,-,-,01:05,+65,02:24,+55
-766-Sep-11,P, 1.378, 0.338,01:12,+52,02:37,+42,-,-,03:43,+30,-,-,04:48,+17,06:14,-01
-765-Feb-06,N, 0.799,-0.262,20:09,+27,-,-,-,-,22:15,+54,-,-,-,-,00:20,+79
-765-Aug-02,N, 0.773,-0.183,03:43,+21,-,-,-,-,05:33,+01,-,-,-,-,07:23,-21
-764-Jan-26,P, 2.073, 0.977,20:19,+30,21:35,+47,-,-,23:20,+70,-,-,01:04,+83,02:21,+68
-764-Jul-21,T, 2.084, 1.133,19:52,+07,20:49,+17,22:00,+28,22:26,+31,22:53,+34,00:04,+39,01:00,+40
-763-Jan-14,T, 2.443, 1.364,20:14,+31,21:24,+46,22:32,+61,23:16,+70,23:59,+79,01:08,+83,02:18,+68
-762-Jan-04,P, 1.166, 0.139,02:41,+59,04:17,+39,-,-,05:00,+30,-,-,05:42,+21,07:18,+01
-762-Jun-30,N, 0.771,-0.268,20:18,+13,-,-,-,-,22:21,+32,-,-,-,-,00:24,+40
-762-Nov-25,N, 0.762,-0.211,04:52,+25,-,-,-,-,06:41,+03,-,-,-,-,08:30,-17
-761-Nov-14,P, 1.951, 0.963,19:29,+24,20:31,+37,-,-,22:04,+58,-,-,23:38,+76,00:39,+79
-759-Apr-28,P, 1.642, 0.667,20:49,+26,21:56,+38,-,-,23:19,+48,-,-,00:42,+51,01:49,+46
-758-Mar-20,N, 0.700,-0.250,06:10,+05,-,-,-,-,07:55,-17,-,-,-,-,09:39,-39
-758-Sep-12,N, 0.365,-0.712,18:07,-07,-,-,-,-,19:37,+12,-,-,-,-,21:07,+31
-757-Mar-09,T, 1.987, 1.003,20:48,+32,21:50,+45,23:22,+62,23:26,+63,23:30,+64,01:03,+69,02:04,+62
-757-Sep-01,P, 1.750, 0.729,22:27,+42,23:38,+50,-,-,01:06,+50,-,-,02:35,+41,03:45,+29
-756-Feb-27,T, 2.374, 1.331,06:26,+07,07:33,-07,08:41,-20,09:22,-28,10:03,-36,11:11,-46,12:17,-52
-755-Aug-11,P, 1.295, 0.343,04:01,+19,05:14,+06,-,-,06:15,-06,-,-,07:16,-19,08:29,-34
-754-Jan-05,N, 0.618,-0.450,17:04,-09,-,-,-,-,18:56,+13,-,-,-,-,20:48,+37
-754-Dec-26,P, 1.966, 0.953,00:03,+84,01:07,+80,-,-,02:43,+60,-,-,04:18,+39,05:23,+25
-753-Jun-21,T, 2.356, 1.306,16:09,-38,17:17,-24,18:28,-09,19:09,-01,19:50,+06,21:00,+19,22:08,+29
-753-Dec-15,T, 2.474, 1.500,13:52,-36,14:48,-30,15:47,-21,16:32,-13,17:16,-05,18:15,+06,19:11,+18
-752-Jun-09,P, 2.010, 0.942,17:21,-22,18:36,-07,-,-,20:19,+13,-,-,22:02,+29,23:17,+37
-752-Dec-04,P, 1.257, 0.277,05:57,+13,07:15,-03,-,-,08:11,-13,-,-,09:06,-22,10:25,-33
-751-May-29,N, 0.635,-0.403,20:34,+18,-,-,-,-,22:27,+34,-,-,-,-,00:20,+41
-751-Oct-25,N, 0.577,-0.478,04:34,+25,-,-,-,-,06:20,+02,-,-,-,-,08:07,-20
-750-Apr-19,P, 1.606, 0.642,20:29,+23,21:35,+36,-,-,22:56,+48,-,-,00:17,+54,01:23,+52
-750-Oct-14,P, 1.801, 0.704,05:58,+05,07:19,-13,-,-,08:52,-32,-,-,10:25,-48,11:46,-57
-749-Oct-03,T, 2.740, 1.649,05:00,+16,06:11,+01,07:16,-13,08:07,-24,08:58,-35,10:04,-47,11:14,-57
-748-Mar-29,P, 1.347, 0.379,05:33,+11,06:48,-05,-,-,07:52,-19,-,-,08:57,-33,10:11,-48
-747-Feb-17,N, 0.728,-0.334,03:54,+44,-,-,-,-,05:54,+18,-,-,-,-,07:55,-08
-747-Sep-10,N, 0.210,-0.773,21:41,+38,-,-,-,-,22:43,+48,-,-,-,-,23:45,+55
-746-Feb-06,P, 2.013, 0.920,03:53,+45,05:10,+28,-,-,06:53,+06,-,-,08:35,-15,09:52,-28
-746-Aug-02,T, 1.980, 1.026,03:43,+21,04:41,+11,06:03,-05,06:15,-07,06:27,-10,07:50,-26,08:48,-39
-745-Jan-26,T, 2.481, 1.407,04:07,+41,05:17,+26,06:24,+12,07:09,+03,07:54,-06,09:02,-19,10:11,-30
-745-Jul-22,T, 2.351, 1.359,18:04,-14,19:04,-02,20:09,+10,20:50,+17,21:31,+24,22:36,+33,23:36,+39
-744-Jul-11,N, 0.905,-0.140,03:01,+26,-,-,-,-,05:12,+04,-,-,-,-,07:24,-22
-743-Jan-04,N, 0.025,-0.953,01:57,+70,-,-,-,-,02:19,+65,-,-,-,-,02:40,+61
-743-Nov-25,P, 1.950, 0.960,04:22,+32,05:24,+19,-,-,06:57,+00,-,-,08:31,-18,09:33,-28
-742-May-20,T, 2.520, 1.496,16:55,-26,17:59,-12,19:03,+01,19:50,+10,20:38,+19,21:42,+30,22:46,+38
-742-Nov-14,T, 2.519, 1.476,15:15,-29,16:19,-17,17:23,-05,18:09,+05,18:55,+15,19:58,+28,21:02,+42
-741-May-10,P, 1.777, 0.806,04:05,+20,05:09,+07,-,-,06:38,-11,-,-,08:08,-30,09:11,-44
-741-Nov-03,P, 1.220, 0.126,19:36,+23,21:26,+47,-,-,22:08,+56,-,-,22:51,+65,00:41,+75
-740-Apr-28,N, 0.466,-0.476,21:16,+31,-,-,-,-,22:43,+45,-,-,-,-,00:11,+52
-740-Sep-23,N, 0.318,-0.759,01:56,+52,-,-,-,-,03:20,+38,-,-,-,-,04:44,+20
-739-Mar-20,P, 1.888, 0.904,04:35,+27,05:38,+13,-,-,07:11,-07,-,-,08:45,-27,09:48,-40
-738-Mar-09,T, 2.464, 1.421,13:52,-51,14:58,-42,16:04,-30,16:49,-22,17:34,-13,18:40,+01,19:46,+16
-738-Sep-01,T, 2.663, 1.694,19:16,+05,20:11,+17,21:08,+28,21:57,+36,22:46,+43,23:43,+49,00:38,+51
-737-Feb-26,P, 1.098, 0.014,16:46,-19,18:59,+08,-,-,19:14,+11,-,-,19:28,+14,21:41,+43
-736-Jan-17,N, 0.594,-0.468,01:12,+80,-,-,-,-,03:02,+57,-,-,-,-,04:52,+33
-736-Jul-12,N, 0.836,-0.170,17:24,-23,-,-,-,-,19:25,+01,-,-,-,-,21:27,+23
-736-Aug-11,N, 0.026,-0.960,05:10,+07,-,-,-,-,05:33,+02,-,-,-,-,05:55,-02
-735-Jul-01,T, 2.207, 1.152,22:49,+35,00:00,+39,01:17,+37,01:48,+35,02:18,+32,03:36,+21,04:46,+09
-735-Dec-25,T, 2.481, 1.508,22:46,+67,23:42,+79,00:41,+86,01:25,+77,02:10,+67,03:09,+55,04:04,+43
-734-Jun-20,T, 2.171, 1.102,23:43,+38,00:56,+38,02:19,+31,02:45,+28,03:10,+24,04:33,+10,05:46,-03
-734-Dec-15,P, 1.258, 0.277,14:51,-28,16:10,-16,-,-,17:05,-06,-,-,18:01,+04,19:20,+20
-733-Jun-10,N, 0.791,-0.245,03:06,+24,-,-,-,-,05:10,+03,-,-,-,-,07:14,-22
-732-Apr-30,P, 1.477, 0.517,04:00,+23,05:08,+10,-,-,06:22,-06,-,-,07:36,-22,08:45,-37
-732-Oct-24,P, 1.777, 0.677,13:55,-47,15:18,-34,-,-,16:49,-16,-,-,18:21,+04,19:43,+22
-731-Apr-19,T, 2.819, 1.877,20:30,+24,21:23,+34,22:19,+43,23:09,+49,23:58,+53,00:54,+53,01:47,+49
-731-Oct-13,T, 2.775, 1.683,12:54,-58,14:04,-49,15:09,-38,16:00,-28,16:52,-17,17:57,-04,19:07,+12
-730-Oct-02,P, 1.477, 0.438,17:17,-13,18:38,+04,-,-,19:50,+20,-,-,21:03,+36,22:24,+51
-729-Aug-23,N, 0.610,-0.349,19:54,+10,-,-,-,-,21:33,+29,-,-,-,-,23:13,+43
-729-Sep-22,N, 0.264,-0.719,05:56,+03,-,-,-,-,07:05,-12,-,-,-,-,08:13,-26
-727-Aug-02,T, 2.461, 1.463,01:33,+39,02:33,+33,03:36,+24,04:21,+16,05:06,+08,06:09,-05,07:09,-17
-726-Jan-25,P, 1.226, 0.210,19:22,+18,20:51,+37,-,-,21:42,+48,-,-,22:33,+59,00:02,+77
-726-Dec-16,N, 0.758,-0.212,22:48,+69,-,-,-,-,00:37,+86,-,-,-,-,02:26,+64
-725-Jun-11,N, 0.923,-0.141,20:20,+13,-,-,-,-,22:36,+33,-,-,-,-,00:52,+38
-725-Dec-06,P, 1.951, 0.958,13:16,-40,14:18,-34,-,-,15:51,-20,-,-,17:25,-03,18:27,+09
-724-May-30,T, 2.367, 1.347,23:46,+41,00:50,+41,01:57,+36,02:39,+30,03:21,+24,04:28,+13,05:32,+00
-724-Nov-24,T, 2.519, 1.472,23:49,+80,00:53,+78,01:57,+65,02:43,+55,03:29,+45,04:33,+32,05:37,+18
-723-Nov-14,P, 1.226, 0.130,03:45,+39,05:35,+15,-,-,06:18,+06,-,-,07:02,-03,08:51,-24
-722-Apr-10,N, 0.482,-0.465,22:00,+41,-,-,-,-,23:29,+53,-,-,-,-,00:58,+55
-722-May-10,N, 0.594,-0.346,04:38,+14,-,-,-,-,06:16,-06,-,-,-,-,07:53,-27
-722-Nov-03,N, 0.006,-1.096,05:09,+19,-,-,-,-,05:21,+17,-,-,-,-,05:34,+14
-721-Sep-23,P, 1.651, 0.631,14:38,-49,15:50,-35,-,-,17:14,-17,-,-,18:37,+01,19:49,+16
-720-Mar-19,T, 2.566, 1.523,21:10,+36,22:15,+49,23:20,+60,00:08,+65,00:57,+66,02:01,+59,03:07,+48
-720-Sep-12,T, 2.721, 1.751,03:34,+31,04:29,+20,05:26,+08,06:15,-02,07:04,-12,08:01,-24,08:56,-36
-719-Mar-08,P, 1.192, 0.110,23:48,+68,01:40,+67,-,-,02:20,+60,-,-,03:01,+52,04:52,+28
-719-Sep-01,P, 1.448, 0.489,20:12,+17,21:20,+30,-,-,22:31,+41,-,-,23:42,+49,00:51,+51
-718-Jul-24,N, 0.716,-0.296,00:48,+41,-,-,-,-,02:43,+31,-,-,-,-,04:37,+13
-717-Jan-16,P, 1.928, 0.925,17:10,-08,18:14,+04,-,-,19:48,+23,-,-,21:22,+43,22:27,+57
-716-Dec-25,P, 1.263, 0.282,23:42,+80,01:00,+82,-,-,01:56,+70,-,-,02:53,+58,04:11,+41
-715-Nov-15,N, 0.553,-0.510,21:23,+48,-,-,-,-,23:08,+70,-,-,-,-,00:54,+77
-714-Nov-04,P, 1.763, 0.660,21:59,+55,23:22,+71,-,-,00:52,+73,-,-,02:23,+57,03:46,+40
-713-May-01,T, 2.709, 1.767,04:05,+22,04:58,+11,05:54,-01,06:44,-11,07:33,-22,08:29,-34,09:22,-45
-713-Oct-24,T, 2.799, 1.706,20:55,+40,22:05,+55,23:10,+66,00:02,+72,00:53,+70,01:58,+61,03:08,+47
-712-Apr-19,P, 1.578, 0.608,20:31,+23,21:38,+36,-,-,22:58,+48,-,-,00:18,+53,01:25,+50
-712-Oct-13,P, 1.508, 0.469,01:35,+60,02:54,+46,-,-,04:09,+30,-,-,05:23,+14,06:43,-03
-711-Mar-10,N, 0.541,-0.519,18:55,+06,-,-,-,-,20:42,+29,-,-,-,-,22:28,+51
-711-Sep-03,N, 0.548,-0.413,04:12,+22,-,-,-,-,05:47,+03,-,-,-,-,07:21,-17
-710-Feb-27,P, 1.850, 0.764,18:35,+03,19:55,+21,-,-,21:31,+41,-,-,23:07,+61,00:26,+73
-710-Aug-23,P, 1.806, 0.843,19:44,+09,20:45,+21,-,-,22:13,+36,-,-,23:42,+46,00:43,+48
-709-Feb-16,T, 2.597, 1.535,19:30,+17,20:37,+31,21:42,+46,22:31,+56,23:20,+66,00:25,+76,01:32,+74
-708-Feb-06,P, 1.272, 0.262,03:33,+48,04:57,+30,-,-,05:54,+18,-,-,06:50,+06,08:15,-11
-708-Aug-01,P, 1.147, 0.092,16:44,-31,18:33,-08,-,-,19:09,-01,-,-,19:46,+06,21:35,+26
-707-Jan-25,N, 0.081,-0.889,18:57,+11,-,-,-,-,19:35,+19,-,-,-,-,20:13,+27
-707-Jun-22,N, 0.772,-0.291,03:00,+24,-,-,-,-,05:06,+03,-,-,-,-,07:13,-22
-707-Dec-16,P, 1.945, 0.952,22:05,+59,23:08,+73,-,-,00:41,+85,-,-,02:15,+66,03:17,+52
-705-May-31,T, 2.058, 1.093,18:37,-05,19:36,+07,20:51,+20,21:14,+24,21:37,+28,22:52,+37,23:51,+41
-704-Apr-21,N, 0.360,-0.586,05:49,+01,-,-,-,-,07:06,-15,-,-,-,-,08:24,-32
-704-Oct-14,N, 0.264,-0.815,17:57,-02,-,-,-,-,19:13,+15,-,-,-,-,20:30,+32
-703-Apr-10,P, 1.658, 0.672,19:44,+15,20:52,+28,-,-,22:16,+44,-,-,23:41,+54,00:49,+56
-703-Oct-03,P, 1.622, 0.602,22:58,+58,00:11,+64,-,-,01:32,+59,-,-,02:54,+45,04:06,+31
-702-Mar-31,T, 2.682, 1.639,04:17,+28,05:22,+14,06:26,+00,07:16,-11,08:07,-22,09:10,-35,10:16,-48
-701-Sep-13,P, 1.505, 0.542,04:30,+19,05:37,+05,-,-,06:52,-10,-,-,08:06,-26,09:13,-40
-700-Feb-07,N, 0.512,-0.538,17:12,-12,-,-,-,-,18:53,+08,-,-,-,-,20:35,+30
-700-Sep-01,N, 0.166,-0.832,20:23,+18,-,-,-,-,21:20,+29,-,-,-,-,22:16,+38
-699-Jan-27,P, 1.894, 0.897,01:36,+75,02:40,+61,-,-,04:13,+41,-,-,05:46,+21,06:50,+08
-698-Jan-16,T, 2.517, 1.550,16:19,-18,17:14,-08,18:12,+03,18:57,+12,19:43,+22,20:41,+34,21:36,+46
-697-Jul-01,P, 1.090, 0.058,16:28,-35,18:19,-12,-,-,18:48,-07,-,-,19:16,-01,21:08,+18
-697-Nov-27,N, 0.546,-0.521,05:49,+13,-,-,-,-,07:34,-08,-,-,-,-,09:20,-27
-696-May-21,P, 1.210, 0.257,18:58,+01,20:17,+16,-,-,21:11,+25,-,-,22:05,+33,23:23,+42
-696-Nov-15,P, 1.752, 0.647,06:04,+08,07:28,-09,-,-,08:58,-26,-,-,10:28,-39,11:52,-46
-695-Nov-04,T, 2.814, 1.722,05:03,+20,06:13,+05,07:17,-09,08:09,-19,09:01,-28,10:05,-39,11:15,-47
-694-May-01,P, 1.705, 0.734,03:51,+24,04:56,+11,-,-,06:23,-07,-,-,07:49,-26,08:54,-40
-693-Mar-22,N, 0.428,-0.631,02:14,+57,-,-,-,-,03:50,+38,-,-,-,-,05:26,+18
-693-Oct-13,N, 0.336,-0.648,22:57,+62,-,-,-,-,00:14,+69,-,-,-,-,01:30,+63
-692-Mar-10,P, 1.746, 0.664,01:42,+65,03:03,+50,-,-,04:34,+31,-,-,06:06,+11,07:27,-07
-692-Sep-03,P, 1.738, 0.770,03:55,+25,04:58,+13,-,-,06:24,-05,-,-,07:50,-23,08:53,-36
-691-Feb-27,T, 2.676, 1.620,02:59,+53,04:05,+39,05:09,+25,05:59,+14,06:50,+03,07:54,-11,09:00,-24
-691-Aug-23,T, 2.649, 1.638,16:50,-28,17:51,-15,18:52,-02,19:41,+08,20:30,+18,21:31,+29,22:32,+39
-690-Aug-12,P, 1.253, 0.192,23:47,+44,01:26,+43,-,-,02:18,+38,-,-,03:10,+31,04:49,+14
-689-Jan-07,N, 0.733,-0.234,16:34,-13,-,-,-,-,18:21,+06,-,-,-,-,20:08,+28
-689-Feb-06,N, 0.124,-0.841,03:17,+52,-,-,-,-,04:04,+42,-,-,-,-,04:51,+32
-689-Dec-28,P, 1.937, 0.943,06:53,+04,07:55,-08,-,-,09:29,-23,-,-,11:02,-35,12:05,-39
-688-Dec-16,T, 2.524, 1.472,16:50,-09,17:55,+04,19:00,+17,19:46,+26,20:32,+36,21:36,+50,22:41,+64
-687-Jun-11,T, 2.198, 1.236,01:55,+34,02:52,+27,03:59,+16,04:34,+10,05:08,+04,06:15,-09,07:13,-21
-687-Dec-05,P, 1.235, 0.136,20:06,+32,21:55,+56,-,-,22:40,+66,-,-,23:24,+75,01:13,+78
-686-May-31,N, 0.860,-0.079,19:22,+04,-,-,-,-,21:16,+25,-,-,-,-,23:09,+39
-686-Oct-26,N, 0.251,-0.827,02:07,+58,-,-,-,-,03:22,+43,-,-,-,-,04:36,+27
-686-Nov-24,N, 0.027,-1.074,21:11,+46,-,-,-,-,21:37,+51,-,-,-,-,22:03,+57
-685-Apr-22,P, 1.530, 0.543,03:10,+34,04:21,+20,-,-,05:39,+04,-,-,06:57,-12,08:08,-27
-684-Oct-03,T, 2.801, 1.828,20:35,+31,21:31,+42,22:27,+53,23:16,+60,00:06,+64,01:02,+63,01:58,+56
-683-Mar-30,P, 1.421, 0.344,13:25,-60,14:57,-47,-,-,16:06,-33,-,-,17:15,-19,18:48,+01
-682-Feb-18,N, 0.453,-0.591,01:02,+75,-,-,-,-,02:38,+60,-,-,-,-,04:14,+39
-682-Aug-14,N, 0.504,-0.521,15:55,-41,-,-,-,-,17:33,-20,-,-,-,-,19:12,+01
-682-Sep-13,N, 0.218,-0.786,04:20,+22,-,-,-,-,05:25,+09,-,-,-,-,06:29,-05
-681-Aug-03,P, 1.815, 0.746,19:23,+03,20:41,+18,-,-,22:15,+33,-,-,23:49,+42,01:07,+43
-680-Jan-28,T, 2.549, 1.586,00:55,+82,01:50,+72,02:47,+60,03:34,+50,04:20,+40,05:18,+28,06:13,+16
-680-Jul-22,T, 2.610, 1.537,19:27,+02,20:36,+15,21:43,+26,22:33,+33,23:23,+38,00:29,+40,01:39,+38
-679-Jan-16,P, 1.293, 0.312,17:06,-09,18:24,+06,-,-,19:23,+18,-,-,20:22,+30,21:39,+47
-679-Jul-11,P, 1.228, 0.198,23:21,+36,00:56,+38,-,-,01:47,+35,-,-,02:38,+29,04:13,+15
-678-Jun-02,P, 1.076, 0.125,02:29,+32,03:57,+18,-,-,04:35,+11,-,-,05:13,+04,06:41,-14
-678-Nov-26,P, 1.744, 0.638,14:12,-37,15:36,-24,-,-,17:05,-08,-,-,18:35,+11,19:59,+29
-677-May-22,T, 2.436, 1.495,19:08,+03,20:02,+13,21:01,+23,21:45,+30,22:30,+36,23:29,+42,00:22,+43
-677-Nov-15,T, 2.822, 1.731,13:16,-45,14:25,-37,15:30,-26,16:21,-17,17:13,-07,18:17,+06,19:27,+21
-676-Nov-03,P, 1.543, 0.506,18:31,+10,19:48,+27,-,-,21:05,+44,-,-,22:21,+60,23:39,+74
-675-Apr-30,N, 0.363,-0.667,22:33,+42,-,-,-,-,23:59,+49,-,-,-,-,01:26,+46
-675-Sep-24,N, 0.457,-0.508,21:12,+34,-,-,-,-,22:39,+50,-,-,-,-,00:06,+59
-673-Sep-04,T, 2.726, 1.709,00:39,+51,01:40,+47,02:40,+40,03:31,+31,04:21,+22,05:21,+10,06:22,-03
-672-Feb-27,P, 1.404, 0.407,19:29,+15,20:46,+32,-,-,21:54,+46,-,-,23:02,+60,00:19,+71
-671-Jan-18,N, 0.707,-0.258,01:18,+80,-,-,-,-,03:04,+57,-,-,-,-,04:49,+35
-671-Jul-13,N, 0.493,-0.571,16:38,-34,-,-,-,-,18:22,-13,-,-,-,-,20:05,+07
-670-Jan-07,P, 1.919, 0.924,15:34,-24,16:37,-13,-,-,18:10,+04,-,-,19:43,+23,20:46,+36
-670-Jul-02,P, 1.940, 0.927,20:48,+17,21:55,+27,-,-,23:32,+37,-,-,01:10,+37,02:17,+32
-670-Dec-28,T, 2.535, 1.482,01:14,+78,02:20,+64,03:24,+50,04:10,+40,04:57,+30,06:01,+17,07:07,+04
-669-Dec-17,P, 1.243, 0.143,04:13,+37,06:02,+14,-,-,06:47,+05,-,-,07:33,-04,09:22,-23
-668-May-12,N, 0.100,-0.847,21:27,+29,-,-,-,-,22:09,+35,-,-,-,-,22:51,+40
-668-Jun-11,P, 0.995, 0.055,02:44,+29,04:20,+13,-,-,04:45,+09,-,-,05:10,+04,06:46,-15
-668-Dec-05,N, 0.036,-1.063,05:17,+22,-,-,-,-,05:47,+16,-,-,-,-,06:16,+10
-667-Oct-25,P, 1.592, 0.574,16:00,-24,17:13,-09,-,-,18:32,+08,-,-,19:51,+25,21:04,+41
-666-Apr-21,T, 2.812, 1.767,18:06,-08,19:12,+06,20:15,+19,21:07,+29,21:59,+38,23:02,+47,00:08,+52
-666-Oct-15,T, 2.824, 1.850,05:19,+13,06:14,+01,07:10,-11,07:59,-21,08:49,-30,09:45,-41,10:40,-49
-665-Apr-10,P, 1.554, 0.480,20:01,+18,21:27,+36,-,-,22:47,+49,-,-,00:07,+57,01:33,+55
-665-Oct-04,P, 1.584, 0.613,21:31,+42,22:36,+54,-,-,23:55,+63,-,-,01:13,+61,02:19,+52
-664-Mar-29,N, 0.228,-0.826,22:45,+53,-,-,-,-,23:57,+62,-,-,-,-,01:08,+62
-664-Aug-24,N, 0.417,-0.614,23:38,+48,-,-,-,-,01:09,+49,-,-,-,-,02:40,+39
-663-Feb-17,P, 1.790, 0.805,18:07,-02,19:12,+12,-,-,20:40,+31,-,-,22:09,+50,23:14,+63
-663-Aug-14,P, 1.707, 0.633,02:27,+36,03:48,+24,-,-,05:17,+07,-,-,06:46,-11,08:07,-28
-662-Aug-03,T, 2.736, 1.661,02:17,+35,03:26,+25,04:31,+14,05:23,+04,06:15,-06,07:20,-20,08:30,-34
-661-Jan-28,P, 1.321, 0.341,01:38,+75,02:54,+59,-,-,03:56,+45,-,-,04:58,+32,06:14,+16
-661-Dec-18,N, 0.526,-0.544,22:36,+65,-,-,-,-,00:21,+85,-,-,-,-,02:05,+68
-660-Jul-11,N, 0.068,-0.905,19:08,-03,-,-,-,-,19:44,+04,-,-,-,-,20:20,+10
-660-Dec-06,P, 1.734, 0.628,22:18,+62,23:43,+80,-,-,01:12,+77,-,-,02:41,+58,04:05,+40
-659-Jun-02,T, 2.298, 1.356,02:38,+30,03:33,+22,04:35,+11,05:15,+03,05:55,-05,06:56,-18,07:51,-29
-659-Nov-25,T, 2.829, 1.740,21:30,+51,22:39,+67,23:43,+79,00:35,+82,01:27,+73,02:31,+59,03:40,+44
-658-May-22,T, 1.980, 1.003,18:17,-08,19:19,+04,20:51,+21,20:56,+22,21:00,+23,22:33,+36,23:34,+41
-658-Nov-15,P, 1.550, 0.516,03:07,+47,04:24,+31,-,-,05:41,+14,-,-,06:57,-02,08:14,-16
-657-May-12,N, 0.500,-0.531,05:08,+06,-,-,-,-,06:49,-15,-,-,-,-,08:29,-37
-657-Oct-06,N, 0.427,-0.540,05:52,+05,-,-,-,-,07:16,-13,-,-,-,-,08:41,-30
-657-Nov-04,N, 0.371,-0.613,16:28,-16,-,-,-,-,17:48,+00,-,-,-,-,19:08,+17
-656-Mar-31,P, 1.502, 0.427,15:33,-39,17:02,-21,-,-,18:18,-05,-,-,19:34,+11,21:02,+30
-656-Sep-24,P, 1.638, 0.661,20:41,+29,21:47,+42,-,-,23:08,+55,-,-,00:29,+60,01:35,+56
-655-Mar-20,T, 2.871, 1.828,17:36,-12,18:41,+02,19:43,+16,20:36,+27,21:28,+38,22:30,+50,23:35,+60
-654-Mar-10,P, 1.489, 0.498,03:17,+46,04:29,+31,-,-,05:43,+14,-,-,06:58,-02,08:10,-17
-654-Sep-03,P, 1.431, 0.357,14:17,-59,15:47,-40,-,-,16:56,-25,-,-,18:05,-10,19:36,+09
-653-Feb-27,N, 0.246,-0.711,19:32,+15,-,-,-,-,20:37,+29,-,-,-,-,21:42,+43
-653-Jul-24,N, 0.368,-0.696,23:40,+38,-,-,-,-,01:10,+38,-,-,-,-,02:40,+31
-652-Jan-19,P, 1.893, 0.898,00:09,+83,01:12,+81,-,-,02:45,+61,-,-,04:17,+41,05:21,+28
-652-Jul-13,P, 1.811, 0.799,04:00,+16,05:08,+04,-,-,06:41,-14,-,-,08:13,-33,09:22,-48
-651-Jul-02,T, 2.465, 1.505,16:45,-31,17:41,-19,18:41,-08,19:26,+01,20:11,+10,21:11,+20,22:07,+28
-650-Nov-16,N, 0.247,-0.829,18:42,+14,-,-,-,-,19:56,+30,-,-,-,-,21:09,+46
-649-May-13,P, 1.251, 0.260,17:44,-15,19:08,+02,-,-,20:04,+13,-,-,21:01,+23,22:24,+36
-649-Nov-06,P, 1.588, 0.571,00:39,+75,01:52,+63,-,-,03:11,+46,-,-,04:30,+29,05:43,+14
-648-May-02,T, 2.666, 1.620,00:51,+49,01:57,+43,03:01,+33,03:52,+24,04:43,+14,05:47,+01,06:53,-13
-648-Oct-25,T, 2.838, 1.864,14:07,-44,15:02,-35,15:59,-25,16:48,-15,17:37,-05,18:33,+07,19:28,+19
-647-Apr-21,P, 1.697, 0.625,02:31,+42,03:52,+27,-,-,05:22,+09,-,-,06:51,-10,08:12,-27
-647-Oct-15,P, 1.607, 0.632,06:11,+01,07:17,-12,-,-,08:36,-28,-,-,09:56,-43,11:01,-52
-646-Mar-11,N, 0.299,-0.731,16:27,-26,-,-,-,-,17:46,-10,-,-,-,-,19:04,+06
-646-Apr-10,N, 0.355,-0.694,05:24,+12,-,-,-,-,06:52,-07,-,-,-,-,08:19,-26
-646-Oct-04,N, 0.286,-0.730,20:41,+31,-,-,-,-,21:56,+46,-,-,-,-,23:10,+58
-645-Mar-01,P, 1.719, 0.740,02:12,+62,03:17,+49,-,-,04:43,+30,-,-,06:09,+12,07:14,-02
-644-Feb-18,T, 2.648, 1.691,17:46,-06,18:40,+05,19:36,+17,20:25,+27,21:13,+38,22:10,+50,23:03,+61
-643-Dec-29,N, 0.507,-0.565,06:53,+04,-,-,-,-,08:36,-15,-,-,-,-,10:19,-31
-642-Jun-23,N, 0.815,-0.134,17:37,-19,-,-,-,-,19:30,+03,-,-,-,-,21:22,+22
-642-Jul-23,N, 0.188,-0.785,02:20,+32,-,-,-,-,03:18,+24,-,-,-,-,04:17,+15
-642-Dec-18,P, 1.723, 0.617,06:24,+09,07:48,-08,-,-,09:17,-23,-,-,10:46,-35,12:10,-40
-641-Dec-07,T, 2.833, 1.746,05:46,+15,06:55,+01,07:59,-11,08:51,-20,09:43,-28,10:47,-36,11:56,-41
-640-Jun-02,T, 2.122, 1.143,01:26,+38,02:27,+31,03:40,+20,04:08,+15,04:36,+10,05:49,-04,06:49,-16
-639-Apr-22,N, 0.020,-1.039,23:58,+53,-,-,-,-,00:20,+54,-,-,-,-,00:42,+54
-639-Nov-15,N, 0.378,-0.604,01:22,+71,-,-,-,-,02:42,+54,-,-,-,-,04:03,+37
-638-Apr-11,P, 1.366, 0.294,22:21,+46,23:55,+57,-,-,01:00,+57,-,-,02:04,+50,03:39,+34
-638-Oct-06,P, 1.603, 0.621,05:13,+13,06:20,-01,-,-,07:39,-18,-,-,08:59,-34,10:06,-46
-637-Apr-01,T, 2.769, 1.732,00:47,+62,01:51,+56,02:53,+45,03:45,+35,04:37,+24,05:39,+11,06:44,-03
-637-Sep-25,T, 2.841, 1.811,16:40,-24,17:42,-10,18:42,+03,19:33,+14,20:24,+25,21:25,+37,22:27,+49
-636-Sep-13,P, 1.501, 0.422,21:45,+39,23:13,+53,-,-,00:27,+57,-,-,01:42,+52,03:10,+39
-635-Feb-08,N, 0.621,-0.340,18:29,+04,-,-,-,-,20:08,+25,-,-,-,-,21:48,+46
-635-Mar-10,N, 0.325,-0.628,03:28,+43,-,-,-,-,04:42,+27,-,-,-,-,05:56,+11
-635-Sep-02,N, 0.198,-0.890,23:12,+49,-,-,-,-,00:21,+53,-,-,-,-,01:29,+50
-633-Jan-18,T, 2.579, 1.525,17:43,-02,18:49,+11,19:53,+25,20:41,+35,21:29,+45,22:33,+59,23:39,+73
-633-Jul-14,T, 2.589, 1.629,00:19,+39,01:13,+38,02:12,+33,03:00,+27,03:48,+20,04:46,+10,05:41,+00
-632-Jan-07,P, 1.277, 0.179,20:12,+31,21:58,+54,-,-,22:48,+65,-,-,23:39,+76,01:25,+79
-632-Jul-02,P, 1.252, 0.309,17:41,-19,18:55,-04,-,-,19:53,+07,-,-,20:51,+17,22:05,+28
-632-Nov-27,N, 0.249,-0.824,03:04,+51,-,-,-,-,04:17,+35,-,-,-,-,05:31,+19
-632-Dec-26,N, 0.063,-1.031,21:23,+47,-,-,-,-,22:01,+55,-,-,-,-,22:40,+64
-631-May-24,P, 1.105, 0.110,00:55,+41,02:32,+32,-,-,03:10,+26,-,-,03:48,+20,05:25,+02
-630-Nov-05,T, 2.845, 1.870,23:01,+69,23:56,+76,00:52,+74,01:41,+66,02:30,+56,03:27,+44,04:22,+32
-629-Oct-26,P, 1.620, 0.642,14:58,-36,16:04,-24,-,-,17:24,-08,-,-,18:44,+09,19:49,+23
-628-Mar-22,N, 0.205,-0.819,00:03,+63,-,-,-,-,01:08,+62,-,-,-,-,02:13,+55
-628-Oct-15,N, 0.304,-0.718,05:04,+17,-,-,-,-,06:21,+01,-,-,-,-,07:37,-15
-627-Sep-04,P, 1.532, 0.447,17:00,-23,18:28,-04,-,-,19:46,+12,-,-,21:03,+28,22:31,+43
-626-Mar-01,T, 2.716, 1.762,01:59,+64,02:53,+54,03:49,+42,04:38,+32,05:27,+21,06:24,+09,07:17,-03
-626-Aug-24,T, 2.847, 1.769,16:26,-33,17:36,-18,18:40,-04,19:33,+07,20:26,+17,21:30,+29,22:39,+40
-625-Feb-18,P, 1.414, 0.435,18:14,+00,19:26,+15,-,-,20:35,+30,-,-,21:44,+45,22:57,+60
-625-Aug-13,P, 1.581, 0.552,20:57,+22,22:13,+34,-,-,23:34,+43,-,-,00:54,+44,02:11,+39
-624-Jan-09,N, 0.482,-0.591,15:06,-30,-,-,-,-,16:47,-13,-,-,-,-,18:28,+06
-624-Jul-04,N, 0.694,-0.255,01:18,+38,-,-,-,-,03:03,+27,-,-,-,-,04:48,+09
-624-Dec-28,P, 1.703, 0.599,14:24,-33,15:49,-21,-,-,17:17,-06,-,-,18:44,+11,20:09,+29
-623-Jun-23,T, 2.027, 1.082,17:41,-18,18:38,-07,19:53,+07,20:14,+11,20:35,+15,21:50,+26,22:47,+33
-623-Dec-17,T, 2.840, 1.757,14:01,-35,15:09,-26,16:13,-16,17:05,-07,17:57,+03,19:00,+16,20:09,+30
-622-Dec-06,P, 1.557, 0.529,20:26,+37,21:41,+54,-,-,22:58,+71,-,-,00:16,+86,01:31,+75
-621-Jun-02,N, 0.791,-0.246,18:12,-11,-,-,-,-,20:16,+13,-,-,-,-,22:20,+32
-621-Oct-27,N, 0.395,-0.575,23:30,+69,-,-,-,-,00:51,+71,-,-,-,-,02:13,+58
-620-Apr-22,P, 1.218, 0.149,05:01,+13,06:47,-10,-,-,07:34,-20,-,-,08:20,-30,10:06,-52
-620-Oct-16,P, 1.580, 0.594,13:52,-50,15:00,-39,-,-,16:18,-24,-,-,17:37,-08,18:45,+07
-619-Oct-06,T, 2.873, 1.836,00:51,+63,01:54,+55,02:54,+44,03:45,+34,04:36,+23,05:37,+10,06:40,-03
-618-Mar-31,P, 1.694, 0.715,18:31,-01,19:37,+13,-,-,21:02,+31,-,-,22:28,+47,23:34,+56
-618-Sep-25,P, 1.556, 0.472,05:22,+10,06:49,-08,-,-,08:07,-25,-,-,09:26,-41,10:52,-56
-617-Feb-20,N, 0.560,-0.398,02:54,+57,-,-,-,-,04:29,+36,-,-,-,-,06:04,+16
-616-Feb-09,P, 1.803, 0.808,16:54,-15,17:59,-02,-,-,19:29,+16,-,-,20:58,+35,22:04,+49
-616-Aug-03,P, 1.590, 0.580,18:51,-05,20:04,+10,-,-,21:25,+24,-,-,22:46,+36,23:59,+42
-615-Jan-29,T, 2.618, 1.564,01:44,+73,02:50,+59,03:54,+45,04:43,+34,05:32,+24,06:36,+10,07:42,-03
-614-Jan-18,P, 1.308, 0.211,04:02,+42,05:45,+20,-,-,06:40,+09,-,-,07:35,-02,09:17,-21
-614-Jul-14,P, 1.373, 0.428,01:16,+38,02:25,+32,-,-,03:32,+22,-,-,04:39,+11,05:48,-02
-613-Jan-07,N, 0.085,-1.004,05:18,+25,-,-,-,-,06:03,+16,-,-,-,-,06:48,+06
-613-Nov-27,P, 1.592, 0.580,18:10,+08,19:21,+23,-,-,20:40,+40,-,-,21:59,+57,23:11,+72
-612-May-23,T, 2.357, 1.307,14:07,-63,15:15,-49,16:26,-34,17:07,-25,17:48,-16,18:58,-02,20:07,+11
-611-May-12,P, 2.006, 0.938,15:18,-46,16:33,-30,-,-,18:17,-09,-,-,20:00,+12,21:15,+26
-611-Nov-05,P, 1.627, 0.646,23:48,+75,00:54,+73,-,-,02:14,+59,-,-,03:34,+42,04:40,+28
-610-May-01,N, 0.637,-0.402,18:35,-03,-,-,-,-,20:28,+20,-,-,-,-,22:21,+40
-610-Sep-26,N, 0.231,-0.820,23:29,+60,-,-,-,-,00:39,+62,-,-,-,-,01:49,+56
-609-Mar-22,P, 1.543, 0.574,18:02,-07,19:09,+08,-,-,20:27,+24,-,-,21:44,+40,22:52,+53
-609-Sep-16,P, 1.465, 0.375,00:29,+57,02:01,+49,-,-,03:12,+37,-,-,04:24,+23,05:56,+04
-608-Sep-03,T, 2.767, 1.686,23:48,+51,00:57,+51,02:02,+46,02:54,+38,03:46,+29,04:50,+16,06:00,+02
-607-Mar-01,P, 1.481, 0.503,02:16,+62,03:26,+47,-,-,04:40,+32,-,-,05:53,+16,07:04,+01
-607-Aug-24,P, 1.672, 0.643,04:31,+16,05:45,+01,-,-,07:10,-16,-,-,08:35,-34,09:49,-50
-606-Jan-19,N, 0.446,-0.627,23:11,+69,-,-,-,-,00:49,+83,-,-,-,-,02:26,+65
-606-Aug-13,N, 0.396,-0.576,17:27,-22,-,-,-,-,18:50,-05,-,-,-,-,20:13,+11
-605-Jan-08,P, 1.678, 0.576,22:20,+59,23:46,+78,-,-,01:12,+81,-,-,02:38,+63,04:04,+44
-605-Jul-05,P, 1.899, 0.950,01:15,+37,02:14,+32,-,-,03:46,+19,-,-,05:19,+03,06:17,-09
-605-Dec-28,T, 2.851, 1.771,22:14,+60,23:22,+74,00:25,+87,01:17,+79,02:09,+68,03:12,+54,04:21,+39
-604-Jun-23,T, 2.404, 1.416,15:45,-44,16:44,-31,17:48,-18,18:31,-10,19:15,-01,20:18,+11,21:18,+20
-604-Dec-17,P, 1.562, 0.538,05:05,+26,06:20,+10,-,-,07:37,-05,-,-,08:55,-18,10:10,-29
-603-Jun-13,N, 0.938,-0.103,00:44,+38,-,-,-,-,02:57,+26,-,-,-,-,05:11,+03
-603-Dec-06,N, 0.388,-0.591,19:12,+21,-,-,-,-,20:34,+38,-,-,-,-,21:55,+56
-602-Oct-27,P, 1.565, 0.575,22:35,+61,23:44,+71,-,-,01:02,+70,-,-,02:19,+57,03:28,+43
-601-Apr-22,T, 2.501, 1.475,14:51,-50,15:55,-37,17:00,-24,17:47,-14,18:34,-04,19:38,+10,20:42,+23
-600-Apr-11,P, 1.811, 0.837,02:00,+49,03:03,+39,-,-,04:34,+21,-,-,06:04,+02,07:08,-12
-600-Oct-05,P, 1.600, 0.511,13:08,-58,14:33,-46,-,-,15:54,-31,-,-,17:16,-14,18:41,+05
-599-Mar-31,N, 0.517,-0.430,18:58,+05,-,-,-,-,20:30,+24,-,-,-,-,22:01,+42
-599-Aug-25,N, 0.075,-0.991,21:51,+32,-,-,-,-,22:33,+39,-,-,-,-,23:14,+44
-598-Feb-20,P, 1.738, 0.744,01:03,+76,02:10,+66,-,-,03:37,+47,-,-,05:04,+28,06:11,+14
-598-Aug-15,P, 1.497, 0.487,02:30,+35,03:45,+24,-,-,05:00,+10,-,-,06:15,-05,07:31,-20
-597-Aug-04,T, 2.809, 1.849,15:47,-44,16:41,-32,17:38,-20,18:28,-10,19:18,+00,20:14,+11,21:09,+21
-596-Dec-18,N, 0.249,-0.817,19:48,+28,-,-,-,-,21:01,+43,-,-,-,-,22:14,+59
-595-Jul-14,N, 0.099,-0.881,02:02,+35,-,-,-,-,02:45,+30,-,-,-,-,03:29,+24
-595-Dec-08,P, 1.594, 0.585,02:56,+53,04:07,+38,-,-,05:26,+21,-,-,06:45,+05,07:56,-08
-594-Jun-03,T, 2.199, 1.147,20:42,+19,21:52,+30,23:10,+38,23:40,+40,00:10,+41,01:28,+38,02:38,+31
-594-Nov-27,T, 2.843, 1.869,16:56,-08,17:50,+03,18:47,+15,19:36,+25,20:25,+35,21:21,+47,22:16,+59
-593-May-23,T, 2.169, 1.102,21:38,+30,22:51,+39,00:14,+44,00:39,+43,01:05,+42,02:28,+34,03:40,+23
-592-May-12,N, 0.788,-0.247,01:09,+46,-,-,-,-,03:12,+30,-,-,-,-,05:16,+07
-592-Nov-05,N, 0.314,-0.717,22:06,+57,-,-,-,-,23:25,+71,-,-,-,-,00:43,+75
-591-Apr-02,P, 1.438, 0.475,01:47,+54,02:57,+43,-,-,04:09,+29,-,-,05:20,+14,06:30,-01
-590-Mar-22,T, 2.775, 1.827,18:03,-06,18:56,+05,19:52,+17,20:41,+28,21:31,+38,22:27,+49,23:20,+57
-588-Jan-31,N, 0.397,-0.675,07:09,+01,-,-,-,-,08:42,-17,-,-,-,-,10:14,-33
-588-Feb-29,N, 0.136,-0.899,22:33,+55,-,-,-,-,23:27,+66,-,-,-,-,00:21,+73
-588-Jul-25,N, 0.475,-0.475,16:56,-29,-,-,-,-,18:25,-11,-,-,-,-,19:53,+07
-588-Aug-24,N, 0.483,-0.491,01:18,+45,-,-,-,-,02:49,+35,-,-,-,-,04:20,+20
-587-Jan-19,P, 1.640, 0.541,06:09,+14,07:35,-03,-,-,08:59,-19,-,-,10:23,-32,11:49,-41
-586-Jan-08,T, 2.871, 1.797,06:20,+12,07:28,-02,08:31,-14,09:23,-22,10:15,-30,11:18,-37,12:26,-40
-586-Jul-04,T, 2.538, 1.545,22:58,+35,23:57,+38,00:59,+38,01:46,+35,02:34,+30,03:35,+21,04:34,+11
-586-Dec-28,P, 1.572, 0.553,13:41,-36,14:55,-29,-,-,16:13,-17,-,-,17:32,-03,18:45,+11
-585-Nov-18,N, 0.385,-0.586,17:23,-05,-,-,-,-,18:43,+12,-,-,-,-,20:03,+29
-585-Dec-18,N, 0.394,-0.583,04:06,+39,-,-,-,-,05:28,+22,-,-,-,-,06:50,+06
-584-May-13,N, 0.911,-0.152,18:17,-08,-,-,-,-,20:33,+19,-,-,-,-,22:48,+40
-583-May-02,T, 2.356, 1.335,21:49,+36,22:53,+45,00:01,+49,00:42,+49,01:23,+47,02:31,+39,03:35,+28
-583-Oct-27,T, 2.837, 1.790,17:29,-05,18:34,+09,19:35,+22,20:26,+33,21:17,+44,22:18,+57,23:22,+69
-582-Oct-16,P, 1.633, 0.539,21:00,+40,22:25,+57,-,-,23:48,+69,-,-,01:11,+67,02:37,+52
-581-Mar-13,N, 0.399,-0.555,19:22,+12,-,-,-,-,20:44,+29,-,-,-,-,22:06,+46
-581-Apr-12,N, 0.627,-0.317,02:34,+43,-,-,-,-,04:14,+24,-,-,-,-,05:54,+04
-581-Sep-06,N, 0.005,-1.062,05:49,+03,-,-,-,-,06:00,+01,-,-,-,-,06:11,-02
-581-Oct-05,N, 0.381,-0.714,21:31,+44,-,-,-,-,23:04,+60,-,-,-,-,00:37,+66
-579-Feb-19,T, 2.739, 1.685,17:17,-12,18:23,+01,19:26,+15,20:17,+26,21:09,+37,22:12,+50,23:18,+64
-579-Aug-14,T, 2.774, 1.813,23:42,+44,00:37,+45,01:34,+43,02:23,+38,03:13,+31,04:09,+21,05:04,+11
-578-Feb-08,P, 1.409, 0.317,19:12,+14,20:47,+34,-,-,21:54,+49,-,-,23:00,+63,00:35,+78
-578-Aug-04,P, 1.590, 0.638,16:43,-31,17:47,-18,-,-,19:06,-01,-,-,20:26,+14,21:29,+25
-578-Dec-30,N, 0.243,-0.818,04:08,+41,-,-,-,-,05:20,+26,-,-,-,-,06:32,+11
-577-Jan-28,N, 0.161,-0.919,20:47,+35,-,-,-,-,21:48,+49,-,-,-,-,22:49,+62
-577-Jun-25,N, 0.669,-0.338,22:28,+31,-,-,-,-,00:19,+37,-,-,-,-,02:10,+32
-576-Jun-14,P, 2.042, 0.987,03:17,+22,04:29,+10,-,-,06:13,-10,-,-,07:57,-31,09:09,-46
-576-Dec-08,T, 2.840, 1.868,01:53,+67,02:48,+55,03:44,+43,04:33,+33,05:22,+22,06:18,+11,07:13,+00
-575-Jun-03,T, 2.331, 1.265,04:00,+16,05:11,+03,06:24,-12,07:03,-20,07:42,-28,08:55,-43,10:07,-59
-575-Nov-27,P, 1.627, 0.642,17:36,+00,18:43,+14,-,-,20:03,+31,-,-,21:23,+48,22:30,+62
-574-Nov-17,N, 0.312,-0.723,06:41,+00,-,-,-,-,08:00,-15,-,-,-,-,09:18,-29
-573-Oct-07,P, 1.371, 0.273,15:52,-30,17:30,-09,-,-,18:32,+04,-,-,19:34,+18,21:12,+39
-572-Apr-02,T, 2.668, 1.721,01:52,+54,02:45,+45,03:41,+35,04:30,+25,05:19,+14,06:16,+02,07:09,-09
-572-Sep-25,T, 2.646, 1.563,14:59,-44,16:09,-30,17:14,-16,18:04,-05,18:54,+05,19:59,+20,21:09,+34
-571-Mar-22,P, 1.649, 0.672,17:54,-08,19:01,+06,-,-,20:24,+24,-,-,21:47,+41,22:54,+53
-571-Sep-14,P, 1.813, 0.784,20:10,+20,21:20,+34,-,-,22:52,+49,-,-,00:23,+56,01:33,+53
-570-Mar-12,N, 0.214,-0.821,05:51,+13,-,-,-,-,06:58,-01,-,-,-,-,08:05,-15
-570-Aug-06,N, 0.381,-0.571,00:57,+44,-,-,-,-,02:16,+37,-,-,-,-,03:36,+26
-569-Jan-30,P, 1.592, 0.496,13:51,-42,15:18,-31,-,-,16:40,-18,-,-,18:01,-02,19:28,+16
-569-Jul-26,P, 1.666, 0.710,16:39,-32,17:42,-19,-,-,19:06,-02,-,-,20:29,+13,21:32,+24
-568-Jan-19,T, 2.888, 1.819,14:24,-35,15:31,-27,16:34,-16,17:26,-07,18:18,+03,19:21,+16,20:28,+30
-567-Jan-07,P, 1.589, 0.574,22:14,+58,23:26,+74,-,-,00:45,+86,-,-,02:05,+70,03:17,+55
-567-Nov-29,N, 0.385,-0.587,02:22,+60,-,-,-,-,03:42,+43,-,-,-,-,05:02,+26
-566-May-25,N, 0.755,-0.305,00:56,+43,-,-,-,-,03:01,+29,-,-,-,-,05:06,+07
-566-Nov-18,P, 1.552, 0.556,16:12,-18,17:22,-04,-,-,18:39,+12,-,-,19:56,+28,21:06,+43
-565-May-14,T, 2.210, 1.194,04:47,+10,05:51,-03,07:04,-18,07:37,-25,08:10,-32,09:23,-48,10:27,-61
-565-Nov-08,T, 2.829, 1.777,01:54,+62,02:59,+48,04:00,+35,04:51,+24,05:42,+13,06:44,+00,07:49,-13
-564-May-02,T, 2.070, 1.105,16:46,-26,17:45,-14,19:00,+02,19:24,+06,19:48,+11,21:02,+25,22:01,+35
-564-Oct-27,P, 1.656, 0.559,04:58,+20,06:23,+02,-,-,07:48,-16,-,-,09:12,-32,10:37,-44
-563-Mar-24,N, 0.301,-0.651,03:27,+42,-,-,-,-,04:39,+27,-,-,-,-,05:51,+11
-563-Oct-16,N, 0.418,-0.678,05:18,+14,-,-,-,-,06:55,-06,-,-,-,-,08:32,-26
-562-Mar-13,P, 1.569, 0.574,16:53,-20,18:04,-06,-,-,19:23,+11,-,-,20:43,+28,21:53,+43
-562-Sep-05,P, 1.352, 0.343,18:16,-07,19:37,+10,-,-,20:40,+23,-,-,21:44,+35,23:05,+47
-561-Mar-03,T, 2.821, 1.767,00:47,+73,01:53,+65,02:56,+53,03:48,+42,04:40,+31,05:43,+17,06:49,+03
-560-Feb-20,P, 1.481, 0.392,02:31,+60,04:03,+40,-,-,05:16,+24,-,-,06:29,+08,08:00,-11
-560-Aug-15,P, 1.682, 0.727,00:37,+46,01:40,+42,-,-,03:03,+32,-,-,04:27,+18,05:29,+06
-559-Feb-08,N, 0.219,-0.855,04:17,+38,-,-,-,-,05:28,+23,-,-,-,-,06:38,+08
-559-Dec-29,P, 1.585, 0.584,20:24,+35,21:35,+50,-,-,22:53,+67,-,-,00:12,+84,01:22,+80
-557-Dec-09,P, 1.625, 0.638,02:30,+59,03:37,+44,-,-,04:57,+27,-,-,06:18,+10,07:25,-03
-556-Oct-29,N, 0.147,-0.920,00:11,+76,-,-,-,-,01:08,+71,-,-,-,-,02:05,+60
-556-Nov-27,N, 0.306,-0.733,15:19,-27,-,-,-,-,16:37,-13,-,-,-,-,17:55,+02
-555-Apr-23,P, 1.206, 0.250,17:06,-22,18:25,-05,-,-,19:18,+06,-,-,20:11,+17,21:30,+31
-555-Oct-17,P, 1.341, 0.239,23:43,+69,01:24,+64,-,-,02:22,+54,-,-,03:21,+42,05:02,+20
-554-Oct-06,T, 2.606, 1.522,22:49,+58,23:59,+65,01:05,+63,01:54,+57,02:42,+48,03:48,+35,04:58,+20
-553-Apr-03,P, 1.751, 0.773,01:30,+57,02:35,+48,-,-,04:03,+31,-,-,05:31,+12,06:36,-02
-553-Sep-26,P, 1.863, 0.835,04:15,+25,05:24,+10,-,-,06:57,-10,-,-,08:30,-29,09:39,-43
-552-Feb-21,N, 0.260,-0.810,22:40,+57,-,-,-,-,23:57,+71,-,-,-,-,01:13,+73
-552-Sep-14,N, 0.616,-0.359,17:34,-15,-,-,-,-,19:15,+07,-,-,-,-,20:56,+27
-551-Feb-09,P, 1.529, 0.437,21:23,+43,22:53,+62,-,-,00:09,+76,-,-,01:26,+75,02:56,+58
-551-Aug-06,P, 1.566, 0.605,00:30,+44,01:36,+41,-,-,02:54,+32,-,-,04:13,+19,05:18,+07
-550-Jan-29,T, 2.844, 1.780,22:19,+57,23:26,+71,00:29,+82,01:20,+79,02:12,+68,03:15,+55,04:22,+40
-549-Jan-19,P, 1.614, 0.605,06:40,+08,07:51,-06,-,-,09:12,-20,-,-,10:33,-32,11:44,-39
-549-Jul-15,P, 1.363, 0.309,20:34,+14,22:05,+28,-,-,23:09,+35,-,-,00:14,+39,01:45,+36
-548-Jan-08,N, 0.420,-0.552,21:43,+51,-,-,-,-,23:07,+69,-,-,-,-,00:31,+87
-548-Nov-29,P, 1.550, 0.551,01:02,+77,02:13,+62,-,-,03:29,+46,-,-,04:46,+29,05:57,+14
-546-May-14,T, 2.207, 1.246,00:07,+46,01:04,+44,02:11,+37,02:46,+33,03:20,+27,04:27,+15,05:24,+04
-546-Nov-07,P, 1.671, 0.571,13:02,-47,14:27,-37,-,-,15:52,-23,-,-,17:18,-06,18:43,+11
-545-May-03,N, 0.873,-0.068,17:33,-17,-,-,-,-,19:27,+07,-,-,-,-,21:22,+28
-544-Mar-24,P, 1.465, 0.470,00:35,+65,01:49,+59,-,-,03:02,+46,-,-,04:15,+32,05:30,+16
-544-Sep-16,P, 1.299, 0.290,02:24,+45,03:47,+30,-,-,04:46,+18,-,-,05:45,+06,07:08,-12
-543-Sep-05,T, 2.626, 1.662,15:59,-37,16:54,-25,17:51,-13,18:39,-02,19:27,+08,20:25,+20,21:20,+30
-541-Jan-20,N, 0.204,-0.846,20:37,+34,-,-,-,-,21:43,+48,-,-,-,-,22:49,+63
-541-Aug-16,N, 0.393,-0.604,00:02,+47,-,-,-,-,01:27,+45,-,-,-,-,02:53,+35
-540-Jan-10,P, 1.570, 0.573,05:03,+29,06:13,+14,-,-,07:31,-01,-,-,08:49,-15,09:59,-27
-540-Jul-05,P, 1.739, 0.676,16:32,-34,17:51,-18,-,-,19:22,+00,-,-,20:53,+16,22:12,+28
-540-Dec-29,T, 2.825, 1.856,19:42,+26,20:37,+37,21:33,+49,22:22,+60,23:11,+70,00:07,+82,01:02,+84
-539-Jun-24,T, 2.651, 1.584,16:51,-29,18:00,-15,19:06,-02,19:56,+08,20:47,+16,21:53,+27,23:02,+35
-538-Jun-13,P, 1.246, 0.221,21:06,+22,22:38,+35,-,-,23:32,+39,-,-,00:26,+40,01:58,+35
-538-Dec-08,N, 0.301,-0.740,23:54,+82,-,-,-,-,01:11,+77,-,-,-,-,02:29,+61
-537-May-05,P, 1.079, 0.127,00:40,+47,02:08,+40,-,-,02:47,+34,-,-,03:25,+28,04:53,+12
-536-Apr-23,T, 2.429, 1.485,17:15,-19,18:09,-08,19:08,+04,19:52,+13,20:37,+22,21:36,+33,22:30,+41
-534-Mar-04,N, 0.172,-0.897,06:16,+08,-,-,-,-,07:19,-06,-,-,-,-,08:21,-19
-534-Apr-02,N, 0.410,-0.626,19:58,+18,-,-,-,-,21:30,+37,-,-,-,-,23:01,+53
-534-Aug-27,N, 0.227,-0.729,17:20,-20,-,-,-,-,18:23,-07,-,-,-,-,19:25,+06
-534-Sep-26,N, 0.665,-0.311,01:56,+51,-,-,-,-,03:40,+33,-,-,-,-,05:25,+12
-533-Feb-21,P, 1.455, 0.367,04:49,+29,06:21,+09,-,-,07:32,-06,-,-,08:43,-20,10:15,-37
-532-Feb-10,T, 2.787, 1.730,06:08,+13,07:14,+00,08:17,-13,09:08,-23,10:00,-31,11:02,-40,12:09,-46
-532-Aug-05,T, 2.827, 1.816,20:57,+21,21:58,+31,22:58,+38,23:49,+42,00:40,+44,01:41,+41,02:41,+34
-531-Jan-29,P, 1.649, 0.646,15:01,-32,16:10,-22,-,-,17:33,-07,-,-,18:55,+10,20:05,+24
-531-Jul-26,P, 1.492, 0.432,03:20,+24,04:46,+10,-,-,06:01,-05,-,-,07:16,-20,08:42,-38
-531-Dec-20,N, 0.375,-0.596,20:16,+33,-,-,-,-,21:36,+50,-,-,-,-,22:55,+67
-530-Jan-19,N, 0.444,-0.525,06:23,+12,-,-,-,-,07:49,-04,-,-,-,-,09:15,-20
-529-Jun-04,P, 1.914, 0.905,18:44,-04,19:51,+09,-,-,21:27,+26,-,-,23:04,+37,00:11,+41
-529-Nov-29,T, 2.823, 1.764,18:49,+16,19:54,+30,20:56,+43,21:47,+54,22:39,+66,23:40,+79,00:46,+83
-528-Nov-17,P, 1.682, 0.580,21:07,+47,22:32,+65,-,-,23:58,+81,-,-,01:24,+72,02:49,+54
-527-Apr-14,N, 0.075,-0.876,19:30,+10,-,-,-,-,20:07,+18,-,-,-,-,20:44,+25
-527-May-14,P, 1.003, 0.063,00:58,+44,02:32,+34,-,-,02:59,+30,-,-,03:26,+25,05:00,+08
-527-Nov-06,N, 0.463,-0.634,21:18,+48,-,-,-,-,23:00,+69,-,-,-,-,00:41,+78
-525-Mar-24,T, 2.741, 1.688,15:17,-41,16:24,-28,17:27,-15,18:19,-04,19:11,+07,20:14,+21,21:20,+34
-525-Sep-17,T, 2.571, 1.605,00:21,+56,01:16,+54,02:14,+47,03:01,+40,03:48,+31,04:46,+19,05:41,+08
-524-Mar-12,P, 1.668, 0.585,16:42,-23,18:05,-05,-,-,19:32,+13,-,-,20:59,+32,22:23,+49
-524-Sep-05,P, 1.834, 0.870,16:49,-25,17:50,-12,-,-,19:19,+07,-,-,20:49,+25,21:49,+37
-523-Jan-31,N, 0.168,-0.876,04:45,+34,-,-,-,-,05:45,+21,-,-,-,-,06:44,+09
-523-Mar-01,N, 0.370,-0.692,18:57,+07,-,-,-,-,20:26,+27,-,-,-,-,21:56,+46
-523-Jul-27,N, 0.280,-0.745,20:28,+13,-,-,-,-,21:44,+26,-,-,-,-,23:00,+35
-522-Jan-20,P, 1.545, 0.553,13:36,-39,14:46,-33,-,-,16:03,-22,-,-,17:19,-09,18:29,+05
-522-Jul-16,P, 1.599, 0.532,23:16,+36,00:40,+39,-,-,02:02,+34,-,-,03:25,+24,04:49,+10
-521-Jan-10,T, 2.809, 1.842,04:31,+35,05:25,+24,06:22,+12,07:11,+02,08:00,-07,08:56,-17,09:50,-26
-521-Jul-05,T, 2.804, 1.737,23:22,+37,00:31,+39,01:35,+36,02:28,+31,03:21,+23,04:25,+13,05:34,+00
-521-Dec-30,P, 1.632, 0.644,20:08,+31,21:16,+45,-,-,22:36,+63,-,-,23:57,+80,01:04,+83
-520-Jun-24,P, 1.394, 0.372,03:54,+17,05:17,+02,-,-,06:25,-12,-,-,07:33,-26,08:57,-43
-520-Nov-19,N, 0.124,-0.950,16:54,-09,-,-,-,-,17:46,+02,-,-,-,-,18:39,+13
-519-Nov-08,P, 1.307, 0.201,15:43,-24,17:27,-03,-,-,18:21,+08,-,-,19:15,+19,20:59,+42
-518-May-05,T, 2.300, 1.357,00:50,+48,01:45,+43,02:46,+35,03:26,+28,04:06,+21,05:08,+09,06:03,-02
-518-Oct-28,T, 2.559, 1.475,14:54,-35,16:04,-23,17:10,-09,17:58,+01,18:45,+11,19:51,+25,21:01,+40
-517-Apr-24,T, 1.989, 1.009,16:18,-32,17:20,-19,18:50,+00,18:57,+02,19:04,+03,20:34,+21,21:36,+33
-517-Oct-17,P, 1.925, 0.898,20:53,+38,22:01,+52,-,-,23:36,+67,-,-,01:11,+66,02:19,+56
-516-Apr-13,N, 0.527,-0.510,02:48,+42,-,-,-,-,04:31,+22,-,-,-,-,06:15,+00
-516-Sep-07,N, 0.168,-0.790,01:44,+50,-,-,-,-,02:38,+42,-,-,-,-,03:32,+33
-515-Aug-27,P, 1.397, 0.427,16:30,-31,17:42,-16,-,-,18:50,-01,-,-,19:58,+13,21:09,+27
-514-Feb-20,T, 2.717, 1.666,13:49,-47,14:54,-39,15:57,-29,16:48,-20,17:39,-10,18:42,+03,19:47,+17
-514-Aug-17,T, 2.734, 1.717,04:29,+16,05:31,+04,06:31,-09,07:22,-19,08:13,-30,09:13,-43,10:15,-56
-513-Feb-09,P, 1.697, 0.699,23:13,+67,00:21,+79,-,-,01:46,+73,-,-,03:11,+55,04:19,+40
-512-Jan-01,N, 0.363,-0.607,05:10,+26,-,-,-,-,06:28,+10,-,-,-,-,07:46,-05
-512-Jun-25,N, 0.302,-0.755,21:10,+22,-,-,-,-,22:32,+33,-,-,-,-,23:54,+39
-512-Dec-20,P, 1.539, 0.536,18:37,+12,19:49,+27,-,-,21:05,+43,-,-,22:21,+60,23:33,+75
-511-Jun-15,P, 1.770, 0.765,01:47,+35,02:56,+27,-,-,04:27,+12,-,-,05:57,-05,07:06,-19
-511-Dec-10,T, 2.823, 1.761,03:16,+49,04:22,+35,05:24,+21,06:15,+11,07:06,+01,08:08,-11,09:14,-22
-510-Jun-04,T, 2.486, 1.530,14:48,-55,15:43,-43,16:42,-31,17:28,-21,18:14,-12,19:14,+00,20:09,+10
-510-Nov-29,P, 1.689, 0.585,05:15,+21,06:40,+03,-,-,08:06,-13,-,-,09:33,-28,10:58,-38
-509-Nov-18,N, 0.475,-0.621,05:27,+17,-,-,-,-,07:09,-04,-,-,-,-,08:52,-23
-508-Apr-14,P, 1.223, 0.226,15:34,-41,17:01,-23,-,-,17:54,-12,-,-,18:47,+00,20:13,+18
-508-Oct-07,P, 1.231, 0.222,19:05,+11,20:32,+30,-,-,21:24,+41,-,-,22:15,+51,23:42,+64
-507-Apr-03,T, 2.619, 1.566,22:19,+47,23:26,+56,00:31,+60,01:21,+57,02:10,+51,03:15,+40,04:22,+27
-506-Mar-23,P, 1.780, 0.701,23:34,+61,00:55,+63,-,-,02:28,+52,-,-,04:01,+34,05:21,+16
-506-Sep-17,P, 1.891, 0.922,01:07,+55,02:07,+48,-,-,03:39,+32,-,-,05:10,+14,06:10,+01
-505-Mar-13,N, 0.466,-0.590,02:05,+59,-,-,-,-,03:44,+40,-,-,-,-,05:23,+18
-505-Aug-08,N, 0.168,-0.863,04:02,+20,-,-,-,-,05:01,+09,-,-,-,-,06:01,-03
-505-Sep-06,N, 0.536,-0.474,15:29,-43,-,-,-,-,17:08,-21,-,-,-,-,18:47,+00
-504-Jan-31,P, 1.508, 0.522,22:03,+53,23:14,+68,-,-,00:28,+82,-,-,01:43,+75,02:53,+60
-503-Jan-20,T, 2.780, 1.815,13:12,-41,14:06,-38,15:03,-31,15:52,-24,16:41,-16,17:37,-06,18:31,+05
-502-Jan-10,P, 1.646, 0.657,04:50,+31,05:57,+17,-,-,07:18,+00,-,-,08:40,-15,09:47,-26
-502-Dec-01,N, 0.116,-0.962,01:15,+76,-,-,-,-,02:06,+65,-,-,-,-,02:58,+54
-502-Dec-30,N, 0.301,-0.744,16:53,-10,-,-,-,-,18:11,+04,-,-,-,-,19:29,+20
-501-May-26,N, 0.817,-0.130,15:47,-42,-,-,-,-,17:39,-19,-,-,-,-,19:32,+04
-501-Jun-24,N, 0.221,-0.745,23:56,+40,-,-,-,-,00:59,+39,-,-,-,-,02:03,+35
-501-Nov-19,P, 1.299, 0.192,23:48,+80,01:33,+70,-,-,02:26,+59,-,-,03:19,+47,05:04,+24
-500-Nov-07,T, 2.549, 1.466,23:07,+71,00:17,+78,01:23,+70,02:10,+60,02:57,+50,04:03,+36,05:13,+21
-499-May-04,T, 2.120, 1.139,23:33,+48,00:34,+49,01:47,+43,02:15,+40,02:42,+36,03:56,+24,04:56,+12
-499-Oct-28,P, 1.941, 0.915,05:24,+14,06:31,+00,-,-,08:07,-20,-,-,09:42,-37,10:49,-46
-498-Oct-17,N, 0.726,-0.251,19:08,+14,-,-,-,-,20:56,+37,-,-,-,-,22:44,+59
-497-Mar-14,P, 1.264, 0.184,19:13,+10,20:56,+32,-,-,21:48,+43,-,-,22:39,+53,00:23,+66
-497-Sep-08,P, 1.331, 0.355,00:40,+54,01:56,+48,-,-,02:58,+38,-,-,04:01,+27,05:16,+12
-496-Mar-02,T, 2.634, 1.590,21:23,+40,22:28,+54,23:31,+65,00:21,+71,01:11,+71,02:14,+62,03:19,+49
-495-Aug-16,P, 1.718, 0.648,17:14,-24,18:34,-07,-,-,20:03,+11,-,-,21:33,+28,22:53,+40
-494-Feb-09,N, 0.521,-0.441,23:20,+68,-,-,-,-,00:52,+80,-,-,-,-,02:24,+66
-494-Jul-07,N, 0.164,-0.892,04:11,+15,-,-,-,-,05:12,+04,-,-,-,-,06:13,-08
-494-Aug-05,N, 0.377,-0.700,18:45,-06,-,-,-,-,20:17,+12,-,-,-,-,21:50,+28
-493-Jan-01,P, 1.526, 0.522,03:20,+50,04:32,+35,-,-,05:48,+19,-,-,07:03,+04,08:15,-10
-492-Jun-14,T, 2.624, 1.669,22:12,+31,23:06,+37,00:04,+39,00:53,+38,01:42,+35,02:39,+29,03:34,+21
-492-Dec-09,P, 1.698, 0.593,13:22,-38,14:47,-29,-,-,16:14,-16,-,-,17:41,+00,19:05,+17
-491-Jun-04,P, 1.272, 0.332,15:46,-42,16:58,-27,-,-,17:58,-15,-,-,18:58,-03,20:11,+10
-490-Apr-25,P, 1.088, 0.090,22:55,+47,00:35,+52,-,-,01:09,+51,-,-,01:43,+48,03:23,+33
-490-Oct-19,P, 1.213, 0.205,03:38,+36,05:06,+18,-,-,05:56,+07,-,-,06:45,-03,08:13,-21
-489-Apr-15,T, 2.482, 1.429,05:11,+12,06:19,-03,07:26,-17,08:12,-27,08:58,-37,10:06,-51,11:13,-64
-489-Oct-08,T, 2.496, 1.527,17:29,-09,18:24,+02,19:23,+15,20:08,+25,20:53,+35,21:52,+47,22:47,+57
-488-Apr-03,P, 1.908, 0.832,06:17,+00,07:35,-17,-,-,09:14,-38,-,-,10:53,-57,12:10,-67
-487-Feb-21,N, 0.061,-0.970,20:52,+33,-,-,-,-,21:28,+41,-,-,-,-,22:04,+49
-487-Sep-16,N, 0.589,-0.428,23:26,+56,-,-,-,-,01:10,+57,-,-,-,-,02:54,+42
-486-Feb-11,P, 1.461, 0.480,06:25,+10,07:36,-05,-,-,08:48,-19,-,-,10:00,-31,11:12,-41
-485-Jan-31,T, 2.743, 1.781,21:49,+50,22:43,+62,23:39,+73,00:28,+81,01:17,+79,02:14,+68,03:08,+57
-484-Jan-21,P, 1.668, 0.679,13:25,-41,14:32,-36,-,-,15:55,-24,-,-,17:18,-10,18:24,+03
-484-Jul-15,P, 1.672, 0.652,17:51,-17,19:04,-02,-,-,20:30,+14,-,-,21:56,+28,23:09,+37
-483-Jan-10,N, 0.311,-0.735,01:14,+79,-,-,-,-,02:33,+63,-,-,-,-,03:53,+45
-483-Jun-05,N, 0.687,-0.258,23:23,+38,-,-,-,-,01:07,+38,-,-,-,-,02:52,+27
-482-May-26,T, 2.028, 1.084,15:52,-40,16:49,-28,18:04,-13,18:25,-09,18:46,-04,20:01,+10,20:58,+20
-481-Nov-08,P, 1.950, 0.926,14:01,-41,15:08,-31,-,-,16:43,-14,-,-,18:19,+06,19:26,+20
-480-May-04,N, 0.790,-0.250,16:11,-35,-,-,-,-,18:15,-08,-,-,-,-,20:19,+17
-480-Sep-28,N, 0.084,-0.880,18:56,+08,-,-,-,-,19:34,+17,-,-,-,-,20:13,+25
-480-Oct-28,N, 0.744,-0.234,03:55,+34,-,-,-,-,05:44,+11,-,-,-,-,07:33,-12
-479-Mar-25,P, 1.149, 0.073,02:14,+53,04:10,+31,-,-,04:43,+24,-,-,05:17,+16,07:13,-09
-478-Mar-14,T, 2.539, 1.502,04:51,+24,05:55,+10,07:00,-04,07:47,-14,08:35,-24,09:39,-36,10:44,-48
-478-Sep-07,T, 2.584, 1.554,19:54,+16,20:58,+28,22:00,+40,22:48,+47,23:37,+52,00:39,+54,01:42,+51
-477-Mar-03,P, 1.829, 0.843,15:17,-37,16:21,-26,-,-,17:52,-08,-,-,19:23,+11,20:27,+25
-477-Aug-28,P, 1.812, 0.736,00:25,+49,01:43,+45,-,-,03:17,+32,-,-,04:51,+15,06:09,-01
-476-Jan-22,N, 0.314,-0.653,22:44,+62,-,-,-,-,23:57,+77,-,-,-,-,01:11,+80
-476-Aug-16,N, 0.488,-0.592,01:33,+42,-,-,-,-,03:17,+29,-,-,-,-,05:01,+11
-475-Jul-06,P, 1.503, 0.501,16:10,-39,17:25,-23,-,-,18:41,-08,-,-,19:57,+07,21:12,+20
-475-Dec-31,T, 2.803, 1.739,19:58,+29,21:04,+43,22:07,+57,22:58,+68,23:50,+79,00:52,+85,01:58,+72
-474-Dec-20,P, 1.708, 0.604,21:27,+50,22:52,+69,-,-,00:20,+87,-,-,01:47,+72,03:12,+54
-473-Jun-15,P, 1.408, 0.466,23:10,+36,00:18,+39,-,-,01:28,+36,-,-,02:37,+29,03:45,+19
-473-Dec-09,N, 0.495,-0.597,21:50,+56,-,-,-,-,23:35,+79,-,-,-,-,01:19,+77
-471-Oct-19,T, 2.474, 1.504,02:14,+54,03:10,+43,04:08,+31,04:53,+21,05:37,+12,06:36,-01,07:32,-12
-470-Apr-14,P, 2.045, 0.972,12:55,-69,14:10,-58,-,-,15:55,-38,-,-,17:39,-16,18:54,+00
-470-Oct-08,P, 1.969, 0.992,18:07,+00,19:07,+13,-,-,20:41,+33,-,-,22:15,+52,23:15,+62
-469-Apr-03,N, 0.695,-0.349,16:02,-34,-,-,-,-,17:59,-09,-,-,-,-,19:56,+16
-468-Feb-22,P, 1.399, 0.424,14:39,-41,15:52,-30,-,-,17:00,-18,-,-,18:08,-04,19:20,+11
-468-Aug-17,P, 1.240, 0.160,20:09,+13,21:55,+32,-,-,22:43,+39,-,-,23:31,+44,01:17,+46
-467-Feb-11,T, 2.692, 1.733,06:17,+11,07:11,+00,08:08,-11,08:56,-21,09:45,-29,10:41,-38,11:35,-45
-467-Aug-06,T, 2.584, 1.514,19:47,+08,20:56,+21,22:03,+31,22:52,+38,23:41,+42,00:47,+44,01:56,+40
-466-Jan-31,P, 1.702, 0.714,21:52,+50,22:58,+65,-,-,00:22,+80,-,-,01:47,+73,02:53,+59
-466-Jul-27,P, 1.796, 0.777,01:04,+40,02:14,+35,-,-,03:45,+22,-,-,05:17,+05,06:27,-08
-466-Dec-22,N, 0.092,-0.988,17:57,+04,-,-,-,-,18:43,+13,-,-,-,-,19:29,+22
-465-Dec-11,P, 1.282, 0.176,16:02,-17,17:48,+03,-,-,18:39,+13,-,-,19:29,+23,21:16,+46
-464-Jun-05,P, 1.890, 0.944,23:21,+38,00:20,+40,-,-,01:52,+35,-,-,03:24,+23,04:23,+13
-464-Nov-29,T, 2.538, 1.458,15:44,-21,16:53,-08,17:59,+05,18:46,+14,19:32,+24,20:38,+38,21:48,+53
-463-May-26,T, 2.400, 1.413,13:52,-66,14:51,-54,15:55,-41,16:38,-31,17:22,-22,18:25,-09,19:25,+03
-463-Nov-18,P, 1.953, 0.931,22:44,+68,23:50,+79,-,-,01:25,+71,-,-,03:01,+51,04:07,+37
-462-May-15,N, 0.934,-0.108,22:44,+41,-,-,-,-,00:58,+45,-,-,-,-,03:11,+30
-462-Oct-10,N, 0.057,-0.909,03:42,+36,-,-,-,-,04:14,+29,-,-,-,-,04:46,+22
-461-Sep-29,P, 1.236, 0.250,17:25,-12,18:47,+06,-,-,19:41,+18,-,-,20:34,+29,21:56,+46
-460-Sep-18,T, 2.529, 1.492,03:49,+29,04:53,+16,05:56,+03,06:43,-07,07:30,-17,08:33,-31,09:37,-44
-459-Mar-13,P, 1.911, 0.931,23:10,+60,00:12,+68,-,-,01:46,+63,-,-,03:19,+46,04:22,+33
-458-Mar-03,N, 0.644,-0.310,15:44,-33,-,-,-,-,17:25,-14,-,-,-,-,19:06,+07
-457-Jan-22,P, 1.475, 0.470,20:27,+32,21:42,+48,-,-,22:55,+64,-,-,00:07,+79,01:22,+79
-457-Jul-17,P, 1.381, 0.381,23:32,+39,00:50,+40,-,-,01:58,+36,-,-,03:05,+28,04:24,+15
-456-Jan-12,T, 2.781, 1.716,04:10,+40,05:16,+26,06:19,+13,07:11,+03,08:02,-07,09:05,-19,10:11,-29
-456-Dec-31,P, 1.726, 0.623,05:27,+23,06:51,+06,-,-,08:20,-11,-,-,09:48,-26,11:12,-35
-455-Dec-20,N, 0.507,-0.581,06:01,+15,-,-,-,-,07:46,-06,-,-,-,-,09:31,-23
-454-Jun-15,N, 0.131,-0.846,23:48,+37,-,-,-,-,00:38,+38,-,-,-,-,01:28,+35
-454-Nov-09,P, 1.201, 0.195,21:02,+44,22:30,+62,-,-,23:19,+72,-,-,00:07,+78,01:35,+69
-453-May-06,T, 2.185, 1.131,18:38,-02,19:49,+12,21:08,+27,21:36,+32,22:05,+36,23:24,+45,00:35,+47
-452-Apr-24,T, 2.194, 1.124,19:26,+09,20:39,+24,21:59,+38,22:28,+42,22:56,+45,00:17,+51,01:29,+48
-452-Oct-19,T, 1.992, 1.010,02:48,+47,03:48,+35,05:15,+16,05:23,+15,05:30,+13,06:57,-06,07:57,-18
-451-Apr-13,N, 0.825,-0.213,22:53,+49,-,-,-,-,00:58,+54,-,-,-,-,03:04,+38
-451-Oct-08,N, 0.662,-0.367,15:44,-31,-,-,-,-,17:35,-08,-,-,-,-,19:25,+16
-450-Mar-04,P, 1.327, 0.357,22:47,+58,00:02,+70,-,-,01:05,+71,-,-,02:08,+63,03:23,+48
-450-Aug-29,P, 1.146, 0.061,03:23,+30,05:22,+08,-,-,05:52,+01,-,-,06:22,-05,08:22,-30
-449-Feb-22,T, 2.630, 1.673,14:38,-41,15:32,-33,16:29,-23,17:17,-14,18:05,-05,19:02,+07,19:56,+19
-449-Aug-18,T, 2.476, 1.405,02:53,+33,04:03,+21,05:11,+08,05:56,-01,06:42,-10,07:50,-25,09:00,-39
-448-Feb-12,P, 1.747, 0.759,06:10,+12,07:15,-01,-,-,08:42,-19,-,-,10:09,-34,11:15,-43
-447-Jan-02,N, 0.071,-1.010,02:13,+67,-,-,-,-,02:53,+59,-,-,-,-,03:34,+50
-447-Jan-31,N, 0.364,-0.683,17:26,-08,-,-,-,-,18:52,+09,-,-,-,-,20:19,+27
-447-Jul-26,N, 0.596,-0.368,21:58,+30,-,-,-,-,23:38,+41,-,-,-,-,01:18,+41
-447-Dec-22,P, 1.270, 0.164,00:06,+85,01:54,+70,-,-,02:43,+59,-,-,03:32,+49,05:19,+26
-446-Dec-11,T, 2.532, 1.456,00:04,+85,01:13,+77,02:19,+63,03:05,+53,03:51,+43,04:57,+29,06:06,+14
-445-Jun-06,T, 2.544, 1.553,20:58,+21,21:57,+30,22:59,+37,23:47,+40,00:34,+40,01:36,+37,02:35,+31
-444-May-26,P, 1.082, 0.038,05:15,+03,07:14,-21,-,-,07:37,-26,-,-,08:01,-31,09:59,-57
-444-Nov-18,N, 0.759,-0.218,21:43,+54,-,-,-,-,23:33,+76,-,-,-,-,01:22,+73
-443-Apr-15,N, 0.890,-0.177,16:01,-36,-,-,-,-,18:15,-07,-,-,-,-,20:30,+21
-443-Oct-10,P, 1.205, 0.214,01:57,+56,03:22,+40,-,-,04:12,+29,-,-,05:02,+19,06:26,+01
-442-Apr-04,T, 2.315, 1.290,19:27,+11,20:32,+25,21:41,+38,22:20,+45,22:59,+51,00:08,+58,01:12,+57
-441-Sep-18,P, 1.962, 0.875,15:12,-44,16:29,-28,-,-,18:09,-06,-,-,19:49,+15,21:06,+31
-440-Mar-13,N, 0.725,-0.226,23:43,+65,-,-,-,-,01:29,+66,-,-,-,-,03:15,+48
-440-Sep-06,N, 0.670,-0.415,15:47,-40,-,-,-,-,17:47,-14,-,-,-,-,19:46,+11
-439-Feb-02,P, 1.432, 0.427,04:49,+31,06:06,+15,-,-,07:15,+00,-,-,08:25,-14,09:41,-27
-438-Jan-22,T, 2.750, 1.685,12:15,-43,13:22,-42,14:25,-37,15:16,-30,16:07,-22,17:11,-11,18:17,+02
-438-Jul-17,T, 2.661, 1.708,20:51,+18,21:45,+27,22:42,+34,23:31,+38,00:20,+40,01:17,+39,02:11,+35
-437-Jan-11,P, 1.750, 0.648,13:22,-39,14:45,-32,-,-,16:16,-18,-,-,17:46,-02,19:09,+15
-436-May-27,N, 0.650,-0.357,20:33,+18,-,-,-,-,22:23,+35,-,-,-,-,00:12,+43
-436-Nov-20,P, 1.202, 0.198,05:51,+12,07:18,-06,-,-,08:06,-15,-,-,08:55,-24,10:22,-37
-435-May-17,P, 2.029, 0.973,01:16,+43,02:28,+35,-,-,04:12,+17,-,-,05:55,-03,07:08,-18
-435-Nov-09,T, 2.453, 1.481,20:00,+30,20:55,+42,21:54,+55,22:38,+64,23:22,+73,00:21,+79,01:17,+73
-434-May-06,T, 2.348, 1.280,01:55,+42,03:06,+31,04:18,+18,04:58,+10,05:38,+02,06:51,-14,08:02,-29
-433-Apr-25,N, 0.965,-0.068,05:40,+02,-,-,-,-,07:53,-26,-,-,-,-,10:07,-55
-433-Oct-20,N, 0.682,-0.352,00:04,+72,-,-,-,-,01:56,+60,-,-,-,-,03:49,+37
-431-Mar-04,T, 2.554, 1.599,22:49,+59,23:43,+67,00:41,+71,01:28,+68,02:15,+61,03:12,+50,04:06,+38
-430-Feb-22,P, 1.805, 0.818,14:18,-45,15:23,-35,-,-,16:53,-19,-,-,18:22,-01,19:27,+12
-430-Aug-17,P, 2.010, 0.993,15:57,-40,17:03,-26,-,-,18:42,-05,-,-,20:21,+15,21:27,+28
-429-Feb-12,N, 0.409,-0.638,01:16,+75,-,-,-,-,02:48,+58,-,-,-,-,04:19,+38
-429-Jul-08,N, 0.314,-0.631,22:31,+31,-,-,-,-,23:44,+36,-,-,-,-,00:56,+37
-429-Aug-07,N, 0.703,-0.262,05:38,+01,-,-,-,-,07:25,-21,-,-,-,-,09:12,-44
-427-Jun-17,T, 2.688, 1.693,04:04,+14,05:03,+04,06:03,-08,06:54,-18,07:44,-28,08:44,-41,09:44,-53
-427-Dec-10,P, 1.956, 0.940,16:12,-16,17:17,-04,-,-,18:52,+15,-,-,20:27,+35,21:33,+49
-426-Oct-31,N, 0.030,-0.940,21:29,+49,-,-,-,-,21:52,+54,-,-,-,-,22:15,+59
-426-Nov-30,N, 0.760,-0.216,06:42,+02,-,-,-,-,08:31,-18,-,-,-,-,10:20,-35
-425-Apr-26,N, 0.747,-0.316,22:48,+44,-,-,-,-,00:52,+49,-,-,-,-,02:57,+35
-424-Apr-15,T, 2.189, 1.170,02:38,+41,03:43,+30,04:57,+15,05:28,+08,05:59,+02,07:13,-14,08:18,-28
-424-Oct-09,T, 2.454, 1.405,19:58,+25,21:03,+39,22:09,+52,22:53,+60,23:37,+66,00:43,+67,01:49,+60
-423-Apr-04,T, 2.114, 1.145,14:33,-52,15:31,-41,16:43,-26,17:11,-20,17:39,-14,18:50,+01,19:49,+13
-423-Sep-28,P, 2.017, 0.925,22:48,+55,00:05,+62,-,-,01:47,+55,-,-,03:29,+37,04:46,+21
-422-Feb-24,N, 0.159,-0.802,00:24,+73,-,-,-,-,01:17,+71,-,-,-,-,02:10,+63
-422-Sep-17,N, 0.741,-0.345,23:10,+53,-,-,-,-,01:15,+55,-,-,-,-,03:20,+37
-421-Aug-08,P, 1.172, 0.174,14:40,-58,16:10,-39,-,-,16:57,-29,-,-,17:43,-19,19:13,+00
-420-Feb-02,T, 2.704, 1.639,20:09,+27,21:17,+42,22:20,+56,23:11,+66,00:01,+76,01:05,+80,02:12,+69
-420-Jul-28,T, 2.551, 1.597,04:37,+11,05:31,+01,06:29,-11,07:16,-20,08:03,-30,09:01,-42,09:55,-53
-419-Jan-21,P, 1.785, 0.686,21:08,+42,22:30,+60,-,-,00:03,+79,-,-,01:35,+77,02:57,+60
-419-Jul-17,P, 1.785, 0.836,21:47,+27,22:47,+34,-,-,00:15,+39,-,-,01:43,+36,02:43,+30
-418-Jan-10,N, 0.549,-0.531,22:11,+57,-,-,-,-,23:59,+80,-,-,-,-,01:47,+75
-418-Jun-08,N, 0.500,-0.511,03:43,+20,-,-,-,-,05:21,+02,-,-,-,-,06:59,-18
-418-Dec-01,P, 1.204, 0.203,14:40,-32,16:07,-18,-,-,16:56,-09,-,-,17:45,+00,19:11,+18
-417-Nov-21,T, 2.450, 1.478,04:58,+23,05:53,+11,06:52,-01,07:36,-09,08:20,-17,09:19,-27,10:15,-35
-416-Nov-09,T, 2.014, 1.026,20:22,+36,21:23,+49,22:46,+67,22:58,+69,23:10,+71,00:33,+79,01:34,+70
-414-Mar-26,P, 1.146, 0.186,14:43,-48,16:06,-33,-,-,16:53,-23,-,-,17:39,-14,19:02,+04
-414-Sep-19,N, 0.999,-0.094,18:15,-04,-,-,-,-,20:38,+26,-,-,-,-,23:00,+52
-413-Sep-08,T, 2.305, 1.232,17:38,-14,18:49,+01,20:03,+16,20:39,+24,21:16,+31,22:29,+44,23:40,+53
-412-Mar-04,P, 1.877, 0.889,22:17,+52,23:21,+63,-,-,00:53,+70,-,-,02:26,+58,03:29,+46
-412-Aug-27,T, 2.098, 1.080,23:39,+49,00:44,+50,02:03,+44,02:25,+41,02:47,+38,04:06,+24,05:11,+12
-411-Jan-23,N, 0.001,-1.080,18:49,+10,-,-,-,-,18:54,+11,-,-,-,-,19:00,+12
-410-Jan-12,P, 1.222, 0.121,16:02,-20,17:54,+00,-,-,18:36,+09,-,-,19:19,+17,21:10,+41
-410-Jul-08,P, 1.495, 0.540,22:00,+28,23:07,+35,-,-,00:22,+38,-,-,01:37,+36,02:44,+29
-409-Jan-01,T, 2.508, 1.440,16:39,-12,17:47,+01,18:53,+14,19:39,+23,20:25,+33,21:31,+47,22:39,+62
-409-Dec-22,P, 1.961, 0.949,00:54,+82,01:59,+68,-,-,03:34,+47,-,-,05:09,+27,06:14,+14
-408-Jun-16,P, 1.385, 0.334,18:15,-11,19:45,+06,-,-,20:51,+18,-,-,21:58,+29,23:28,+38
-408-Nov-11,N, 0.024,-0.948,06:26,+04,-,-,-,-,06:47,+00,-,-,-,-,07:07,-04
-408-Dec-10,N, 0.764,-0.210,15:38,-23,-,-,-,-,17:28,-03,-,-,-,-,19:17,+19
-407-May-07,N, 0.601,-0.459,05:33,+01,-,-,-,-,07:26,-23,-,-,-,-,09:19,-47
-407-Oct-31,P, 1.171, 0.171,19:17,+20,20:46,+40,-,-,21:31,+49,-,-,22:16,+59,23:45,+75
-406-Oct-21,T, 2.433, 1.378,04:11,+29,05:18,+15,06:25,+01,07:08,-08,07:51,-17,08:57,-30,10:04,-41
-405-Apr-15,T, 2.232, 1.268,22:05,+42,23:03,+50,00:08,+55,00:45,+55,01:21,+53,02:26,+45,03:24,+35
-404-Apr-04,N, 0.918,-0.028,15:19,-43,-,-,-,-,17:16,-19,-,-,-,-,19:13,+06
-403-Feb-23,P, 1.311, 0.305,21:08,+37,22:30,+55,-,-,23:30,+66,-,-,00:31,+73,01:53,+67
-403-Aug-18,P, 1.086, 0.088,22:26,+39,00:05,+48,-,-,00:39,+48,-,-,01:12,+47,02:51,+36
-402-Feb-13,T, 2.647, 1.583,03:56,+42,05:03,+28,06:08,+14,06:57,+03,07:47,-07,08:52,-20,09:59,-32
-401-Feb-02,P, 1.831, 0.735,04:47,+32,06:08,+15,-,-,07:43,-05,-,-,09:17,-22,10:38,-35
-401-Jul-29,P, 1.898, 0.945,05:27,+01,06:26,-11,-,-,07:58,-29,-,-,09:31,-49,10:29,-61
-400-Jan-22,N, 0.583,-0.493,06:07,+16,-,-,-,-,07:58,-06,-,-,-,-,09:48,-26
-400-Jul-17,N, 0.494,-0.497,20:59,+18,-,-,-,-,22:33,+32,-,-,-,-,00:08,+38
-400-Dec-11,P, 1.204, 0.205,23:30,+77,00:55,+81,-,-,01:45,+71,-,-,02:34,+60,04:00,+42
-399-Jun-07,P, 1.706, 0.646,14:23,-61,15:42,-44,-,-,17:12,-25,-,-,18:41,-07,20:01,+09
-399-Dec-01,T, 2.448, 1.476,13:57,-37,14:52,-30,15:51,-21,16:35,-13,17:18,-05,18:18,+07,19:13,+19
-398-May-27,T, 2.670, 1.606,14:45,-55,15:54,-40,17:00,-26,17:51,-16,18:42,-05,19:48,+07,20:57,+20
-398-Nov-21,T, 2.018, 1.027,05:13,+20,06:14,+07,07:37,-09,07:49,-12,08:02,-14,09:25,-28,10:26,-36
-397-May-16,P, 1.259, 0.235,19:11,+03,20:41,+20,-,-,21:37,+29,-,-,22:32,+37,00:03,+43
-397-Nov-10,N, 0.698,-0.346,16:58,-08,-,-,-,-,18:52,+15,-,-,-,-,20:47,+40
-396-Apr-05,P, 1.039, 0.083,22:32,+49,00:05,+59,-,-,00:36,+59,-,-,01:08,+58,02:41,+46
-396-Sep-30,N, 0.947,-0.150,01:55,+53,-,-,-,-,04:15,+27,-,-,-,-,06:34,-03
-395-Mar-26,T, 2.368, 1.418,14:51,-47,15:45,-37,16:46,-25,17:28,-16,18:10,-07,19:10,+06,20:05,+17
-395-Sep-19,T, 2.241, 1.167,01:16,+55,02:28,+45,03:44,+31,04:16,+25,04:47,+19,06:04,+02,07:15,-13
-394-Mar-16,P, 1.962, 0.975,06:06,+07,07:08,-07,-,-,08:44,-27,-,-,10:20,-45,11:22,-55
-393-Mar-05,N, 0.540,-0.506,16:22,-26,-,-,-,-,18:07,-05,-,-,-,-,19:51,+17
-393-Aug-28,N, 0.883,-0.084,21:27,+32,-,-,-,-,23:24,+49,-,-,-,-,01:21,+50
-392-Jan-23,P, 1.183, 0.086,23:51,+78,01:47,+74,-,-,02:23,+66,-,-,02:59,+59,04:55,+33
-391-Jan-12,T, 2.485, 1.422,00:51,+84,01:59,+70,03:05,+56,03:50,+46,04:35,+36,05:41,+22,06:49,+08
-391-Jul-08,T, 2.754, 1.749,18:19,-12,19:19,+00,20:19,+11,21:11,+20,22:02,+28,23:02,+35,00:02,+39
-390-Jun-28,P, 1.536, 0.482,00:46,+39,02:09,+33,-,-,03:28,+22,-,-,04:47,+09,06:10,-07
-390-Dec-22,N, 0.768,-0.204,00:34,+85,-,-,-,-,02:24,+63,-,-,-,-,04:13,+39
-389-Jun-17,N, 0.143,-0.926,03:27,+22,-,-,-,-,04:25,+13,-,-,-,-,05:23,+02
-389-Nov-12,P, 1.164, 0.161,04:02,+35,05:32,+15,-,-,06:16,+06,-,-,07:00,-03,08:30,-20
-388-May-06,P, 1.916, 0.908,16:51,-26,17:58,-12,-,-,19:34,+08,-,-,21:11,+26,22:18,+36
-388-Oct-31,T, 2.419, 1.360,12:30,-51,13:37,-46,14:44,-36,15:26,-29,16:09,-21,17:16,-08,18:23,+06
-387-Apr-26,T, 2.354, 1.394,05:36,+03,06:32,-09,07:34,-22,08:16,-31,08:58,-40,10:00,-53,10:56,-64
-387-Oct-20,P, 2.090, 0.991,14:25,-43,15:41,-29,-,-,17:26,-08,-,-,19:10,+15,20:27,+31
-386-Apr-15,P, 1.027, 0.083,22:58,+50,00:29,+56,-,-,01:00,+55,-,-,01:31,+52,03:03,+39
-386-Oct-09,N, 0.841,-0.248,14:32,-46,-,-,-,-,16:44,-20,-,-,-,-,18:55,+08
-385-Mar-07,P, 1.229, 0.223,05:02,+23,06:30,+04,-,-,07:22,-07,-,-,08:15,-18,09:42,-35
-384-Aug-18,T, 2.362, 1.406,20:29,+19,21:24,+29,22:25,+38,23:07,+43,23:49,+47,00:49,+48,01:44,+45
-382-Jun-29,N, 0.207,-0.813,18:10,-13,-,-,-,-,19:16,+00,-,-,-,-,20:21,+12
-382-Jul-29,N, 0.603,-0.394,04:14,+15,-,-,-,-,05:58,-04,-,-,-,-,07:43,-25
-381-Jun-18,P, 1.547, 0.484,20:56,+20,22:21,+32,-,-,23:40,+39,-,-,01:00,+39,02:25,+32
-381-Dec-12,T, 2.445, 1.474,22:55,+70,23:51,+82,00:50,+82,01:33,+74,02:17,+64,03:16,+51,04:12,+40
-380-Jun-06,T, 2.833, 1.770,21:11,+23,22:19,+33,23:24,+39,00:17,+40,01:10,+39,02:15,+33,03:23,+24
-380-Dec-01,T, 2.017, 1.024,14:05,-35,15:07,-27,16:31,-13,16:43,-11,16:54,-09,18:18,+08,19:20,+20
-379-May-27,P, 1.411, 0.391,01:57,+35,03:18,+24,-,-,04:28,+12,-,-,05:38,-02,07:00,-18
-379-Nov-21,N, 0.698,-0.350,01:29,+70,-,-,-,-,03:24,+46,-,-,-,-,05:19,+21
-377-Apr-06,T, 2.257, 1.309,22:40,+50,23:35,+56,00:38,+59,01:16,+56,01:54,+52,02:57,+42,03:52,+32
-376-Mar-26,T, 2.059, 1.072,13:45,-58,14:47,-48,16:06,-33,16:26,-29,16:46,-25,18:05,-08,19:07,+05
-376-Sep-18,T, 2.232, 1.215,15:34,-39,16:38,-25,17:48,-10,18:21,-03,18:55,+05,20:05,+20,21:09,+33
-375-Mar-15,N, 0.627,-0.419,23:39,+63,-,-,-,-,01:31,+62,-,-,-,-,03:23,+43
-375-Aug-09,N, 0.009,-0.942,22:54,+37,-,-,-,-,23:06,+39,-,-,-,-,23:18,+40
-375-Sep-08,N, 0.954,-0.014,05:36,+05,-,-,-,-,07:36,-20,-,-,-,-,09:37,-45
-373-Jul-20,T, 2.629, 1.618,01:31,+37,02:32,+31,03:34,+22,04:23,+14,05:13,+05,06:14,-07,07:16,-19
-372-Jan-12,P, 1.988, 0.986,18:09,+04,19:13,+17,-,-,20:49,+37,-,-,22:24,+58,23:28,+71
-372-Dec-03,N, 0.019,-0.954,00:25,+86,-,-,-,-,00:43,+84,-,-,-,-,01:01,+80
-371-May-28,N, 0.300,-0.753,19:08,+00,-,-,-,-,20:30,+15,-,-,-,-,21:52,+28
-370-May-17,P, 1.774, 0.770,23:56,+44,01:04,+42,-,-,02:35,+33,-,-,04:06,+18,05:15,+05
-370-Nov-11,T, 2.413, 1.349,20:51,+43,21:59,+57,23:07,+71,23:49,+78,00:31,+79,01:39,+69,02:46,+54
-369-Oct-31,T, 2.110, 1.008,22:23,+61,23:40,+73,01:18,+69,01:25,+68,01:33,+66,03:10,+47,04:27,+30
-368-Oct-19,N, 0.873,-0.217,22:27,+58,-,-,-,-,00:41,+70,-,-,-,-,02:54,+48
-366-Mar-06,T, 2.488, 1.425,18:56,+07,20:04,+22,21:11,+36,21:57,+46,22:43,+55,23:50,+66,00:58,+69
-366-Aug-30,T, 2.285, 1.327,04:37,+16,05:32,+05,06:35,-08,07:14,-16,07:52,-24,08:55,-38,09:50,-49
-365-Feb-23,P, 1.965, 0.877,19:35,+17,20:53,+34,-,-,22:34,+55,-,-,00:15,+73,01:32,+71
-365-Aug-19,T, 2.090, 1.128,21:11,+26,22:09,+35,23:20,+44,23:46,+46,00:12,+47,01:24,+46,02:21,+40
-364-Feb-12,N, 0.684,-0.379,21:36,+45,-,-,-,-,23:34,+70,-,-,-,-,01:31,+75
-364-Jul-10,N, 0.069,-0.956,01:38,+37,-,-,-,-,02:16,+34,-,-,-,-,02:55,+29
-363-Jan-02,P, 1.194, 0.203,17:04,-08,18:29,+08,-,-,19:17,+18,-,-,20:06,+28,21:31,+46
-363-Jun-29,P, 1.393, 0.327,03:33,+21,05:05,+04,-,-,06:12,-09,-,-,07:19,-22,08:51,-42
-362-Jun-18,T, 2.786, 1.724,03:41,+19,04:49,+07,05:53,-06,06:46,-16,07:39,-27,08:43,-41,09:51,-55
-362-Dec-12,T, 2.018, 1.023,22:56,+71,23:58,+84,01:22,+76,01:34,+74,01:45,+71,03:09,+53,04:11,+40
-360-May-26,N, 0.237,-0.727,22:05,+32,-,-,-,-,23:11,+38,-,-,-,-,00:16,+40
-360-Oct-21,N, 0.876,-0.227,17:35,-06,-,-,-,-,19:50,+24,-,-,-,-,22:06,+53
-359-Oct-10,T, 2.155, 1.079,17:01,-15,18:13,+01,19:36,+19,19:59,+24,20:21,+29,21:44,+46,22:56,+60
-358-Apr-06,T, 2.170, 1.182,21:16,+34,22:16,+45,23:27,+55,23:59,+57,00:30,+58,01:41,+53,02:41,+45
-358-Sep-29,T, 2.278, 1.262,23:47,+62,00:50,+62,01:58,+54,02:34,+48,03:11,+41,04:19,+27,05:21,+14
-356-Feb-14,N, 1.067,-0.021,15:07,-35,-,-,-,-,17:32,-10,-,-,-,-,19:58,+21
-356-Aug-09,P, 1.162, 0.194,21:14,+24,22:38,+36,-,-,23:25,+41,-,-,00:13,+44,01:37,+42
-355-Feb-02,T, 2.406, 1.355,16:58,-13,18:05,+00,19:12,+13,19:54,+22,20:37,+31,21:44,+46,22:51,+60
-354-Jan-23,T, 2.014, 1.016,02:40,+61,03:42,+47,05:09,+28,05:19,+26,05:29,+24,06:55,+06,07:58,-07
-354-Jul-19,P, 1.822, 0.759,14:00,-68,15:17,-51,-,-,16:51,-31,-,-,18:26,-11,19:43,+04
-353-Jan-12,N, 0.796,-0.172,18:13,+04,-,-,-,-,20:04,+27,-,-,-,-,21:54,+51
-353-Jun-09,N, 0.151,-0.900,02:03,+32,-,-,-,-,03:02,+25,-,-,-,-,04:01,+16
-353-Dec-03,P, 1.157, 0.147,21:35,+53,23:08,+73,-,-,23:50,+82,-,-,00:33,+85,02:05,+67
-352-Nov-22,T, 2.408, 1.340,05:14,+20,06:22,+06,07:30,-08,08:12,-15,08:53,-23,10:01,-33,11:10,-41
-351-May-17,T, 2.619, 1.666,20:27,+18,21:22,+28,22:20,+36,23:08,+41,23:57,+44,00:54,+43,01:49,+40
-351-Nov-11,T, 2.125, 1.021,06:25,+03,07:42,-13,09:16,-30,09:28,-32,09:39,-33,11:13,-45,12:30,-47
-350-Oct-31,N, 0.896,-0.194,06:30,+00,-,-,-,-,08:44,-27,-,-,-,-,10:59,-47
-349-Mar-28,P, 1.027, 0.021,20:25,+24,22:20,+47,-,-,22:37,+49,-,-,22:53,+52,00:48,+60
-349-Sep-20,N, 0.909,-0.090,22:43,+52,-,-,-,-,00:46,+60,-,-,-,-,02:48,+45
-348-Mar-17,T, 2.386, 1.323,02:09,+57,03:18,+44,04:28,+29,05:10,+20,05:52,+11,07:02,-04,08:11,-19
-347-Mar-06,P, 2.054, 0.969,02:45,+54,04:01,+38,-,-,05:45,+15,-,-,07:29,-07,08:45,-23
-347-Aug-30,T, 2.168, 1.202,05:14,+08,06:11,-03,07:19,-18,07:50,-24,08:22,-31,09:30,-45,10:27,-57
-346-Feb-23,N, 0.754,-0.303,05:08,+26,-,-,-,-,07:10,-01,-,-,-,-,09:12,-25
-346-Aug-19,N, 0.790,-0.220,19:08,+01,-,-,-,-,21:06,+24,-,-,-,-,23:04,+42
-345-Jan-14,P, 1.177, 0.190,01:45,+73,03:10,+54,-,-,03:57,+44,-,-,04:44,+34,06:10,+16
-344-Jan-03,T, 2.427, 1.458,16:43,-12,17:39,-01,18:38,+10,19:21,+19,20:05,+28,21:04,+41,21:59,+53
-343-Jun-17,P, 1.713, 0.699,15:37,-45,16:48,-30,-,-,18:17,-12,-,-,19:45,+05,20:56,+17
-343-Dec-12,N, 0.694,-0.359,18:31,+12,-,-,-,-,20:26,+36,-,-,-,-,22:22,+61
-342-May-08,N, 0.675,-0.271,21:37,+32,-,-,-,-,23:21,+45,-,-,-,-,01:04,+46
-342-Jun-07,N, 0.379,-0.582,05:08,+02,-,-,-,-,06:30,-14,-,-,-,-,07:51,-30
-342-Nov-02,N, 0.856,-0.249,01:34,+65,-,-,-,-,03:48,+38,-,-,-,-,06:02,+09
-341-Apr-28,T, 2.011, 1.064,14:01,-62,14:58,-51,16:15,-35,16:34,-31,16:52,-27,18:09,-10,19:06,+01
-341-Oct-22,T, 2.128, 1.053,01:06,+67,02:19,+55,03:45,+37,04:03,+33,04:21,+29,05:47,+10,07:00,-05
-340-Apr-17,T, 2.290, 1.301,04:38,+17,05:39,+05,06:45,-10,07:24,-18,08:02,-26,09:09,-40,10:09,-53
-339-Sep-29,P, 1.060, 0.089,22:21,+52,23:54,+64,-,-,00:27,+64,-,-,00:59,+63,02:32,+50
-338-Feb-24,N, 0.990,-0.094,22:33,+56,-,-,-,-,00:54,+75,-,-,-,-,03:16,+52
-338-Aug-21,P, 1.072, 0.098,05:10,+08,06:44,-11,-,-,07:18,-18,-,-,07:53,-25,09:26,-45
-337-Feb-14,T, 2.347, 1.302,00:50,+78,01:57,+69,03:05,+55,03:45,+46,04:25,+37,05:33,+22,06:40,+08
-337-Aug-10,T, 2.405, 1.382,16:09,-39,17:13,-25,18:19,-11,19:02,-02,19:45,+07,20:51,+19,21:54,+30
-336-Jul-29,P, 1.952, 0.884,20:46,+18,22:01,+31,-,-,23:41,+41,-,-,01:22,+41,02:37,+34
-336-Dec-24,N, 0.006,-0.967,18:24,+09,-,-,-,-,18:35,+11,-,-,-,-,18:45,+13
-335-Jan-23,N, 0.823,-0.142,02:52,+58,-,-,-,-,04:44,+33,-,-,-,-,06:36,+10
-335-Jul-18,N, 0.589,-0.482,22:10,+31,-,-,-,-,00:03,+41,-,-,-,-,01:56,+37
-335-Dec-14,P, 1.152, 0.140,06:21,+10,07:54,-08,-,-,08:36,-16,-,-,09:17,-22,10:51,-34
-334-Dec-03,T, 2.406, 1.336,13:37,-38,14:46,-30,15:54,-19,16:36,-12,17:17,-04,18:26,+09,19:34,+23
-333-May-29,T, 2.757, 1.806,03:52,+18,04:45,+08,05:42,-03,06:32,-13,07:22,-23,08:19,-35,09:13,-47
-333-Nov-22,T, 2.134, 1.028,14:31,-34,15:48,-22,17:20,-04,17:34,-01,17:47,+01,19:20,+21,20:36,+37
-332-May-17,P, 1.404, 0.463,21:26,+29,22:34,+38,-,-,23:43,+44,-,-,00:53,+44,02:00,+39
-332-Nov-10,N, 0.911,-0.179,14:39,-35,-,-,-,-,16:55,-11,-,-,-,-,19:10,+17
-331-Apr-08,N, 0.910,-0.097,03:55,+28,-,-,-,-,06:01,+02,-,-,-,-,08:07,-25
-330-Sep-20,T, 2.173, 1.210,21:19,+37,22:16,+47,23:22,+57,23:54,+59,00:26,+60,01:33,+56,02:29,+48
-328-Aug-30,N, 0.867,-0.149,02:46,+37,-,-,-,-,04:50,+15,-,-,-,-,06:53,-11
-327-Jul-20,P, 1.105, 0.032,16:58,-29,19:03,-03,-,-,19:25,+01,-,-,19:47,+06,21:52,+27
-326-Jan-14,T, 2.407, 1.440,01:31,+76,02:26,+64,03:26,+51,04:08,+42,04:51,+33,05:51,+20,06:46,+09
-326-Jul-09,T, 2.482, 1.421,16:53,-30,18:02,-15,19:09,-02,19:56,+07,20:42,+15,21:50,+26,22:59,+34
-325-Jan-03,T, 2.031, 1.034,16:27,-14,17:29,-03,18:51,+13,19:05,+16,19:19,+19,20:42,+36,21:44,+49
-325-Jun-28,P, 1.857, 0.846,22:35,+32,23:43,+37,-,-,01:17,+36,-,-,02:52,+27,04:00,+17
-325-Dec-24,N, 0.697,-0.359,02:56,+56,-,-,-,-,04:52,+31,-,-,-,-,06:48,+07
-324-May-19,N, 0.545,-0.398,05:15,+04,-,-,-,-,06:49,-15,-,-,-,-,08:23,-35
-323-May-08,P, 1.878, 0.931,21:34,+32,22:33,+40,-,-,00:05,+47,-,-,01:37,+43,02:36,+36
-322-Oct-21,T, 2.336, 1.321,16:39,-17,17:40,-04,18:46,+11,19:25,+19,20:05,+28,21:10,+42,22:12,+55
-321-Apr-17,N, 0.969,-0.078,20:27,+22,-,-,-,-,22:42,+45,-,-,-,-,00:58,+52
-320-Mar-07,N, 0.899,-0.180,05:52,+13,-,-,-,-,08:07,-16,-,-,-,-,10:22,-42
-319-Aug-20,T, 2.310, 1.280,23:38,+46,00:43,+47,01:52,+43,02:30,+39,03:09,+33,04:18,+21,05:22,+08
-318-Feb-13,T, 2.101, 1.114,19:19,+15,20:19,+27,21:33,+43,21:58,+49,22:23,+54,23:37,+69,00:37,+76
-318-Aug-10,T, 2.074, 1.001,03:37,+24,04:51,+11,06:33,-09,06:36,-10,06:38,-10,08:20,-32,09:34,-48
-317-Jul-30,N, 0.722,-0.350,04:45,+11,-,-,-,-,06:48,-14,-,-,-,-,08:52,-40
-317-Dec-25,P, 1.142, 0.129,15:03,-27,16:38,-12,-,-,17:18,-05,-,-,17:58,+03,19:33,+22
-316-Jun-18,P, 1.355, 0.360,21:21,+23,22:40,+33,-,-,23:46,+37,-,-,00:51,+38,02:10,+32
-316-Dec-13,T, 2.401, 1.328,21:58,+58,23:07,+73,00:16,+86,00:57,+82,01:39,+73,02:47,+58,03:56,+43
-315-Dec-02,T, 2.143, 1.037,22:36,+67,23:53,+82,01:24,+74,01:39,+71,01:55,+68,03:26,+48,04:42,+31
-314-May-29,P, 1.538, 0.596,04:51,+07,05:55,-05,-,-,07:12,-21,-,-,08:30,-37,09:34,-51
-314-Nov-21,N, 0.921,-0.167,22:52,+69,-,-,-,-,01:08,+75,-,-,-,-,03:23,+47
-313-May-18,N, 0.125,-0.852,22:00,+34,-,-,-,-,22:48,+40,-,-,-,-,23:37,+44
-313-Oct-12,N, 0.852,-0.146,15:36,-31,-,-,-,-,17:35,-07,-,-,-,-,19:33,+19
-312-Apr-07,T, 2.144, 1.083,16:10,-33,17:22,-17,18:46,+00,19:09,+05,19:32,+10,20:55,+27,22:07,+41
-312-Oct-01,T, 2.135, 1.170,05:52,+04,06:48,-08,07:57,-22,08:26,-28,08:55,-34,10:04,-46,11:01,-55
-311-Mar-27,T, 2.271, 1.194,16:37,-25,17:50,-10,19:06,+06,19:40,+14,20:15,+21,21:31,+37,22:44,+50
-311-Sep-20,T, 2.289, 1.313,21:42,+41,22:39,+51,23:43,+58,00:21,+60,00:59,+58,02:03,+52,03:00,+42
-310-Mar-16,N, 0.932,-0.112,19:47,+17,-,-,-,-,21:59,+45,-,-,-,-,00:11,+66
-309-Feb-04,P, 1.113, 0.136,18:49,+09,20:18,+28,-,-,20:58,+36,-,-,21:38,+45,23:07,+64
-309-Jul-31,N, 0.976,-0.100,23:49,+43,-,-,-,-,02:10,+37,-,-,-,-,04:30,+16
-308-Jul-19,T, 2.344, 1.282,23:39,+40,00:49,+40,02:00,+36,02:40,+31,03:20,+26,04:31,+14,05:41,+00
-307-Jan-14,T, 2.046, 1.048,01:05,+82,02:07,+69,03:27,+51,03:44,+48,04:00,+44,05:21,+27,06:23,+14
-306-Jun-28,N, 0.654,-0.304,19:34,+03,-,-,-,-,21:17,+21,-,-,-,-,23:01,+33
-306-Nov-23,N, 0.833,-0.274,17:43,+01,-,-,-,-,19:55,+29,-,-,-,-,22:08,+58
-305-May-20,P, 1.741, 0.792,05:04,+06,06:06,-07,-,-,07:32,-25,-,-,08:59,-43,10:00,-56
-305-Nov-12,T, 2.101, 1.028,17:36,-01,18:47,+14,20:17,+34,20:31,+36,20:44,+39,22:14,+59,23:26,+74
-304-May-08,T, 2.557, 1.564,19:05,+03,20:04,+15,21:05,+26,21:53,+33,22:42,+40,23:43,+45,00:42,+46
-304-Nov-01,T, 2.353, 1.338,01:14,+69,02:15,+57,03:20,+43,04:00,+35,04:40,+26,05:45,+12,06:47,-01
-303-Apr-28,P, 1.104, 0.056,03:08,+32,05:03,+10,-,-,05:31,+04,-,-,06:00,-02,07:54,-27
-303-Oct-21,P, 1.119, 0.147,15:40,-28,17:06,-11,-,-,17:48,-02,-,-,18:29,+07,19:55,+26
-302-Sep-11,N, 0.927,-0.058,21:24,+34,-,-,-,-,23:25,+52,-,-,-,-,01:27,+53
-301-Mar-07,T, 2.193, 1.161,16:14,-28,17:20,-15,18:35,+01,19:05,+08,19:35,+14,20:50,+30,21:56,+44
-300-Feb-25,T, 2.165, 1.184,03:26,+47,04:25,+34,05:34,+19,06:05,+12,06:36,+06,07:45,-09,08:45,-21
-299-Feb-13,N, 0.905,-0.054,19:48,+21,-,-,-,-,21:45,+46,-,-,-,-,23:42,+69
-298-Jan-04,P, 1.127, 0.112,23:40,+78,01:17,+80,-,-,01:55,+72,-,-,02:32,+64,04:09,+43
-298-Jun-30,P, 1.221, 0.230,04:36,+08,06:02,-08,-,-,06:55,-18,-,-,07:48,-29,09:14,-47
-298-Dec-25,T, 2.392, 1.318,06:16,+12,07:25,-02,08:35,-15,09:16,-22,09:56,-28,11:06,-36,12:15,-40
-297-Jun-19,T, 2.633, 1.685,18:45,-05,19:38,+05,20:36,+15,21:24,+23,22:13,+30,23:10,+35,00:04,+38
-297-Dec-14,T, 2.151, 1.045,06:42,+04,07:59,-10,09:28,-25,09:45,-28,10:02,-30,11:32,-39,12:48,-41
-295-Apr-29,N, 0.644,-0.367,18:34,-04,-,-,-,-,20:23,+18,-,-,-,-,22:13,+37
-295-May-29,N, 0.253,-0.727,04:52,+08,-,-,-,-,06:01,-06,-,-,-,-,07:10,-20
-295-Oct-23,N, 0.839,-0.159,00:14,+73,-,-,-,-,02:11,+58,-,-,-,-,04:09,+33
-294-Apr-18,P, 2.007, 0.946,22:59,+48,00:12,+53,-,-,01:55,+47,-,-,03:37,+30,04:51,+16
-294-Oct-12,T, 2.106, 1.140,14:31,-44,15:28,-33,16:38,-19,17:05,-14,17:32,-08,18:42,+07,19:39,+19
-293-Apr-07,T, 2.398, 1.325,23:22,+55,00:33,+58,01:44,+53,02:27,+47,03:09,+40,04:20,+26,05:31,+11
-293-Oct-02,T, 2.330, 1.350,06:07,+01,07:04,-11,08:07,-24,08:47,-32,09:27,-40,10:30,-51,11:27,-58
-292-Mar-27,P, 1.040, 0.001,02:56,+46,05:10,+18,-,-,05:13,+17,-,-,05:17,+16,07:31,-13
-292-Sep-20,N, 0.985,-0.045,18:27,-01,-,-,-,-,20:38,+27,-,-,-,-,22:49,+51
-291-Feb-15,P, 1.065, 0.093,03:12,+51,04:45,+31,-,-,05:19,+24,-,-,05:52,+17,07:25,-03
-290-Feb-04,T, 2.337, 1.375,18:45,+08,19:40,+20,20:42,+33,21:22,+42,22:02,+50,23:04,+63,23:59,+74
-288-Jan-14,N, 0.719,-0.338,19:29,+21,-,-,-,-,21:28,+46,-,-,-,-,23:26,+72
-288-Jun-09,N, 0.285,-0.657,20:36,+17,-,-,-,-,21:46,+28,-,-,-,-,22:55,+36
-288-Jul-09,N, 0.783,-0.175,02:57,+26,-,-,-,-,04:48,+08,-,-,-,-,06:40,-14
-288-Dec-04,N, 0.823,-0.283,01:48,+68,-,-,-,-,04:01,+39,-,-,-,-,06:13,+11
-287-Nov-23,T, 2.096, 1.025,01:57,+64,03:09,+49,04:39,+29,04:52,+26,05:04,+24,06:34,+05,07:46,-09
-286-May-20,T, 2.702, 1.707,02:09,+36,03:08,+27,04:09,+17,04:59,+07,05:50,-03,06:50,-15,07:49,-28
-285-Nov-02,P, 1.135, 0.162,00:29,+76,01:54,+62,-,-,02:37,+53,-,-,03:20,+44,04:46,+26
-284-Mar-28,N, 0.680,-0.389,20:07,+20,-,-,-,-,22:07,+44,-,-,-,-,00:07,+61
-284-Sep-22,N, 0.874,-0.116,05:41,+06,-,-,-,-,07:40,-19,-,-,-,-,09:39,-44
-283-Mar-17,T, 2.098, 1.073,23:46,+64,00:52,+66,02:14,+56,02:35,+53,02:56,+49,04:17,+32,05:23,+18
-283-Sep-11,T, 2.157, 1.114,14:56,-49,16:04,-35,17:22,-18,17:48,-12,18:14,-07,19:32,+10,20:40,+25
-282-Aug-31,T, 2.278, 1.195,17:47,-13,19:00,+02,20:16,+18,20:50,+25,21:25,+31,22:41,+44,23:53,+52
-281-Feb-25,P, 0.964, 0.008,04:04,+38,05:53,+14,-,-,06:03,+12,-,-,06:13,+10,08:03,-13
-281-Aug-20,N, 0.955,-0.120,18:27,-06,-,-,-,-,20:45,+22,-,-,-,-,23:04,+44
-279-Jan-04,T, 2.374, 1.299,14:27,-33,15:37,-23,16:47,-12,17:27,-04,18:07,+03,19:17,+17,20:27,+32
-279-Jun-30,T, 2.502, 1.555,02:16,+31,03:10,+24,04:09,+14,04:55,+06,05:41,-02,06:40,-14,07:34,-25
-279-Dec-24,T, 2.164, 1.059,14:44,-30,16:00,-19,17:28,-03,17:47,+01,18:07,+04,19:34,+22,20:51,+38
-278-Jun-19,P, 1.808, 0.862,19:40,+06,20:39,+16,-,-,22:08,+30,-,-,23:38,+38,00:37,+39
-278-Dec-13,N, 0.937,-0.146,15:23,-25,-,-,-,-,17:38,-01,-,-,-,-,19:54,+27
-277-May-11,N, 0.499,-0.513,01:46,+40,-,-,-,-,03:24,+26,-,-,-,-,05:03,+08
-276-Apr-29,P, 1.859, 0.798,05:40,+01,06:56,-15,-,-,08:33,-36,-,-,10:10,-56,11:26,-71
-276-Oct-22,T, 2.088, 1.120,23:17,+69,00:14,+73,01:26,+66,01:51,+61,02:16,+57,03:27,+42,04:25,+30
-275-Oct-12,T, 2.361, 1.376,14:38,-43,15:36,-32,16:38,-20,17:19,-11,18:00,-02,19:03,+11,20:00,+24
-274-Oct-02,N, 1.024,-0.011,02:29,+48,-,-,-,-,04:43,+21,-,-,-,-,06:57,-08
-272-Feb-16,T, 2.286, 1.326,03:11,+52,04:07,+40,05:09,+26,05:47,+18,06:26,+10,07:28,-04,08:24,-15
-272-Aug-10,T, 2.103, 1.041,13:37,-71,14:48,-56,16:17,-37,16:33,-34,16:50,-30,18:18,-11,19:30,+03
-271-Feb-04,T, 2.109, 1.111,17:55,-02,18:57,+10,20:11,+26,20:36,+31,21:01,+37,22:16,+53,23:17,+66
-271-Jul-30,T, 2.244, 1.237,20:09,+11,21:12,+22,22:21,+33,22:57,+37,23:32,+40,00:41,+42,01:44,+40
-270-Jan-25,N, 0.743,-0.314,03:34,+49,-,-,-,-,05:35,+23,-,-,-,-,07:35,-01
-270-Jun-21,N, 0.157,-0.785,04:23,+13,-,-,-,-,05:15,+03,-,-,-,-,06:07,-07
-269-Jun-10,P, 1.463, 0.511,20:02,+11,21:10,+22,-,-,22:23,+33,-,-,23:36,+39,00:44,+40
-268-Nov-22,T, 2.363, 1.352,18:40,+14,19:41,+27,20:45,+41,21:25,+50,22:06,+59,23:10,+72,00:11,+83
-267-May-19,P, 1.399, 0.348,16:12,-36,17:40,-17,-,-,18:49,-03,-,-,19:57,+10,21:26,+26
-266-Apr-09,N, 0.556,-0.509,03:07,+40,-,-,-,-,04:57,+18,-,-,-,-,06:46,-06
-266-May-08,N, 0.003,-1.067,19:45,+10,-,-,-,-,19:53,+11,-,-,-,-,20:01,+13
-265-Sep-22,T, 2.100, 1.051,22:46,+52,23:56,+59,01:21,+57,01:38,+55,01:56,+53,03:21,+38,04:30,+24
-264-Mar-17,T, 2.326, 1.355,19:19,+11,20:16,+23,21:19,+37,22:00,+45,22:40,+52,23:43,+61,00:40,+64
-264-Sep-11,T, 2.360, 1.273,01:05,+54,02:18,+46,03:31,+33,04:10,+25,04:49,+17,06:02,+02,07:15,-14
-263-Aug-31,N, 1.051,-0.026,01:35,+48,-,-,-,-,03:59,+26,-,-,-,-,06:22,-03
-262-Jan-26,P, 1.067, 0.051,16:35,-17,18:23,+04,-,-,18:48,+09,-,-,19:14,+14,21:01,+37
-262-Jul-21,N, 0.981,-0.008,19:26,+01,-,-,-,-,21:33,+24,-,-,-,-,23:40,+38
-261-Jan-15,T, 2.349, 1.274,22:33,+62,23:43,+77,00:54,+84,01:33,+77,02:12,+69,03:23,+53,04:33,+38
-260-Jan-04,T, 2.183, 1.079,22:42,+65,23:58,+81,01:23,+78,01:45,+73,02:08,+69,03:33,+50,04:49,+33
-260-Jun-30,P, 1.939, 0.991,03:07,+24,04:05,+15,-,-,05:38,-02,-,-,07:12,-20,08:10,-32
-260-Dec-23,N, 0.948,-0.132,23:37,+78,-,-,-,-,01:53,+70,-,-,-,-,04:09,+41
-259-Jun-19,N, 0.514,-0.474,18:44,-05,-,-,-,-,20:21,+13,-,-,-,-,21:58,+28
-259-Nov-13,N, 0.833,-0.163,17:44,+02,-,-,-,-,19:40,+26,-,-,-,-,21:36,+51
-257-Oct-23,T, 2.382, 1.392,23:16,+68,00:14,+73,01:16,+67,01:58,+60,02:39,+52,03:41,+39,04:39,+26
-256-Apr-17,P, 1.285, 0.259,16:58,-23,18:27,-04,-,-,19:25,+08,-,-,20:23,+20,21:52,+37
-255-Mar-08,N, 0.931,-0.032,19:36,+15,-,-,-,-,21:35,+41,-,-,-,-,23:35,+62
-255-Apr-07,N, 0.004,-0.971,06:07,+03,-,-,-,-,06:15,+01,-,-,-,-,06:24,-01
-255-Sep-01,N, 0.667,-0.421,21:11,+30,-,-,-,-,23:11,+49,-,-,-,-,01:11,+53
-254-Aug-21,P, 2.003, 0.939,20:50,+23,22:03,+36,-,-,23:44,+48,-,-,01:26,+47,02:39,+39
-253-Feb-16,T, 2.159, 1.161,02:06,+66,03:07,+53,04:19,+38,04:48,+31,05:18,+25,06:29,+10,07:31,-03
-253-Aug-11,T, 2.350, 1.343,03:39,+24,04:41,+13,05:46,+00,06:27,-08,07:08,-17,08:14,-30,09:16,-44
-252-Jul-30,P, 1.018, 0.061,18:03,-15,19:40,+04,-,-,20:06,+09,-,-,20:33,+14,22:10,+30
-252-Dec-25,N, 0.801,-0.301,17:59,+03,-,-,-,-,20:09,+30,-,-,-,-,22:19,+58
-251-Jun-21,P, 1.326, 0.371,03:30,+21,04:43,+08,-,-,05:47,-04,-,-,06:51,-16,08:04,-31
-251-Dec-14,T, 2.087, 1.022,18:44,+14,19:54,+29,21:25,+48,21:37,+51,21:48,+54,23:19,+73,00:30,+86
-250-Jun-10,T, 2.721, 1.718,16:12,-37,17:12,-24,18:13,-12,19:04,-02,19:55,+07,20:55,+18,21:55,+27
-250-Dec-04,T, 2.364, 1.355,03:27,+45,04:27,+32,05:31,+19,06:12,+11,06:52,+03,07:56,-10,08:57,-20
-249-May-30,P, 1.556, 0.503,22:37,+36,00:00,+41,-,-,01:20,+38,-,-,02:41,+30,04:03,+17
-249-Nov-23,P, 1.149, 0.176,18:18,+10,19:42,+27,-,-,20:27,+37,-,-,21:11,+47,22:35,+65
-248-May-19,N, 0.158,-0.910,01:17,+40,-,-,-,-,02:18,+34,-,-,-,-,03:19,+25
-248-Oct-13,N, 0.799,-0.202,22:33,+57,-,-,-,-,00:29,+68,-,-,-,-,02:25,+54
-247-Apr-08,P, 1.873, 0.860,14:31,-53,15:39,-40,-,-,17:14,-20,-,-,18:48,+00,19:56,+14
-246-Mar-29,T, 2.424, 1.459,03:06,+42,04:02,+31,05:03,+18,05:47,+08,06:31,-01,07:31,-14,08:27,-26
-245-Mar-18,P, 1.119, 0.169,20:09,+22,21:32,+39,-,-,22:15,+47,-,-,22:59,+55,00:22,+63
-244-Feb-07,P, 1.018, 0.002,00:51,+81,02:56,+58,-,-,03:02,+57,-,-,03:07,+56,05:12,+28
-244-Aug-01,N, 0.877,-0.111,03:03,+28,-,-,-,-,05:04,+08,-,-,-,-,07:05,-16
-243-Jan-26,T, 2.311, 1.236,06:30,+10,07:41,-04,08:54,-18,09:30,-25,10:07,-30,11:20,-40,12:30,-44
-243-Jul-21,T, 2.258, 1.310,17:33,-21,18:28,-10,19:31,+02,20:09,+09,20:47,+16,21:50,+26,22:45,+34
-242-Jan-15,T, 2.211, 1.110,06:33,+09,07:48,-06,09:11,-21,09:37,-25,10:04,-29,11:26,-39,12:41,-43
-241-Jul-01,N, 0.643,-0.350,01:44,+36,-,-,-,-,03:31,+22,-,-,-,-,05:19,+03
-241-Nov-25,N, 0.835,-0.159,02:33,+57,-,-,-,-,04:30,+32,-,-,-,-,06:26,+08
-240-May-20,P, 1.547, 0.484,18:51,-02,20:15,+15,-,-,21:35,+28,-,-,22:55,+38,00:20,+42
-240-Nov-13,T, 2.072, 1.101,17:02,-07,18:00,+05,19:13,+20,19:36,+25,19:59,+30,21:12,+45,22:09,+58
-239-May-09,T, 2.835, 1.771,19:05,+03,20:13,+16,21:18,+28,22:11,+36,23:04,+42,00:08,+46,01:17,+44
-238-Apr-28,P, 1.423, 0.402,23:51,+50,01:13,+48,-,-,02:23,+41,-,-,03:34,+29,04:55,+13
-238-Oct-23,P, 1.073, 0.026,18:53,+13,20:52,+38,-,-,21:10,+42,-,-,21:29,+46,23:28,+69
-237-Mar-20,N, 0.845,-0.113,03:38,+38,-,-,-,-,05:32,+13,-,-,-,-,07:27,-11
-237-Sep-13,N, 0.593,-0.499,04:35,+20,-,-,-,-,06:30,-05,-,-,-,-,08:24,-29
-236-Mar-08,T, 2.144, 1.188,19:37,+16,20:34,+28,21:42,+42,22:12,+48,22:43,+54,23:51,+65,00:47,+68
-236-Sep-01,P, 1.917, 0.853,04:14,+22,05:28,+07,-,-,07:06,-14,-,-,08:44,-35,09:58,-50
-234-Feb-15,N, 0.831,-0.226,19:12,+13,-,-,-,-,21:19,+40,-,-,-,-,23:26,+67
-234-Aug-11,P, 1.122, 0.163,01:48,+40,03:13,+29,-,-,03:56,+22,-,-,04:39,+14,06:04,-02
-233-Jan-06,N, 0.781,-0.319,01:59,+69,-,-,-,-,04:08,+41,-,-,-,-,06:16,+14
-233-Dec-26,T, 2.079, 1.017,03:05,+53,04:16,+38,05:47,+19,05:57,+17,06:08,+14,07:39,-04,08:50,-16
-232-Jun-20,T, 2.579, 1.572,23:13,+37,00:14,+39,01:16,+37,02:05,+33,02:54,+27,03:56,+18,04:57,+07
-231-Jun-10,P, 1.713, 0.657,05:04,+03,06:23,-12,-,-,07:52,-31,-,-,09:22,-50,10:41,-66
-231-Dec-04,P, 1.153, 0.180,03:15,+48,04:39,+30,-,-,05:24,+21,-,-,06:09,+12,07:32,-04
-230-Apr-30,N, 0.281,-0.774,17:00,-24,-,-,-,-,18:19,-07,-,-,-,-,19:38,+09
-229-Apr-19,P, 1.747, 0.740,21:46,+38,22:56,+48,-,-,00:25,+53,-,-,01:54,+47,03:04,+37
-229-Oct-14,P, 2.021, 0.960,14:47,-41,15:58,-27,-,-,17:38,-06,-,-,19:19,+15,20:30,+31
-228-Oct-02,T, 2.484, 1.388,16:08,-27,17:21,-12,18:30,+03,19:15,+13,20:00,+23,21:09,+38,22:22,+52
-227-Mar-29,P, 1.214, 0.266,03:59,+31,05:15,+14,-,-,06:09,+03,-,-,07:04,-09,08:20,-26
-227-Sep-21,P, 1.203, 0.123,16:25,-26,18:13,-03,-,-,18:56,+06,-,-,19:38,+16,21:26,+38
-225-Feb-06,T, 2.260, 1.186,14:18,-40,15:29,-31,16:45,-18,17:18,-12,17:51,-05,19:06,+10,20:17,+26
-225-Aug-02,T, 2.150, 1.200,01:20,+40,02:16,+35,03:23,+26,03:55,+21,04:26,+16,05:33,+03,06:29,-08
-224-Jan-26,T, 2.249, 1.151,14:18,-38,15:33,-28,16:52,-15,17:22,-09,17:53,-03,19:12,+13,20:27,+29
-224-Jul-21,T, 2.186, 1.231,18:12,-13,19:09,-01,20:15,+11,20:49,+17,21:22,+23,22:29,+33,23:25,+39
-223-Jan-14,N, 0.991,-0.079,15:53,-23,-,-,-,-,18:10,+02,-,-,-,-,20:27,+31
-223-Jun-11,N, 0.050,-0.972,23:32,+37,-,-,-,-,00:05,+38,-,-,-,-,00:38,+38
-222-Jun-01,P, 1.386, 0.322,01:22,+38,02:54,+27,-,-,04:01,+16,-,-,05:08,+04,06:40,-14
-222-Nov-25,T, 2.070, 1.099,01:59,+64,02:57,+52,04:10,+36,04:32,+31,04:55,+26,06:08,+11,07:06,-01
-221-May-21,T, 2.786, 1.726,01:35,+39,02:43,+31,03:47,+21,04:40,+11,05:33,+01,06:37,-13,07:45,-27
-221-Nov-14,T, 2.400, 1.403,16:44,-11,17:43,+01,18:45,+14,19:27,+22,20:09,+32,21:11,+45,22:10,+58
-220-Nov-03,P, 1.084, 0.032,03:13,+44,05:11,+19,-,-,05:32,+15,-,-,05:53,+10,07:50,-14
-219-Apr-28,N, 0.248,-0.717,20:05,+16,-,-,-,-,21:12,+29,-,-,-,-,22:19,+40
-218-Mar-20,T, 2.055, 1.100,03:38,+38,04:36,+26,05:49,+10,06:12,+05,06:35,+00,07:49,-16,08:46,-28
-217-Mar-09,T, 2.296, 1.299,17:59,-06,19:00,+07,20:06,+21,20:45,+30,21:23,+38,22:29,+51,23:30,+62
-217-Sep-01,T, 2.525, 1.519,19:07,+04,20:07,+17,21:09,+29,21:55,+37,22:42,+44,23:44,+51,00:44,+53
-216-Feb-27,N, 0.896,-0.161,02:44,+57,-,-,-,-,04:55,+28,-,-,-,-,07:06,+00
-215-Jul-12,P, 1.066, 0.103,18:35,-08,20:07,+10,-,-,20:42,+16,-,-,21:17,+22,22:49,+34
-214-Dec-25,T, 2.371, 1.370,20:58,+43,21:57,+56,23:00,+69,23:41,+78,00:22,+86,01:26,+78,02:25,+65
-212-May-11,N, 0.138,-0.914,00:00,+47,-,-,-,-,00:56,+46,-,-,-,-,01:52,+42
-212-Nov-04,N, 0.762,-0.249,15:46,-25,-,-,-,-,17:40,-02,-,-,-,-,19:35,+22
-211-Apr-30,P, 1.616, 0.614,05:00,+10,06:11,-05,-,-,07:34,-22,-,-,08:57,-40,10:08,-55
-211-Oct-24,P, 1.996, 0.930,22:55,+65,00:08,+73,-,-,01:47,+62,-,-,03:27,+42,04:39,+27
-210-Apr-19,T, 2.651, 1.695,18:22,-04,19:16,+07,20:14,+19,21:03,+28,21:52,+37,22:49,+45,23:44,+50
-210-Oct-13,T, 2.528, 1.428,23:52,+68,01:04,+66,02:13,+55,02:59,+46,03:46,+36,04:54,+21,06:07,+06
-209-Oct-03,P, 1.259, 0.178,00:06,+65,01:49,+57,-,-,02:39,+48,-,-,03:29,+38,05:12,+16
-208-Feb-28,N, 0.884,-0.132,16:56,-18,-,-,-,-,19:01,+07,-,-,-,-,21:05,+34
-208-Aug-22,N, 0.701,-0.287,18:41,-04,-,-,-,-,20:31,+18,-,-,-,-,22:20,+37
-207-Feb-16,T, 2.195, 1.121,21:57,+49,23:08,+64,00:28,+76,00:56,+76,01:23,+74,02:43,+59,03:55,+44
-206-Feb-05,T, 2.301, 1.206,21:54,+50,23:07,+66,00:23,+79,00:58,+79,01:33,+75,02:49,+59,04:03,+43
-206-Aug-02,T, 2.297, 1.338,01:53,+38,02:49,+31,03:52,+22,04:31,+15,05:10,+07,06:13,-05,07:09,-16
-205-Jan-25,N, 1.027,-0.037,23:51,+77,-,-,-,-,02:09,+68,-,-,-,-,04:28,+38
-205-Jul-22,N, 0.885,-0.119,15:57,-42,-,-,-,-,18:00,-16,-,-,-,-,20:04,+09
-205-Dec-16,N, 0.838,-0.151,20:15,+34,-,-,-,-,22:11,+59,-,-,-,-,00:07,+84
-203-Nov-25,T, 2.401, 1.401,01:32,+70,02:31,+57,03:33,+44,04:15,+35,04:58,+26,06:00,+13,06:59,+01
-201-Apr-10,N, 0.644,-0.306,19:25,+09,-,-,-,-,21:07,+30,-,-,-,-,22:48,+47
-201-May-10,N, 0.382,-0.580,03:13,+30,-,-,-,-,04:35,+15,-,-,-,-,05:57,-02
-201-Oct-04,N, 0.484,-0.614,19:49,+22,-,-,-,-,21:34,+44,-,-,-,-,23:18,+63
-200-Sep-22,P, 1.790, 0.724,19:31,+15,20:48,+32,-,-,22:20,+49,-,-,23:51,+61,01:08,+60
-199-Mar-20,T, 2.384, 1.386,01:43,+60,02:43,+50,03:47,+37,04:29,+28,05:12,+19,06:16,+05,07:16,-08
-199-Sep-12,T, 2.594, 1.588,03:05,+37,04:05,+25,05:06,+13,05:54,+03,06:42,-07,07:42,-20,08:42,-33
-198-Sep-01,P, 1.293, 0.332,17:45,-14,19:00,+02,-,-,20:00,+14,-,-,21:00,+26,22:14,+39
-197-Jan-27,N, 0.713,-0.379,17:43,-04,-,-,-,-,19:46,+21,-,-,-,-,21:50,+48
-197-Jul-24,N, 0.947,-0.020,02:14,+35,-,-,-,-,04:15,+17,-,-,-,-,06:17,-06
-196-Jan-16,P, 2.040, 0.989,19:39,+22,20:48,+37,-,-,22:29,+59,-,-,00:09,+80,01:19,+81
-195-Jan-05,T, 2.382, 1.385,05:39,+20,06:38,+08,07:41,-04,08:22,-12,09:04,-19,10:06,-28,11:06,-35
-195-Jul-01,P, 2.024, 0.962,17:59,-16,19:13,-01,-,-,20:56,+17,-,-,22:39,+32,23:53,+37
-195-Dec-25,P, 1.163, 0.193,21:06,+45,22:28,+62,-,-,23:15,+72,-,-,00:01,+82,01:23,+79
-194-Jun-20,N, 0.637,-0.428,19:35,+04,-,-,-,-,21:31,+23,-,-,-,-,23:28,+36
-194-Nov-16,N, 0.752,-0.263,00:27,+79,-,-,-,-,02:21,+59,-,-,-,-,04:15,+35
-192-Apr-30,T, 2.777, 1.824,01:54,+43,02:48,+35,03:45,+25,04:34,+16,05:24,+06,06:21,-06,07:15,-18
-191-Apr-19,P, 1.435, 0.490,19:19,+08,20:27,+21,-,-,21:38,+34,-,-,22:49,+45,23:56,+50
-190-Mar-11,N, 0.796,-0.221,00:45,+70,-,-,-,-,02:45,+54,-,-,-,-,04:44,+29
-190-Sep-03,N, 0.632,-0.356,02:44,+39,-,-,-,-,04:28,+20,-,-,-,-,06:12,-01
-189-Feb-28,T, 2.115, 1.043,05:25,+20,06:38,+04,08:06,-14,08:23,-18,08:40,-21,10:08,-38,11:21,-49
-189-Aug-23,T, 1.967, 1.013,17:18,-22,18:16,-10,19:41,+08,19:49,+10,19:58,+12,21:23,+28,22:21,+38
-188-Feb-17,T, 2.364, 1.274,05:21,+22,06:34,+07,07:47,-09,08:26,-17,09:06,-24,10:19,-37,11:32,-47
-187-Aug-01,N, 0.997,-0.012,23:09,+40,-,-,-,-,01:20,+42,-,-,-,-,03:30,+27
-187-Dec-27,N, 0.836,-0.150,05:05,+27,-,-,-,-,07:01,+04,-,-,-,-,08:56,-17
-186-Dec-16,T, 2.066, 1.094,19:53,+30,20:51,+42,22:05,+58,22:27,+62,22:49,+67,00:03,+83,01:01,+83
-185-Jun-11,T, 2.465, 1.408,14:34,-59,15:43,-44,16:51,-30,17:37,-20,18:23,-11,19:31,+02,20:39,+15
-184-May-30,P, 1.858, 0.850,20:32,+17,21:39,+28,-,-,23:14,+39,-,-,00:48,+41,01:56,+37
-184-Nov-24,P, 1.090, 0.030,20:02,+32,22:01,+58,-,-,22:22,+62,-,-,22:42,+66,00:42,+81
-183-Apr-21,N, 0.531,-0.416,03:13,+32,-,-,-,-,04:46,+15,-,-,-,-,06:19,-05
-183-Oct-15,N, 0.448,-0.652,03:38,+37,-,-,-,-,05:19,+15,-,-,-,-,07:00,-06
-182-Apr-10,P, 1.843, 0.891,19:18,+08,20:18,+21,-,-,21:48,+38,-,-,23:19,+51,00:19,+55
-182-Oct-04,P, 1.747, 0.681,03:25,+37,04:43,+21,-,-,06:12,+02,-,-,07:42,-17,08:59,-33
-180-Mar-19,P, 1.068, 0.012,17:15,-17,19:23,+11,-,-,19:36,+13,-,-,19:49,+16,21:58,+43
-180-Sep-12,P, 1.359, 0.396,01:59,+48,03:10,+36,-,-,04:15,+24,-,-,05:20,+11,06:32,-04
-179-Feb-07,N, 0.663,-0.425,01:26,+74,-,-,-,-,03:25,+50,-,-,-,-,05:24,+24
-179-Sep-01,N, 0.105,-0.857,19:56,+13,-,-,-,-,20:39,+22,-,-,-,-,21:23,+30
-178-Jan-27,P, 2.008, 0.963,03:49,+45,04:58,+30,-,-,06:37,+09,-,-,08:16,-11,09:26,-24
-178-Jul-23,T, 2.177, 1.154,20:25,+14,21:31,+25,22:46,+35,23:16,+38,23:46,+40,01:01,+41,02:06,+37
-177-Jan-16,T, 2.400, 1.408,14:16,-36,15:14,-29,16:16,-19,16:59,-12,17:41,-04,18:43,+08,19:42,+20
-177-Jul-13,T, 2.172, 1.107,00:32,+39,01:44,+36,03:06,+26,03:32,+22,03:58,+18,05:20,+03,06:32,-11
-176-Jan-06,P, 1.173, 0.204,05:57,+17,07:18,+01,-,-,08:06,-08,-,-,08:54,-17,10:15,-29
-176-Jul-01,N, 0.792,-0.273,01:53,+33,-,-,-,-,04:01,+16,-,-,-,-,06:09,-08
-175-May-21,P, 1.340, 0.348,19:22,+05,20:41,+20,-,-,21:46,+30,-,-,22:50,+38,00:10,+43
-175-Nov-15,P, 1.970, 0.895,15:25,-26,16:39,-13,-,-,18:18,+07,-,-,19:57,+29,21:11,+45
-174-Nov-04,T, 2.584, 1.479,15:40,-25,16:52,-11,18:00,+03,18:48,+13,19:36,+24,20:44,+39,21:56,+54
-173-May-01,P, 1.557, 0.613,02:52,+34,03:56,+22,-,-,05:14,+07,-,-,06:32,-10,07:36,-23
-173-Oct-24,P, 1.333, 0.251,15:58,-24,17:35,-04,-,-,18:33,+09,-,-,19:32,+22,21:08,+43
-172-Apr-19,N, 0.154,-0.828,19:44,+12,-,-,-,-,20:38,+23,-,-,-,-,21:32,+32
-172-Oct-12,N, 0.131,-0.894,23:35,+69,-,-,-,-,00:27,+70,-,-,-,-,01:18,+66
-171-Sep-03,P, 1.893, 0.936,01:28,+49,02:27,+42,-,-,03:58,+26,-,-,05:29,+08,06:28,-04
-170-Feb-27,T, 2.443, 1.357,12:39,-54,13:51,-50,15:01,-41,15:45,-33,16:29,-25,17:39,-11,18:51,+04
-170-Aug-23,T, 2.489, 1.520,17:34,-18,18:30,-06,19:29,+07,20:15,+16,21:00,+25,22:00,+35,22:56,+44
-169-Feb-16,P, 1.133, 0.081,15:27,-34,17:16,-13,-,-,17:50,-07,-,-,18:23,+00,20:12,+23
-168-Jul-02,N, 0.913,-0.157,21:04,+19,-,-,-,-,23:21,+35,-,-,-,-,01:37,+36
-168-Dec-27,T, 2.058, 1.087,04:47,+31,05:45,+19,07:00,+04,07:21,+00,07:42,-04,08:57,-17,09:55,-26
-167-Jun-21,T, 2.307, 1.252,21:08,+21,22:18,+31,23:31,+37,00:09,+38,00:47,+38,01:59,+34,03:09,+25
-167-Dec-16,T, 2.403, 1.399,19:06,+19,20:06,+32,21:09,+45,21:51,+54,22:33,+63,23:36,+77,00:35,+86
-166-Jun-11,T, 2.008, 1.003,03:26,+21,04:31,+10,06:06,-08,06:11,-09,06:15,-10,07:50,-29,08:56,-43
-166-Dec-06,P, 1.088, 0.026,04:28,+32,06:29,+07,-,-,06:48,+03,-,-,07:07,-01,09:09,-23
-165-May-31,N, 0.656,-0.300,17:36,-18,-,-,-,-,19:20,+02,-,-,-,-,21:03,+21
-164-Apr-21,P, 1.724, 0.771,02:59,+35,04:01,+24,-,-,05:27,+06,-,-,06:53,-12,07:55,-25
-163-Apr-10,T, 2.599, 1.600,16:40,-26,17:40,-14,18:41,-01,19:30,+10,20:19,+20,21:19,+32,22:19,+42
-163-Oct-03,T, 2.689, 1.683,19:32,+18,20:32,+31,21:31,+43,22:20,+52,23:09,+60,00:09,+66,01:08,+64
-162-Mar-31,P, 1.174, 0.118,00:15,+61,02:01,+54,-,-,02:42,+47,-,-,03:23,+39,05:09,+18
-161-Aug-14,N, 0.738,-0.241,17:46,-16,-,-,-,-,19:37,+07,-,-,-,-,21:27,+28
-161-Sep-13,N, 0.164,-0.803,03:59,+27,-,-,-,-,04:53,+16,-,-,-,-,05:47,+05
-160-Aug-03,T, 2.061, 1.031,03:38,+24,04:46,+11,06:14,-06,06:28,-09,06:42,-12,08:10,-30,09:17,-44
-159-Jan-26,T, 2.428, 1.440,22:47,+63,23:45,+75,00:46,+83,01:29,+77,02:13,+68,03:14,+55,04:12,+43
-158-Jan-16,P, 1.192, 0.225,14:41,-33,16:01,-21,-,-,16:51,-13,-,-,17:41,-04,19:01,+12
-158-Dec-07,N, 0.738,-0.283,17:52,+03,-,-,-,-,19:46,+26,-,-,-,-,21:40,+51
-157-Jun-02,P, 1.201, 0.212,02:34,+31,04:01,+17,-,-,04:52,+08,-,-,05:43,-02,07:10,-20
-157-Nov-26,P, 1.962, 0.884,23:43,+80,00:58,+78,-,-,02:36,+57,-,-,04:15,+36,05:29,+20
-156-May-21,T, 2.619, 1.672,16:50,-27,17:44,-16,18:41,-05,19:30,+05,20:18,+14,21:16,+24,22:09,+32
-156-Nov-14,T, 2.598, 1.492,23:42,+79,00:54,+76,02:02,+63,02:50,+53,03:39,+42,04:46,+27,05:59,+12
-155-Nov-04,P, 1.354, 0.272,00:06,+78,01:41,+66,-,-,02:42,+53,-,-,03:42,+40,05:18,+19
-154-Apr-01,N, 0.581,-0.436,15:58,-35,-,-,-,-,17:43,-13,-,-,-,-,19:28,+09
-154-May-01,N, 0.272,-0.712,02:46,+34,-,-,-,-,03:57,+22,-,-,-,-,05:09,+08
-154-Sep-24,N, 0.534,-0.455,19:16,+10,-,-,-,-,20:52,+31,-,-,-,-,22:28,+49
-153-Mar-21,P, 1.912, 0.843,19:52,+18,21:08,+34,-,-,22:47,+53,-,-,00:25,+64,01:41,+60
-152-Mar-09,T, 2.534, 1.453,19:50,+19,21:01,+34,22:09,+48,22:56,+57,23:43,+64,00:51,+68,02:02,+61
-152-Sep-03,T, 2.569, 1.595,01:34,+49,02:30,+41,03:29,+32,04:16,+23,05:04,+13,06:02,+01,06:58,-11
-151-Feb-26,P, 1.204, 0.158,23:04,+62,00:43,+72,-,-,01:30,+68,-,-,02:16,+61,03:55,+41
-150-Jan-17,N, 0.807,-0.172,22:33,+61,-,-,-,-,00:26,+84,-,-,-,-,02:19,+68
-150-Jul-14,N, 0.767,-0.306,03:46,+19,-,-,-,-,05:53,-04,-,-,-,-,08:00,-30
-149-Jan-07,T, 2.044, 1.074,13:37,-38,14:35,-32,15:51,-22,16:11,-19,16:30,-16,17:46,-02,18:44,+09
-149-Jul-03,T, 2.158, 1.103,03:49,+17,04:59,+05,06:21,-11,06:46,-16,07:12,-21,08:33,-38,09:44,-53
-149-Dec-28,T, 2.410, 1.404,03:48,+44,04:48,+31,05:51,+18,06:33,+09,07:16,+01,08:19,-11,09:19,-21
-147-May-12,N, 0.286,-0.657,18:42,-04,-,-,-,-,19:52,+10,-,-,-,-,21:01,+22
-147-Jun-11,N, 0.795,-0.159,00:51,+40,-,-,-,-,02:43,+30,-,-,-,-,04:35,+12
-147-Nov-05,N, 0.407,-0.697,19:33,+25,-,-,-,-,21:09,+46,-,-,-,-,22:46,+66
-146-Oct-25,P, 1.697, 0.632,19:39,+25,20:57,+42,-,-,22:24,+60,-,-,23:50,+74,01:08,+71
-145-Apr-21,T, 2.725, 1.724,23:56,+52,00:56,+51,01:56,+46,02:47,+38,03:37,+29,04:37,+18,05:37,+06
-145-Oct-15,T, 2.717, 1.712,04:00,+31,04:59,+18,05:58,+06,06:47,-05,07:37,-15,08:36,-27,09:35,-38
-144-Oct-03,P, 1.455, 0.488,18:50,+08,19:59,+23,-,-,21:10,+38,-,-,22:21,+52,23:30,+62
-143-Feb-28,N, 0.524,-0.553,16:30,-25,-,-,-,-,18:17,-03,-,-,-,-,20:04,+20
-143-Aug-25,N, 0.650,-0.334,01:42,+46,-,-,-,-,03:27,+31,-,-,-,-,05:12,+11
-142-Feb-17,P, 1.907, 0.874,19:48,+20,20:57,+35,-,-,22:33,+56,-,-,00:08,+72,01:18,+73
-141-Aug-03,T, 2.443, 1.369,13:55,-68,15:06,-53,16:15,-38,17:00,-29,17:44,-20,18:54,-05,20:04,+09
-140-Jan-27,P, 1.219, 0.255,23:20,+71,00:38,+83,-,-,01:31,+77,-,-,02:24,+66,03:42,+49
-140-Jul-22,P, 1.082, 0.016,14:54,-56,17:03,-29,-,-,17:19,-26,-,-,17:34,-23,19:44,+03
-140-Dec-18,N, 0.731,-0.292,02:33,+60,-,-,-,-,04:27,+35,-,-,-,-,06:21,+12
-138-Jun-02,T, 2.480, 1.535,00:18,+41,01:12,+39,02:10,+34,02:56,+28,03:42,+20,04:41,+10,05:35,+00
-137-May-22,P, 1.822, 0.877,17:45,-16,18:44,-04,-,-,20:14,+13,-,-,21:44,+28,22:43,+36
-136-Apr-11,N, 0.457,-0.561,23:25,+53,-,-,-,-,00:59,+56,-,-,-,-,02:34,+45
-136-Oct-05,N, 0.500,-0.488,03:43,+34,-,-,-,-,05:16,+14,-,-,-,-,06:49,-06
-136-Nov-03,N, 0.182,-0.840,16:26,-16,-,-,-,-,17:26,-04,-,-,-,-,18:25,+09
-135-Apr-01,P, 1.791, 0.723,02:52,+44,04:11,+29,-,-,05:44,+09,-,-,07:17,-12,08:36,-29
-135-Sep-24,P, 1.781, 0.820,18:13,-03,19:14,+11,-,-,20:41,+29,-,-,22:08,+46,23:09,+56
-134-Mar-21,T, 2.642, 1.565,02:50,+48,04:00,+34,05:06,+19,05:56,+08,06:46,-03,07:53,-17,09:03,-32
-133-Mar-10,P, 1.290, 0.251,06:32,+02,08:03,-18,-,-,09:00,-29,-,-,09:58,-40,11:29,-55
-133-Sep-03,P, 1.269, 0.240,21:33,+35,23:02,+49,-,-,23:58,+54,-,-,00:53,+54,02:23,+45
-132-Jan-29,N, 0.777,-0.197,07:09,+02,-,-,-,-,09:00,-19,-,-,-,-,10:51,-36
-132-Feb-27,N, 0.049,-0.938,18:37,+02,-,-,-,-,19:08,+09,-,-,-,-,19:38,+16
-131-Jan-17,T, 2.022, 1.054,22:22,+59,23:21,+72,00:39,+85,00:56,+84,01:13,+81,02:31,+65,03:29,+52
-130-Jul-02,T, 2.293, 1.293,17:32,-21,18:34,-09,19:41,+04,20:20,+11,20:59,+18,22:06,+28,23:08,+35
-130-Dec-27,P, 1.095, 0.028,21:11,+45,23:13,+71,-,-,23:32,+76,-,-,23:52,+80,01:54,+72
-129-May-24,N, 0.157,-0.783,02:29,+31,-,-,-,-,03:21,+24,-,-,-,-,04:13,+15
-129-Nov-17,N, 0.397,-0.708,03:38,+42,-,-,-,-,05:13,+21,-,-,-,-,06:48,+01
-128-May-12,P, 1.463, 0.510,18:07,-10,19:15,+03,-,-,20:28,+17,-,-,21:41,+29,22:49,+38
-128-Nov-05,P, 1.684, 0.620,03:56,+35,05:14,+18,-,-,06:40,+00,-,-,08:05,-17,09:23,-30
-127-Oct-25,T, 2.736, 1.732,12:34,-52,13:33,-48,14:32,-40,15:21,-32,16:11,-22,17:09,-11,18:08,+02
-126-Apr-21,P, 1.425, 0.369,13:49,-63,15:17,-46,-,-,16:27,-31,-,-,17:37,-16,19:05,+02
-126-Oct-15,P, 1.485, 0.517,03:28,+38,04:36,+24,-,-,05:49,+08,-,-,07:02,-07,08:09,-21
-125-Mar-11,N, 0.436,-0.636,23:53,+65,-,-,-,-,01:31,+63,-,-,-,-,03:09,+47
-125-Oct-04,N, 0.248,-0.728,20:35,+30,-,-,-,-,21:41,+44,-,-,-,-,22:47,+56
-124-Feb-29,P, 1.837, 0.811,03:37,+43,04:47,+28,-,-,06:19,+08,-,-,07:52,-12,09:02,-26
-124-Aug-24,P, 1.860, 0.818,18:23,-06,19:35,+09,-,-,21:09,+27,-,-,22:44,+43,23:56,+50
-123-Feb-17,T, 2.516, 1.539,15:28,-33,16:25,-23,17:24,-12,18:10,-02,18:57,+07,19:56,+20,20:53,+32
-123-Aug-13,T, 2.563, 1.485,20:47,+21,21:58,+33,23:05,+42,23:53,+46,00:42,+46,01:49,+43,02:59,+34
-122-Aug-02,P, 1.212, 0.145,21:38,+27,23:24,+40,-,-,00:09,+42,-,-,00:55,+42,02:40,+34
-121-Jun-23,N, 0.931,-0.052,17:08,-26,-,-,-,-,19:12,-01,-,-,-,-,21:15,+21
-121-Dec-18,P, 1.948, 0.866,16:17,-15,17:32,-01,-,-,19:11,+18,-,-,20:49,+39,22:05,+56
-120-Dec-06,T, 2.619, 1.512,15:51,-19,17:04,-06,18:11,+07,19:00,+17,19:49,+28,20:56,+42,22:09,+58
-119-Jun-02,T, 1.959, 1.013,01:08,+39,02:05,+33,03:31,+21,03:40,+20,03:48,+19,05:14,+03,06:12,-08
-119-Nov-25,P, 1.377, 0.299,16:37,-11,18:10,+08,-,-,19:13,+21,-,-,20:16,+34,21:49,+54
-118-May-22,N, 0.527,-0.461,16:43,-30,-,-,-,-,18:21,-09,-,-,-,-,19:59,+10
-118-Nov-15,N, 0.196,-0.825,01:02,+76,-,-,-,-,02:04,+63,-,-,-,-,03:06,+50
-117-Oct-06,P, 1.743, 0.779,02:46,+45,03:48,+33,-,-,05:14,+15,-,-,06:39,-03,07:41,-16
-116-Sep-24,T, 2.690, 1.705,17:59,-05,18:56,+07,19:54,+20,20:43,+30,21:32,+40,22:30,+51,23:27,+59
-115-Mar-20,P, 1.387, 0.354,13:54,-56,15:19,-42,-,-,16:26,-29,-,-,17:32,-15,18:57,+03
-115-Sep-14,P, 1.338, 0.302,05:15,+11,06:42,-08,-,-,07:43,-21,-,-,08:45,-34,10:12,-51
-114-Feb-08,N, 0.738,-0.232,15:39,-29,-,-,-,-,17:28,-10,-,-,-,-,19:16,+12
-114-Mar-10,N, 0.127,-0.855,02:17,+56,-,-,-,-,03:06,+47,-,-,-,-,03:54,+37
-114-Aug-04,N, 0.505,-0.574,17:30,-22,-,-,-,-,19:16,+00,-,-,-,-,21:02,+20
-113-Jan-29,T, 1.989, 1.022,07:00,+03,07:59,-08,09:22,-24,09:33,-25,09:44,-27,11:07,-39,12:06,-44
-113-Jul-24,P, 1.882, 0.828,17:28,-23,18:42,-07,-,-,20:19,+12,-,-,21:56,+28,23:10,+37
-112-Jan-18,T, 2.442, 1.434,20:58,+40,21:58,+53,23:01,+66,23:45,+76,00:28,+83,01:31,+78,02:31,+65
-112-Jul-13,T, 2.425, 1.427,00:45,+39,01:45,+36,02:49,+29,03:33,+22,04:18,+15,05:21,+04,06:22,-08
-111-Jan-07,P, 1.107, 0.040,05:24,+23,07:23,-01,-,-,07:47,-06,-,-,08:11,-10,10:09,-30
-111-Jul-02,P, 1.065, 0.113,15:32,-47,17:01,-29,-,-,17:37,-21,-,-,18:14,-14,19:43,+04
-110-May-24,P, 1.324, 0.369,01:35,+38,02:48,+29,-,-,03:51,+19,-,-,04:55,+07,06:08,-07
-110-Nov-16,P, 1.679, 0.617,12:19,-45,13:37,-41,-,-,15:02,-30,-,-,16:27,-15,17:45,+00
-109-May-13,T, 2.722, 1.718,14:11,-62,15:12,-49,16:12,-36,17:03,-25,17:54,-15,18:55,-02,19:55,+10
-109-Nov-05,T, 2.747, 1.743,21:15,+47,22:13,+60,23:12,+71,00:01,+78,00:51,+75,01:49,+65,02:48,+53
-108-May-01,P, 1.566, 0.510,20:24,+20,21:47,+35,-,-,23:08,+45,-,-,00:29,+49,01:52,+44
-107-Apr-20,N, 0.187,-0.885,22:48,+46,-,-,-,-,23:54,+52,-,-,-,-,01:00,+52
-107-Sep-15,N, 0.510,-0.486,17:54,-08,-,-,-,-,19:29,+13,-,-,-,-,21:04,+33
-107-Oct-15,N, 0.273,-0.708,05:06,+17,-,-,-,-,06:16,+02,-,-,-,-,07:25,-13
-106-Sep-05,P, 1.779, 0.730,01:55,+47,03:10,+36,-,-,04:41,+18,-,-,06:12,-01,07:26,-17
-105-Feb-28,T, 2.579, 1.607,23:38,+68,00:34,+72,01:32,+68,02:20,+60,03:07,+51,04:06,+39,05:02,+27
-105-Aug-25,T, 2.670, 1.587,03:48,+25,04:59,+12,06:05,-02,06:55,-12,07:46,-23,08:52,-37,10:03,-52
-104-Feb-18,P, 1.304, 0.345,16:14,-25,17:27,-11,-,-,18:28,+01,-,-,19:29,+14,20:42,+30
-104-Aug-13,P, 1.332, 0.263,04:32,+15,06:07,-04,-,-,07:08,-16,-,-,08:08,-29,09:43,-50
-103-Jan-08,N, 0.699,-0.328,19:42,+23,-,-,-,-,21:34,+47,-,-,-,-,23:27,+72
-103-Jul-04,N, 0.804,-0.177,00:31,+40,-,-,-,-,02:28,+32,-,-,-,-,04:24,+14
-103-Dec-29,P, 1.934, 0.851,00:29,+86,01:45,+72,-,-,03:23,+51,-,-,05:01,+30,06:17,+14
-102-Jun-23,T, 2.207, 1.264,15:17,-50,16:12,-38,17:17,-25,17:52,-18,18:28,-11,19:32,+02,20:27,+12
-102-Dec-17,T, 2.631, 1.525,23:55,+83,01:07,+79,02:14,+65,03:03,+54,03:53,+43,05:00,+29,06:12,+14
-101-Dec-07,P, 1.387, 0.311,00:55,+80,02:27,+60,-,-,03:31,+46,-,-,04:35,+33,06:07,+14
-100-Jun-01,N, 0.660,-0.331,23:40,+39,-,-,-,-,01:29,+37,-,-,-,-,03:17,+24
-100-Oct-26,N, 0.466,-0.523,20:59,+41,-,-,-,-,22:29,+60,-,-,-,-,23:59,+73
-99-Apr-22,P, 1.515, 0.448,16:29,-30,17:56,-12,-,-,19:13,+05,-,-,20:30,+20,21:56,+36
-98-Apr-11,T, 2.889, 1.821,16:30,-29,17:39,-14,18:43,+00,19:36,+11,20:29,+22,21:34,+34,22:42,+46
-98-Oct-06,T, 2.732, 1.742,02:23,+50,03:20,+39,04:18,+27,05:08,+16,05:57,+06,06:55,-07,07:52,-19
-97-Mar-31,P, 1.498, 0.471,21:08,+33,22:27,+47,-,-,23:43,+57,-,-,00:58,+58,02:17,+50
-96-Feb-20,N, 0.686,-0.280,00:03,+74,-,-,-,-,01:48,+70,-,-,-,-,03:33,+49
-96-Aug-15,N, 0.391,-0.691,00:34,+46,-,-,-,-,02:09,+40,-,-,-,-,03:43,+26
-96-Sep-13,N, 0.023,-1.061,18:37,+01,-,-,-,-,19:00,+06,-,-,-,-,19:24,+11
-95-Feb-08,P, 1.945, 0.980,15:32,-30,16:31,-20,-,-,18:04,-03,-,-,19:37,+17,20:36,+29
-95-Aug-04,P, 1.759, 0.706,00:30,+43,01:46,+39,-,-,03:17,+28,-,-,04:48,+12,06:05,-03
-94-Jan-29,T, 2.471, 1.463,05:22,+24,06:23,+11,07:25,-02,08:10,-11,08:54,-19,09:57,-30,10:57,-38
-93-Jan-18,P, 1.127, 0.060,13:31,-41,15:26,-29,-,-,15:55,-24,-,-,16:24,-19,18:19,+02
-93-Jul-13,P, 1.192, 0.240,23:00,+36,00:19,+40,-,-,01:11,+39,-,-,02:03,+36,03:22,+26
-93-Dec-08,N, 0.383,-0.719,19:52,+29,-,-,-,-,21:26,+50,-,-,-,-,22:59,+70
-92-Nov-26,P, 1.678, 0.618,20:45,+42,22:02,+59,-,-,23:27,+77,-,-,00:52,+81,02:10,+65
-91-May-23,T, 2.578, 1.571,21:11,+25,22:12,+34,23:14,+40,00:03,+42,00:52,+41,01:54,+37,02:55,+29
-91-Nov-16,T, 2.752, 1.750,05:59,+09,06:58,-03,07:56,-14,08:46,-23,09:35,-31,10:33,-39,11:32,-44
-90-May-13,P, 1.715, 0.658,02:55,+31,04:14,+17,-,-,05:44,-01,-,-,07:13,-19,08:32,-36
-90-Nov-05,P, 1.519, 0.548,21:04,+44,22:11,+59,-,-,23:25,+73,-,-,00:39,+77,01:46,+66
-89-May-02,N, 0.331,-0.738,05:00,+11,-,-,-,-,06:27,-08,-,-,-,-,07:54,-26
-89-Sep-27,N, 0.459,-0.543,02:10,+52,-,-,-,-,03:41,+34,-,-,-,-,05:13,+15
-88-Mar-21,P, 1.663, 0.650,18:56,+05,20:07,+20,-,-,21:32,+38,-,-,22:57,+53,00:09,+61
-86-Mar-01,P, 1.366, 0.410,00:27,+73,01:37,+68,-,-,02:43,+56,-,-,03:49,+43,04:59,+27
-85-Jan-20,N, 0.669,-0.358,04:07,+41,-,-,-,-,05:58,+17,-,-,-,-,07:49,-05
-85-Feb-18,N, 0.044,-0.946,17:28,-11,-,-,-,-,17:57,-05,-,-,-,-,18:26,+01
-85-Aug-13,N, 0.154,-0.861,19:04,-01,-,-,-,-,20:00,+10,-,-,-,-,20:56,+20
-84-Jul-03,T, 2.078, 1.133,22:51,+35,23:47,+39,00:58,+39,01:25,+37,01:51,+35,03:02,+27,03:58,+19
-83-Jun-23,T, 2.233, 1.282,15:55,-42,16:51,-30,17:55,-17,18:32,-10,19:09,-03,20:13,+09,21:09,+19
-82-May-14,N, 0.032,-0.992,21:34,+30,-,-,-,-,22:00,+34,-,-,-,-,22:27,+37
-82-Nov-07,N, 0.460,-0.528,05:46,+11,-,-,-,-,07:15,-07,-,-,-,-,08:44,-24
-82-Dec-06,N, 0.213,-0.802,18:24,+11,-,-,-,-,19:28,+24,-,-,-,-,20:32,+38
-81-May-03,P, 1.363, 0.297,23:08,+46,00:42,+48,-,-,01:47,+44,-,-,02:51,+35,04:25,+18
-81-Oct-27,P, 1.697, 0.728,20:14,+32,21:16,+45,-,-,22:40,+62,-,-,00:03,+74,01:06,+71
-80-Apr-21,T, 2.754, 1.690,23:13,+49,00:21,+52,01:26,+49,02:18,+42,03:11,+34,04:15,+22,05:24,+08
-79-Apr-11,P, 1.616, 0.596,04:18,+23,05:33,+07,-,-,06:56,-11,-,-,08:19,-29,09:33,-45
-79-Oct-05,P, 1.435, 0.387,21:05,+39,22:29,+56,-,-,23:38,+66,-,-,00:48,+66,02:12,+55
-78-Mar-31,N, 0.318,-0.652,17:24,-17,-,-,-,-,18:40,-01,-,-,-,-,19:55,+15
-78-Sep-25,N, 0.085,-1.004,01:45,+55,-,-,-,-,02:31,+48,-,-,-,-,03:16,+39
-77-Feb-19,P, 1.889, 0.925,23:55,+73,00:54,+76,-,-,02:26,+62,-,-,03:57,+43,04:57,+30
-76-Feb-09,T, 2.515, 1.506,13:37,-45,14:37,-39,15:39,-31,16:25,-23,17:11,-14,18:13,-02,19:13,+11
-76-Aug-03,T, 2.664, 1.668,15:32,-47,16:31,-34,17:31,-22,18:21,-11,19:10,-01,20:10,+11,21:09,+22
-75-Jan-28,P, 1.160, 0.092,21:28,+45,23:18,+68,-,-,23:54,+75,-,-,00:30,+80,02:20,+66
-75-Dec-19,N, 0.375,-0.726,03:59,+42,-,-,-,-,05:31,+22,-,-,-,-,07:04,+03
-74-Jun-14,P, 1.046, 0.086,16:29,-34,18:03,-15,-,-,18:35,-09,-,-,19:08,-03,20:41,+14
-74-Jul-14,N, 0.014,-0.934,01:38,+38,-,-,-,-,01:53,+37,-,-,-,-,02:09,+35
-74-Dec-08,P, 1.676, 0.620,05:12,+23,06:29,+07,-,-,07:54,-09,-,-,09:18,-23,10:36,-34
-73-Jun-04,T, 2.431, 1.420,04:08,+14,05:10,+03,06:15,-10,07:00,-19,07:45,-29,08:49,-42,09:52,-55
-73-Nov-27,T, 2.752, 1.752,14:48,-30,15:46,-21,16:44,-10,17:34,-01,18:23,+09,19:21,+21,20:19,+33
-72-Nov-16,P, 1.525, 0.554,05:58,+09,07:05,-04,-,-,08:19,-18,-,-,09:34,-31,10:41,-40
-71-Apr-12,N, 0.104,-0.952,21:37,+35,-,-,-,-,22:26,+43,-,-,-,-,23:15,+49
-71-Nov-05,N, 0.295,-0.693,22:29,+62,-,-,-,-,23:41,+75,-,-,-,-,00:54,+74
-70-Apr-02,P, 1.558, 0.552,02:25,+47,03:39,+34,-,-,04:58,+17,-,-,06:17,+00,07:31,-15
-70-Sep-26,P, 1.654, 0.593,17:22,-12,18:41,+05,-,-,20:05,+23,-,-,21:30,+41,22:49,+55
-69-Mar-22,T, 2.739, 1.777,15:36,-38,16:31,-27,17:28,-15,18:17,-05,19:07,+06,20:04,+18,20:59,+29
-69-Sep-15,T, 2.843, 1.752,18:17,-03,19:28,+12,20:33,+26,21:25,+36,22:18,+46,23:23,+55,00:34,+59
-68-Sep-03,P, 1.528, 0.458,18:53,+02,20:18,+19,-,-,21:35,+34,-,-,22:52,+46,00:18,+54
-67-Mar-01,N, 0.096,-0.894,01:20,+71,-,-,-,-,02:03,+64,-,-,-,-,02:46,+56
-67-Aug-24,N, 0.253,-0.761,02:25,+39,-,-,-,-,03:36,+28,-,-,-,-,04:46,+15
-66-Jan-19,P, 1.882, 0.799,16:35,-16,17:52,-01,-,-,19:28,+18,-,-,21:04,+39,22:22,+56
-65-Jan-08,T, 2.666, 1.564,15:53,-21,17:05,-09,18:11,+04,19:02,+14,19:52,+25,20:58,+39,22:10,+55
-65-Jul-04,T, 2.363, 1.409,23:22,+37,00:18,+39,01:19,+37,02:01,+34,02:44,+29,03:45,+20,04:40,+11
-65-Dec-28,P, 1.405, 0.337,17:33,-01,19:02,+17,-,-,20:08,+30,-,-,21:14,+44,22:43,+64
-64-Dec-17,N, 0.222,-0.790,03:06,+53,-,-,-,-,04:11,+39,-,-,-,-,05:16,+25
-63-Nov-07,P, 1.686, 0.715,05:05,+20,06:08,+06,-,-,07:31,-10,-,-,08:54,-26,09:57,-36
-62-Oct-27,T, 2.785, 1.786,19:28,+22,20:26,+35,21:24,+47,22:14,+58,23:03,+67,00:02,+75,01:00,+73
-61-Oct-17,P, 1.467, 0.413,05:10,+16,06:34,-02,-,-,07:46,-17,-,-,08:57,-31,10:21,-44
-60-Mar-12,N, 0.544,-0.413,16:31,-26,-,-,-,-,18:05,-07,-,-,-,-,19:39,+13
-60-Apr-11,N, 0.430,-0.535,00:51,+54,-,-,-,-,02:18,+45,-,-,-,-,03:44,+30
-59-Aug-25,P, 1.556, 0.501,15:02,-51,16:23,-34,-,-,17:43,-17,-,-,19:02,+00,20:23,+17
-58-Feb-19,T, 2.569, 1.561,21:43,+46,22:43,+58,23:44,+70,00:32,+74,01:19,+73,02:20,+63,03:21,+50
-58-Aug-14,T, 2.767, 1.771,23:08,+43,00:07,+46,01:06,+46,01:57,+42,02:47,+36,03:46,+26,04:45,+15
-57-Feb-09,P, 1.204, 0.137,05:15,+24,07:00,+02,-,-,07:44,-07,-,-,08:28,-16,10:12,-35
-56-Jun-24,N, 0.910,-0.054,23:57,+37,-,-,-,-,01:57,+33,-,-,-,-,03:57,+17
-56-Dec-18,P, 1.674, 0.621,13:40,-36,14:56,-28,-,-,16:21,-15,-,-,17:45,+00,19:02,+16
-55-Dec-07,T, 2.752, 1.754,23:37,+80,00:35,+84,01:33,+73,02:22,+62,03:12,+51,04:10,+39,05:07,+27
-54-Jun-03,P, 2.030, 0.969,15:46,-43,16:59,-27,-,-,18:43,-06,-,-,20:26,+14,21:39,+26
-54-Nov-27,P, 1.529, 0.557,14:54,-30,16:01,-19,-,-,17:16,-05,-,-,18:30,+10,19:37,+24
-53-May-23,N, 0.638,-0.426,17:25,-20,-,-,-,-,19:22,+04,-,-,-,-,21:19,+25
-53-Oct-18,N, 0.389,-0.624,18:59,+14,-,-,-,-,20:24,+33,-,-,-,-,21:50,+51
-52-Oct-07,P, 1.610, 0.543,01:15,+63,02:37,+49,-,-,03:58,+32,-,-,05:20,+15,06:41,-03
-51-Apr-01,T, 2.835, 1.877,23:24,+56,00:18,+59,01:15,+57,02:05,+51,02:55,+43,03:51,+33,04:46,+21
-51-Sep-26,T, 2.903, 1.808,01:45,+55,02:56,+42,04:01,+29,04:54,+18,05:46,+07,06:51,-07,08:03,-22
-50-Mar-22,P, 1.524, 0.571,16:29,-27,17:35,-13,-,-,18:51,+03,-,-,20:07,+19,21:12,+33
-50-Sep-15,P, 1.604, 0.533,02:21,+46,03:43,+31,-,-,05:05,+14,-,-,06:27,-03,07:50,-21
-49-Feb-10,N, 0.578,-0.449,20:37,+31,-,-,-,-,22:21,+54,-,-,-,-,00:06,+73
-49-Aug-05,N, 0.477,-0.501,23:23,+43,-,-,-,-,00:54,+45,-,-,-,-,02:26,+38
-48-Jan-31,P, 1.841, 0.758,00:27,+81,01:45,+72,-,-,03:20,+52,-,-,04:54,+32,06:12,+15
-47-Jan-18,T, 2.694, 1.595,23:45,+77,00:57,+83,02:03,+70,02:53,+59,03:44,+48,04:50,+34,06:02,+18
-46-Jan-08,P, 1.422, 0.358,01:47,+72,03:15,+53,-,-,04:23,+39,-,-,05:30,+24,06:58,+06
-46-Jul-04,P, 1.064, 0.060,20:29,+13,22:15,+29,-,-,22:42,+32,-,-,23:11,+35,00:56,+38
-46-Nov-28,N, 0.461,-0.525,23:28,+77,-,-,-,-,00:57,+79,-,-,-,-,02:25,+61
-45-Nov-18,P, 1.679, 0.706,13:59,-39,15:02,-30,-,-,16:25,-16,-,-,17:47,+00,18:50,+14
-44-Nov-07,T, 2.799, 1.796,04:07,+33,05:05,+20,06:04,+08,06:54,-02,07:43,-12,08:42,-23,09:40,-33
-43-May-02,P, 1.882, 0.873,18:25,-05,19:32,+08,-,-,21:07,+26,-,-,22:42,+40,23:50,+46
-43-Oct-27,P, 1.490, 0.431,13:21,-48,14:44,-36,-,-,15:58,-23,-,-,17:11,-09,18:34,+09
-42-Mar-24,N, 0.456,-0.497,00:35,+64,-,-,-,-,02:02,+56,-,-,-,-,03:29,+41
-42-Sep-16,N, 0.133,-0.958,22:45,+50,-,-,-,-,23:41,+56,-,-,-,-,00:38,+58
-42-Oct-16,N, 0.173,-0.924,16:51,-14,-,-,-,-,17:55,+00,-,-,-,-,18:59,+14
-41-Mar-13,P, 1.737, 0.777,16:15,-29,17:17,-16,-,-,18:44,+02,-,-,20:10,+20,21:12,+33
-41-Sep-05,P, 1.476, 0.421,22:33,+45,23:58,+53,-,-,01:11,+52,-,-,02:24,+44,03:49,+30
-40-Mar-02,T, 2.638, 1.629,05:38,+16,06:39,+03,07:39,-10,08:28,-20,09:17,-30,10:18,-41,11:18,-50
-39-Aug-14,P, 1.524, 0.570,22:07,+36,23:12,+44,-,-,00:28,+48,-,-,01:44,+44,02:50,+36
-38-Jan-09,N, 0.342,-0.752,20:06,+29,-,-,-,-,21:34,+48,-,-,-,-,23:02,+67
-38-Dec-29,P, 1.666, 0.617,22:05,+57,23:21,+74,-,-,00:45,+86,-,-,02:09,+69,03:26,+52
-37-Jun-25,T, 2.139, 1.119,18:00,-15,19:06,-02,20:23,+12,20:50,+16,21:17,+21,22:34,+31,23:40,+37
-36-Jun-13,T, 2.190, 1.127,22:09,+31,23:21,+38,00:41,+39,01:10,+38,01:38,+36,02:58,+27,04:10,+16
-36-Dec-07,P, 1.529, 0.558,23:52,+82,00:58,+80,-,-,02:13,+64,-,-,03:28,+48,04:35,+33
-35-Jun-02,N, 0.799,-0.263,23:38,+41,-,-,-,-,01:47,+37,-,-,-,-,03:55,+19
-35-Oct-29,N, 0.368,-0.650,03:32,+40,-,-,-,-,04:55,+22,-,-,-,-,06:18,+05
-35-Nov-27,N, 0.294,-0.700,16:06,-18,-,-,-,-,17:19,-05,-,-,-,-,18:31,+10
-34-Apr-23,P, 1.324, 0.329,17:12,-21,18:33,-04,-,-,19:36,+09,-,-,20:38,+21,21:59,+36
-32-Apr-02,P, 1.618, 0.667,00:20,+60,01:23,+57,-,-,02:44,+45,-,-,04:05,+30,05:08,+17
-31-Feb-21,N, 0.515,-0.513,04:39,+30,-,-,-,-,06:19,+09,-,-,-,-,07:59,-12
-31-Mar-22,N, 0.240,-0.750,16:37,-26,-,-,-,-,17:44,-12,-,-,-,-,18:51,+02
-31-Sep-14,N, 0.409,-0.604,17:50,-11,-,-,-,-,19:19,+08,-,-,-,-,20:47,+27
-30-Aug-05,P, 1.736, 0.788,22:05,+33,23:05,+41,-,-,00:31,+45,-,-,01:57,+41,02:58,+33
-29-Jul-26,T, 2.609, 1.647,14:26,-62,15:21,-50,16:19,-38,17:08,-28,17:56,-18,18:54,-06,19:49,+05
-28-Jul-15,P, 1.191, 0.181,03:30,+22,05:02,+06,-,-,05:50,-03,-,-,06:39,-13,08:11,-32
-27-Jan-07,N, 0.249,-0.754,20:22,+33,-,-,-,-,21:30,+47,-,-,-,-,22:38,+62
-27-Jun-04,N, 0.883,-0.185,18:49,-04,-,-,-,-,21:04,+21,-,-,-,-,23:18,+38
-27-Nov-28,P, 1.675, 0.702,22:55,+70,23:58,+82,-,-,01:21,+74,-,-,02:43,+57,03:47,+43
-26-May-24,T, 2.288, 1.234,18:59,+00,20:09,+13,21:22,+26,21:59,+31,22:36,+36,23:49,+41,00:59,+41
-26-Nov-18,T, 2.807, 1.799,12:49,-44,13:48,-39,14:47,-32,15:37,-24,16:27,-15,17:25,-04,18:24,+08
-25-May-14,T, 2.025, 1.020,01:24,+42,02:29,+34,03:58,+19,04:09,+17,04:20,+15,05:49,-02,06:54,-16
-25-Nov-07,P, 1.502, 0.438,21:37,+53,23:01,+71,-,-,00:15,+80,-,-,01:29,+70,02:53,+52
-24-May-02,N, 0.678,-0.279,15:34,-43,-,-,-,-,17:19,-21,-,-,-,-,19:04,+00
-24-Oct-27,N, 0.202,-0.899,00:39,+74,-,-,-,-,01:48,+63,-,-,-,-,02:57,+49
-23-Mar-24,P, 1.644, 0.684,00:14,+63,01:18,+61,-,-,02:40,+49,-,-,04:02,+33,05:06,+20
-22-Mar-13,T, 2.721, 1.712,13:24,-57,14:24,-50,15:24,-40,16:14,-30,17:05,-20,18:05,-08,19:05,+05
-22-Sep-05,T, 2.776, 1.780,14:50,-51,15:48,-39,16:47,-26,17:37,-15,18:27,-04,19:26,+08,20:24,+20
-21-Mar-02,P, 1.334, 0.268,20:19,+26,21:53,+46,-,-,22:53,+58,-,-,23:54,+67,01:28,+67
-20-Jan-21,N, 0.314,-0.776,04:03,+43,-,-,-,-,05:28,+25,-,-,-,-,06:52,+07
-20-Feb-19,N, 0.014,-1.077,23:02,+61,-,-,-,-,23:21,+65,-,-,-,-,23:39,+68
-20-Aug-14,N, 0.321,-0.638,23:52,+47,-,-,-,-,01:06,+47,-,-,-,-,02:20,+41
-19-Jan-09,P, 1.652, 0.608,06:28,+10,07:44,-04,-,-,09:07,-19,-,-,10:30,-32,11:46,-39
-19-Jul-06,P, 1.996, 0.972,00:57,+38,02:05,+33,-,-,03:45,+19,-,-,05:25,+02,06:33,-11
-19-Dec-29,T, 2.759, 1.768,17:12,-06,18:09,+05,19:07,+17,19:56,+27,20:45,+38,21:43,+50,22:40,+62
-18-Jun-25,T, 2.348, 1.283,04:35,+09,05:46,-04,06:58,-19,07:38,-27,08:18,-35,09:31,-51,10:41,-65
-17-Dec-09,N, 0.290,-0.706,00:56,+80,-,-,-,-,02:08,+65,-,-,-,-,03:21,+49
-16-May-04,P, 1.197, 0.207,00:32,+47,01:58,+40,-,-,02:49,+33,-,-,03:40,+25,05:07,+08
-16-Oct-28,P, 1.555, 0.478,17:21,-05,18:45,+13,-,-,20:03,+30,-,-,21:21,+47,22:46,+64
-15-Apr-23,T, 2.602, 1.652,14:44,-53,15:38,-42,16:35,-30,17:24,-19,18:12,-09,19:09,+03,20:03,+13
-15-Oct-17,T, 2.819, 1.718,17:07,-11,18:19,+05,19:24,+19,20:17,+30,21:09,+42,22:14,+55,23:26,+68
-14-Oct-06,P, 1.716, 0.643,17:47,-05,19:06,+12,-,-,20:34,+31,-,-,22:02,+49,23:22,+63
-13-Apr-03,N, 0.331,-0.659,00:01,+59,-,-,-,-,01:20,+58,-,-,-,-,02:39,+47
-13-Sep-26,N, 0.468,-0.546,01:51,+53,-,-,-,-,03:25,+37,-,-,-,-,04:58,+18
-12-Feb-21,P, 1.717, 0.637,15:42,-32,17:03,-17,-,-,18:32,+02,-,-,20:01,+21,21:22,+38
-11-Feb-09,T, 2.786, 1.695,15:05,-35,16:16,-24,17:21,-11,18:13,-01,19:05,+10,20:10,+24,21:21,+39
-11-Aug-05,T, 2.721, 1.754,22:04,+33,23:00,+40,23:57,+44,00:47,+44,01:37,+42,02:34,+36,03:30,+28
-10-Jan-29,P, 1.483, 0.431,17:59,-01,19:22,+16,-,-,20:35,+32,-,-,21:48,+48,23:11,+66
-10-Dec-20,N, 0.461,-0.521,17:13,-06,-,-,-,-,18:41,+11,-,-,-,-,20:10,+30
-9-Jan-19,N, 0.273,-0.725,04:52,+32,-,-,-,-,06:03,+17,-,-,-,-,07:14,+03
-9-Jun-16,N, 0.723,-0.345,01:24,+38,-,-,-,-,03:27,+23,-,-,-,-,05:31,+01
-8-Jun-04,T, 2.129, 1.078,01:35,+37,02:45,+29,04:09,+15,04:31,+11,04:54,+07,06:18,-09,07:28,-24
-8-Nov-28,T, 2.811, 1.801,21:33,+53,22:32,+66,23:31,+78,00:21,+84,01:11,+77,02:09,+65,03:09,+52
-7-Nov-18,P, 1.511, 0.443,05:56,+11,07:20,-06,-,-,08:34,-20,-,-,09:49,-32,11:13,-41
-6-May-13,N, 0.811,-0.142,22:52,+40,-,-,-,-,00:45,+43,-,-,-,-,02:38,+32
-5-Sep-27,P, 1.356, 0.301,14:05,-54,15:35,-37,-,-,16:38,-24,-,-,17:40,-10,19:10,+09
-4-Mar-23,T, 2.817, 1.808,20:59,+32,22:00,+44,23:00,+54,23:51,+60,00:42,+62,01:42,+58,02:42,+48
-4-Sep-15,T, 2.712, 1.716,22:55,+52,23:53,+58,00:52,+58,01:42,+53,02:31,+46,03:30,+36,04:28,+24
-3-Mar-13,P, 1.423, 0.358,03:33,+41,05:02,+21,-,-,06:11,+06,-,-,07:20,-09,08:49,-28
-3-Sep-05,P, 1.691, 0.733,14:11,-58,15:13,-46,-,-,16:37,-28,-,-,18:01,-10,19:03,+04
-2-Mar-02,N, 0.092,-0.995,05:49,+13,-,-,-,-,06:36,+03,-,-,-,-,07:24,-07
-2-Jul-27,N, 0.531,-0.446,22:39,+34,-,-,-,-,00:15,+41,-,-,-,-,01:52,+38
-1-Jan-20,P, 1.628, 0.589,14:45,-33,16:01,-22,-,-,17:23,-08,-,-,18:45,+08,20:01,+24
0-Jan-10,T, 2.770, 1.783,01:56,+70,02:52,+58,03:50,+45,04:39,+35,05:28,+24,06:26,+12,07:23,+01
0-Dec-29,P, 1.539, 0.569,17:40,+00,18:47,+13,-,-,20:02,+28,-,-,21:18,+44,22:24,+59
1-Nov-19,N, 0.345,-0.682,20:45,+42,-,-,-,-,22:06,+60,-,-,-,-,23:28,+77
2-Nov-09,P, 1.540, 0.459,01:31,+68,02:57,+50,-,-,04:13,+33,-,-,05:30,+17,06:56,-01
3-May-04,T, 2.475, 1.528,22:19,+39,23:13,+44,00:11,+47,00:57,+46,01:43,+43,02:41,+35,03:35,+27
3-Oct-29,T, 2.792, 1.688,00:58,+71,02:10,+58,03:16,+44,04:08,+33,05:00,+22,06:05,+08,07:17,-07
4-Apr-23,P, 1.841, 0.893,15:37,-42,16:36,-29,-,-,18:06,-10,-,-,19:37,+09,20:36,+20
4-Oct-17,P, 1.753, 0.681,01:44,+60,03:03,+45,-,-,04:32,+26,-,-,06:02,+06,07:20,-10
5-Mar-14,N, 0.347,-0.681,20:19,+24,-,-,-,-,21:42,+41,-,-,-,-,23:06,+56
5-Sep-06,N, 0.251,-0.728,23:26,+54,-,-,-,-,00:34,+57,-,-,-,-,01:41,+52
6-Mar-03,P, 1.634, 0.555,23:05,+60,00:29,+70,-,-,01:53,+63,-,-,03:17,+48,04:41,+30
7-Feb-20,T, 2.852, 1.766,22:32,+56,23:42,+69,00:46,+75,01:39,+70,02:32,+60,03:36,+47,04:47,+31
8-Feb-10,P, 1.530, 0.483,01:54,+69,03:15,+53,-,-,04:31,+36,-,-,05:48,+19,07:08,+02
8-Aug-05,P, 1.426, 0.404,17:46,-18,19:06,-01,-,-,20:17,+13,-,-,21:27,+25,22:48,+37
8-Dec-31,N, 0.455,-0.523,02:03,+68,-,-,-,-,03:31,+49,-,-,-,-,04:58,+30
9-Dec-20,P, 1.667, 0.693,16:46,-10,17:50,+02,-,-,19:12,+18,-,-,20:34,+35,21:38,+49
10-Dec-10,T, 2.814, 1.801,06:17,+09,07:16,-03,08:15,-13,09:05,-22,09:55,-29,10:54,-36,11:54,-40
11-Jun-04,T, 2.315, 1.318,15:25,-47,16:26,-34,17:33,-21,18:13,-12,18:52,-05,19:59,+08,21:00,+19
11-Nov-29,P, 1.515, 0.444,14:16,-34,15:40,-21,-,-,16:55,-08,-,-,18:10,+07,19:35,+24
12-Apr-25,N, 0.134,-0.810,00:27,+52,-,-,-,-,01:15,+50,-,-,-,-,02:03,+45
12-Nov-17,N, 0.236,-0.870,16:33,-12,-,-,-,-,17:48,+03,-,-,-,-,19:03,+18
13-Apr-14,P, 1.423, 0.464,15:48,-38,16:58,-24,-,-,18:08,-09,-,-,19:19,+06,20:29,+20
13-Oct-07,P, 1.316, 0.261,22:06,+51,23:37,+65,-,-,00:36,+67,-,-,01:34,+61,03:06,+44
14-Apr-04,T, 2.800, 1.791,04:26,+23,05:27,+10,06:27,-03,07:18,-14,08:09,-25,09:10,-38,10:10,-50
15-Sep-16,P, 1.755, 0.795,22:27,+49,23:28,+57,-,-,00:54,+58,-,-,02:20,+49,03:22,+38
16-Feb-11,N, 0.224,-0.857,19:43,+19,-,-,-,-,20:54,+34,-,-,-,-,22:06,+50
17-Jan-30,P, 1.595, 0.562,22:58,+65,00:14,+79,-,-,01:34,+76,-,-,02:54,+59,04:10,+43
17-Jul-27,P, 1.733, 0.698,15:02,-54,16:16,-39,-,-,17:45,-20,-,-,19:15,-01,20:29,+13
18-Jul-16,T, 2.652, 1.581,17:35,-21,18:45,-07,19:51,+06,20:42,+16,21:33,+24,22:39,+33,23:48,+40
19-Jan-10,P, 1.553, 0.584,02:29,+63,03:34,+48,-,-,04:51,+32,-,-,06:07,+16,07:13,+02
19-Jul-05,P, 1.269, 0.210,18:45,-06,20:24,+13,-,-,21:18,+22,-,-,22:13,+30,23:51,+39
19-Dec-01,N, 0.336,-0.694,05:22,+21,-,-,-,-,06:43,+04,-,-,-,-,08:04,-11
19-Dec-30,N, 0.288,-0.711,18:28,+09,-,-,-,-,19:41,+23,-,-,-,-,20:53,+39
22-May-04,T, 1.967, 1.018,23:06,+45,00:04,+48,01:29,+44,01:39,+43,01:49,+42,03:13,+31,04:11,+20
23-Mar-26,N, 0.242,-0.787,03:57,+31,-,-,-,-,05:08,+17,-,-,-,-,06:19,+01
23-Oct-17,N, 0.549,-0.464,18:24,+05,-,-,-,-,20:04,+26,-,-,-,-,21:43,+48
24-Mar-14,P, 1.538, 0.461,06:19,+03,07:46,-15,-,-,09:04,-32,-,-,10:22,-47,11:49,-59
24-Sep-06,P, 1.489, 0.533,22:18,+45,23:24,+53,-,-,00:38,+56,-,-,01:52,+50,02:58,+40
25-Mar-03,T, 2.868, 1.787,05:51,+13,07:01,-03,08:06,-16,08:58,-27,09:51,-37,10:56,-47,12:05,-55
25-Aug-27,T, 2.784, 1.806,13:42,-66,14:39,-55,15:37,-43,16:27,-33,17:17,-22,18:14,-10,19:11,+02
26-Aug-17,P, 1.529, 0.500,01:02,+46,02:20,+39,-,-,03:38,+27,-,-,04:55,+13,06:13,-03
27-Feb-09,N, 0.348,-0.640,21:32,+44,-,-,-,-,22:51,+61,-,-,-,-,00:10,+76
28-Jan-01,P, 1.657, 0.683,01:38,+73,02:42,+60,-,-,04:03,+42,-,-,05:25,+25,06:29,+11
28-Jun-25,P, 1.820, 0.773,14:53,-55,16:08,-40,-,-,17:42,-20,-,-,19:17,-01,20:32,+13
28-Dec-20,T, 2.819, 1.804,14:58,-28,15:58,-19,16:57,-09,17:47,+01,18:37,+11,19:36,+23,20:36,+36
29-Jun-14,T, 2.460, 1.467,22:28,+33,23:28,+38,00:31,+39,01:17,+37,02:02,+33,03:05,+26,04:05,+16
29-Dec-09,P, 1.519, 0.445,22:35,+66,00:00,+84,-,-,01:15,+78,-,-,02:30,+61,03:55,+43
30-Nov-29,N, 0.247,-0.859,00:35,+84,-,-,-,-,01:51,+68,-,-,-,-,03:08,+51
31-Apr-25,P, 1.299, 0.339,23:26,+49,00:41,+51,-,-,01:42,+46,-,-,02:44,+38,03:59,+25
31-Oct-19,P, 1.290, 0.235,06:15,+02,07:48,-18,-,-,08:44,-28,-,-,09:39,-38,11:12,-51
32-Oct-07,T, 2.622, 1.626,15:33,-33,16:31,-21,17:30,-09,18:18,+02,19:06,+12,20:05,+25,21:04,+38
33-Apr-03,P, 1.640, 0.576,17:31,-15,18:53,+03,-,-,20:18,+21,-,-,21:43,+37,23:04,+50
34-Feb-22,N, 0.158,-0.917,03:24,+49,-,-,-,-,04:24,+36,-,-,-,-,05:24,+23
34-Mar-23,N, 0.289,-0.790,19:21,+10,-,-,-,-,20:43,+27,-,-,-,-,22:05,+43
34-Sep-16,N, 0.534,-0.440,23:44,+59,-,-,-,-,01:19,+57,-,-,-,-,02:54,+43
35-Feb-11,P, 1.549, 0.523,07:04,+01,08:20,-14,-,-,09:38,-29,-,-,10:56,-41,12:12,-48
35-Aug-07,P, 1.614, 0.573,22:11,+33,23:29,+42,-,-,00:52,+44,-,-,02:15,+38,03:33,+27
36-Jan-31,T, 2.820, 1.842,19:05,+13,20:01,+25,20:58,+37,21:48,+48,22:37,+58,23:34,+70,00:30,+79
36-Jul-27,T, 2.794, 1.720,00:13,+42,01:23,+40,02:28,+34,03:20,+27,04:13,+18,05:18,+06,06:28,-08
37-Jul-16,P, 1.418, 0.358,01:18,+39,02:47,+30,-,-,03:57,+19,-,-,05:06,+07,06:35,-11
38-Jan-10,N, 0.294,-0.706,03:07,+54,-,-,-,-,04:21,+38,-,-,-,-,05:34,+22
38-Jun-05,N, 0.798,-0.180,22:25,+32,-,-,-,-,00:21,+39,-,-,-,-,02:17,+32
38-Nov-30,P, 1.522, 0.434,17:56,+05,19:24,+23,-,-,20:39,+39,-,-,21:54,+56,23:22,+75
39-Nov-19,T, 2.762, 1.655,16:58,-07,18:11,+07,19:16,+21,20:08,+32,20:59,+44,22:05,+58,23:17,+73
40-Nov-07,P, 1.797, 0.725,18:03,+05,19:20,+21,-,-,20:51,+41,-,-,22:23,+61,23:40,+75
41-May-04,N, 0.667,-0.327,21:32,+32,-,-,-,-,23:21,+46,-,-,-,-,01:11,+46
41-Oct-28,N, 0.574,-0.438,02:53,+48,-,-,-,-,04:34,+27,-,-,-,-,06:16,+05
42-Mar-25,P, 1.426, 0.351,13:24,-62,14:55,-48,-,-,16:05,-34,-,-,17:14,-20,18:46,+00
43-Mar-14,T, 2.772, 1.696,13:02,-59,14:12,-52,15:16,-42,16:08,-32,17:01,-21,18:05,-07,19:15,+07
43-Sep-07,T, 2.713, 1.730,21:42,+38,22:39,+47,23:37,+54,00:26,+56,01:16,+54,02:14,+47,03:11,+38
44-Mar-02,P, 1.659, 0.626,17:23,-13,18:38,+03,-,-,20:03,+21,-,-,21:27,+39,22:42,+54
45-Jan-21,N, 0.423,-0.549,19:32,+19,-,-,-,-,20:57,+37,-,-,-,-,22:21,+55
45-Feb-20,N, 0.404,-0.579,05:39,+19,-,-,-,-,07:04,+01,-,-,-,-,08:28,-17
45-Jul-17,N, 0.274,-0.800,21:32,+26,-,-,-,-,22:51,+36,-,-,-,-,00:11,+42
46-Jul-06,P, 1.675, 0.629,21:40,+26,22:58,+36,-,-,00:25,+40,-,-,01:52,+36,03:10,+27
46-Dec-31,T, 2.828, 1.811,23:35,+77,00:35,+86,01:35,+75,02:25,+64,03:15,+53,04:14,+41,05:15,+28
47-Dec-21,P, 1.523, 0.447,06:53,+04,08:18,-12,-,-,09:34,-24,-,-,10:49,-34,12:15,-39
48-Jun-14,P, 1.225, 0.278,20:47,+17,22:04,+28,-,-,22:59,+34,-,-,23:55,+37,01:11,+37
49-Oct-29,P, 1.273, 0.219,14:32,-39,16:06,-22,-,-,16:59,-12,-,-,17:53,+00,19:27,+20
50-Apr-25,T, 2.550, 1.538,18:54,+02,19:56,+14,20:59,+26,21:46,+35,22:35,+42,23:37,+48,00:39,+49
50-Oct-19,T, 2.594, 1.599,00:04,+71,01:02,+68,02:01,+58,02:49,+49,03:37,+39,04:36,+26,05:34,+14
51-Apr-15,P, 1.766, 0.703,00:18,+54,01:37,+49,-,-,03:09,+36,-,-,04:41,+18,05:59,+01
51-Oct-08,P, 1.850, 0.885,15:22,-35,16:22,-23,-,-,17:52,-04,-,-,19:21,+16,20:21,+29
52-Apr-03,N, 0.406,-0.669,01:59,+50,-,-,-,-,03:35,+34,-,-,-,-,05:11,+14
52-Aug-28,N, 0.233,-0.762,22:11,+38,-,-,-,-,23:17,+47,-,-,-,-,00:24,+51
53-Feb-21,P, 1.491, 0.471,15:04,-38,16:21,-25,-,-,17:35,-11,-,-,18:49,+05,20:06,+21
53-Aug-18,P, 1.506, 0.458,05:26,+05,06:49,-12,-,-,08:05,-28,-,-,09:20,-44,10:43,-61
54-Feb-11,T, 2.827, 1.853,03:30,+48,04:25,+36,05:22,+23,06:12,+13,07:01,+02,07:58,-10,08:54,-20
55-Jan-31,P, 1.604, 0.639,19:47,+22,20:52,+36,-,-,22:11,+53,-,-,23:30,+69,00:35,+79
55-Dec-22,N, 0.319,-0.716,22:36,+65,-,-,-,-,23:55,+82,-,-,-,-,01:15,+80
56-Dec-11,P, 1.514, 0.424,02:09,+65,03:37,+45,-,-,04:52,+29,-,-,06:07,+14,07:35,-04
57-Jun-05,T, 2.069, 1.127,20:48,+19,21:44,+27,22:56,+35,23:21,+37,23:47,+39,00:58,+39,01:54,+35
57-Nov-30,T, 2.752, 1.646,01:03,+77,02:15,+62,03:21,+47,04:12,+36,05:04,+25,06:09,+12,07:22,-03
58-Nov-19,P, 1.806, 0.737,02:22,+58,03:38,+42,-,-,05:10,+22,-,-,06:42,+03,07:58,-12
59-May-16,N, 0.796,-0.201,04:31,+13,-,-,-,-,06:29,-11,-,-,-,-,08:28,-36
59-Oct-10,N, 0.135,-0.846,00:45,+68,-,-,-,-,01:34,+62,-,-,-,-,02:24,+53
60-Apr-04,P, 1.304, 0.231,20:21,+22,22:00,+41,-,-,22:57,+50,-,-,23:54,+55,01:33,+53
60-Sep-28,P, 1.386, 0.424,15:05,-40,16:16,-26,-,-,17:22,-12,-,-,18:29,+02,19:39,+17
61-Mar-24,T, 2.662, 1.591,20:05,+20,21:14,+35,22:20,+47,23:10,+55,00:01,+60,01:07,+60,02:16,+53
61-Sep-18,T, 2.654, 1.665,05:48,+04,06:46,-09,07:45,-21,08:34,-31,09:22,-41,10:21,-52,11:19,-61
62-Mar-14,P, 1.743, 0.716,00:57,+66,02:09,+58,-,-,03:38,+41,-,-,05:07,+22,06:19,+06
62-Sep-07,P, 1.699, 0.658,15:59,-36,17:14,-20,-,-,18:41,-01,-,-,20:08,+17,21:23,+32
63-Feb-02,N, 0.392,-0.576,04:10,+40,-,-,-,-,05:31,+22,-,-,-,-,06:52,+05
63-Jul-29,N, 0.143,-0.934,04:33,+14,-,-,-,-,05:31,+03,-,-,-,-,06:29,-09
63-Aug-27,N, 0.318,-0.762,20:18,+17,-,-,-,-,21:43,+33,-,-,-,-,23:09,+46
64-Jan-22,P, 1.616, 0.644,19:07,+15,20:13,+28,-,-,21:33,+45,-,-,22:53,+63,23:58,+76
64-Jul-17,P, 1.538, 0.493,04:34,+12,05:55,-04,-,-,07:14,-20,-,-,08:32,-36,09:54,-54
65-Dec-31,P, 1.534, 0.457,15:05,-27,16:31,-14,-,-,17:47,+00,-,-,19:03,+15,20:28,+33
66-Jun-26,P, 1.360, 0.414,04:11,+13,05:21,+00,-,-,06:27,-12,-,-,07:34,-26,08:44,-40
66-Dec-20,N, 0.266,-0.840,16:40,-11,-,-,-,-,17:59,+04,-,-,-,-,19:19,+20
67-Jun-15,N, 0.043,-0.902,23:15,+35,-,-,-,-,23:43,+37,-,-,-,-,00:11,+37
67-Nov-09,P, 1.262, 0.209,22:53,+68,00:28,+78,-,-,01:20,+71,-,-,02:12,+61,03:47,+40
68-May-06,T, 2.411, 1.397,01:58,+40,03:01,+31,04:06,+20,04:50,+11,05:34,+02,06:39,-11,07:42,-25
69-Oct-19,P, 1.879, 0.912,00:02,+72,01:02,+68,-,-,02:32,+52,-,-,04:03,+34,05:02,+21
70-Oct-08,N, 0.618,-0.366,16:22,-22,-,-,-,-,18:04,+00,-,-,-,-,19:46,+22
71-Mar-04,P, 1.420, 0.407,22:56,+59,00:15,+70,-,-,01:24,+68,-,-,02:34,+57,03:53,+41
72-Aug-17,T, 2.753, 1.672,13:51,-67,15:02,-52,16:07,-38,16:59,-27,17:52,-16,18:57,-02,20:07,+13
73-Feb-11,P, 1.643, 0.680,04:17,+37,05:20,+23,-,-,06:41,+06,-,-,08:03,-11,09:06,-24
73-Aug-06,P, 1.683, 0.623,14:53,-55,16:12,-38,-,-,17:40,-19,-,-,19:07,-01,20:27,+15
74-Jan-02,N, 0.303,-0.733,07:08,+03,-,-,-,-,08:26,-12,-,-,-,-,09:44,-24
74-Jan-31,N, 0.332,-0.669,20:02,+25,-,-,-,-,21:20,+42,-,-,-,-,22:38,+58
74-Jul-26,N, 0.361,-0.644,22:52,+38,-,-,-,-,00:15,+43,-,-,-,-,01:38,+41
75-Jun-17,P, 1.934, 0.993,04:20,+11,05:17,+01,-,-,06:50,-17,-,-,08:24,-36,09:21,-48
76-Jun-05,T, 2.370, 1.417,21:18,+24,22:13,+32,23:14,+38,23:57,+40,00:40,+40,01:41,+37,02:36,+31
77-Nov-18,N, 0.602,-0.407,20:10,+33,-,-,-,-,21:53,+55,-,-,-,-,23:36,+76
78-Apr-16,P, 1.170, 0.098,03:10,+34,05:02,+12,-,-,05:40,+04,-,-,06:19,-04,08:11,-28
78-Oct-09,P, 1.352, 0.386,23:40,+68,00:52,+67,-,-,01:56,+58,-,-,03:00,+46,04:12,+31
79-Apr-05,T, 2.540, 1.474,03:01,+40,04:10,+26,05:17,+12,06:05,+02,06:53,-08,08:00,-23,09:09,-37
79-Sep-29,T, 2.608, 1.614,14:03,-52,15:01,-42,16:01,-30,16:49,-20,17:37,-10,18:36,+03,19:34,+16
80-Sep-17,P, 1.766, 0.718,23:39,+58,00:53,+58,-,-,02:23,+47,-,-,03:54,+31,05:08,+15
81-Mar-13,N, 0.549,-0.422,21:32,+40,-,-,-,-,23:08,+58,-,-,-,-,00:45,+67
81-Sep-07,N, 0.404,-0.681,03:21,+34,-,-,-,-,04:56,+15,-,-,-,-,06:32,-05
82-Feb-02,P, 1.580, 0.609,03:42,+46,04:48,+31,-,-,06:07,+15,-,-,07:25,-02,08:31,-15
83-Jan-22,T, 2.866, 1.847,16:34,-17,17:34,-05,18:34,+07,19:24,+17,20:15,+28,21:15,+40,22:15,+54
83-Jul-17,T, 2.838, 1.851,20:08,+10,21:06,+21,22:05,+29,22:56,+35,23:47,+39,00:46,+40,01:44,+38
84-Jan-11,P, 1.549, 0.472,23:13,+71,00:38,+86,-,-,01:56,+72,-,-,03:13,+55,04:38,+37
84-Dec-31,N, 0.280,-0.825,00:39,+87,-,-,-,-,02:00,+70,-,-,-,-,03:22,+52
85-May-27,N, 0.889,-0.075,21:55,+31,-,-,-,-,23:54,+42,-,-,-,-,01:53,+37
86-Nov-09,T, 2.564, 1.569,17:26,-03,18:24,+09,19:23,+22,20:10,+32,20:57,+42,21:56,+55,22:54,+68
87-May-06,P, 2.055, 0.992,13:28,-70,14:42,-55,-,-,16:26,-33,-,-,18:10,-11,19:24,+04
88-Apr-24,N, 0.676,-0.391,14:57,-51,-,-,-,-,16:57,-25,-,-,-,-,18:56,+00
88-Oct-19,N, 0.644,-0.345,00:52,+70,-,-,-,-,02:36,+52,-,-,-,-,04:20,+30
89-Sep-08,P, 1.328, 0.268,20:19,+21,21:52,+39,-,-,22:52,+49,-,-,23:52,+55,01:25,+54
90-Mar-04,T, 2.698, 1.734,19:58,+21,20:53,+33,21:50,+45,22:39,+54,23:28,+63,00:25,+69,01:20,+67
90-Aug-28,T, 2.652, 1.566,20:54,+26,22:05,+39,23:12,+48,00:02,+51,00:53,+52,01:59,+47,03:10,+36
91-Aug-17,P, 1.798, 0.738,21:55,+35,23:12,+45,-,-,00:45,+49,-,-,02:18,+41,03:35,+30
92-Jan-13,N, 0.279,-0.759,15:35,-25,-,-,-,-,16:50,-13,-,-,-,-,18:05,+01
92-Feb-12,N, 0.367,-0.633,04:15,+37,-,-,-,-,05:37,+19,-,-,-,-,07:00,+02
92-Jul-07,N, 0.417,-0.555,20:46,+15,-,-,-,-,22:12,+28,-,-,-,-,23:37,+36
93-Jan-01,P, 1.486, 0.394,18:27,+09,19:57,+28,-,-,21:10,+43,-,-,22:22,+59,23:52,+78
93-Dec-21,T, 2.731, 1.627,17:13,-05,18:25,+09,19:30,+23,20:21,+34,21:13,+45,22:18,+59,23:30,+75
94-Jun-17,T, 2.508, 1.553,04:40,+08,05:35,-02,06:34,-14,07:20,-23,08:07,-33,09:06,-45,10:01,-57
94-Dec-10,P, 1.819, 0.754,19:07,+20,20:22,+36,-,-,21:54,+55,-,-,23:26,+75,00:42,+85
95-Jun-06,P, 1.068, 0.065,18:19,-10,20:04,+10,-,-,20:33,+16,-,-,21:03,+21,22:48,+35
95-Oct-31,N, 0.107,-0.874,18:10,+06,-,-,-,-,18:54,+15,-,-,-,-,19:38,+25
95-Nov-30,N, 0.608,-0.399,04:56,+25,-,-,-,-,06:39,+04,-,-,-,-,08:22,-16
97-Oct-09,T, 2.574, 1.574,22:24,+57,23:23,+66,00:23,+69,01:11,+65,01:58,+58,02:58,+47,03:57,+34
98-Apr-04,P, 1.947, 0.933,15:43,-38,16:50,-24,-,-,18:27,-04,-,-,20:04,+17,21:11,+30
99-Feb-23,N, 0.298,-0.663,21:07,+36,-,-,-,-,22:18,+51,-,-,-,-,23:30,+64
99-Mar-25,N, 0.638,-0.329,05:19,+15,-,-,-,-,07:01,-07,-,-,-,-,08:44,-28
100-Aug-07,P, 1.299, 0.255,18:45,-04,20:17,+15,-,-,21:16,+25,-,-,22:14,+35,23:46,+45
101-Feb-02,T, 2.834, 1.815,00:51,+80,01:52,+71,02:52,+58,03:42,+47,04:33,+36,05:33,+23,06:34,+10
101-Jul-28,T, 2.717, 1.731,03:34,+23,04:32,+13,05:31,+02,06:21,-08,07:12,-18,08:11,-30,09:09,-43
102-Jan-22,P, 1.576, 0.499,07:12,+01,08:37,-15,-,-,09:56,-28,-,-,11:16,-38,12:40,-43
102-Jul-17,P, 1.617, 0.670,19:11,-01,20:14,+11,-,-,21:35,+24,-,-,22:56,+35,23:59,+39
103-Jun-08,N, 0.748,-0.218,05:22,+01,-,-,-,-,07:13,-21,-,-,-,-,09:04,-45
103-Dec-01,P, 1.257, 0.209,15:51,-20,17:25,-03,-,-,18:17,+08,-,-,19:09,+18,20:42,+38
104-May-27,T, 2.117, 1.098,15:51,-41,16:57,-27,18:17,-11,18:41,-06,19:05,-01,20:25,+14,21:31,+25
104-Nov-20,T, 2.558, 1.565,02:14,+60,03:12,+47,04:11,+35,04:58,+25,05:44,+15,06:44,+03,07:41,-08
105-May-16,T, 2.211, 1.148,19:55,+12,21:06,+24,22:25,+36,22:56,+39,23:26,+41,00:45,+43,01:56,+38
105-Nov-09,P, 1.912, 0.942,17:38,+00,18:38,+13,-,-,20:09,+32,-,-,21:41,+52,22:40,+65
106-May-05,N, 0.826,-0.238,21:19,+28,-,-,-,-,23:29,+44,-,-,-,-,01:40,+41
106-Sep-30,N, 0.040,-0.974,22:54,+56,-,-,-,-,23:22,+60,-,-,-,-,23:50,+63
107-Mar-26,P, 1.244, 0.244,14:24,-52,15:49,-37,-,-,16:44,-26,-,-,17:38,-14,19:04,+04
107-Sep-20,P, 1.257, 0.191,03:56,+29,05:35,+08,-,-,06:26,-03,-,-,07:18,-14,08:57,-35
108-Mar-15,T, 2.617, 1.657,04:02,+34,04:57,+22,05:54,+10,06:42,-01,07:30,-11,08:28,-23,09:22,-35
108-Sep-08,T, 2.562, 1.473,04:06,+25,05:17,+10,06:25,-04,07:13,-15,08:01,-25,09:09,-39,10:20,-53
109-Mar-04,P, 1.761, 0.803,20:49,+32,21:50,+45,-,-,23:16,+61,-,-,00:43,+68,01:44,+64
109-Aug-28,P, 1.901, 0.840,05:08,+10,06:22,-05,-,-,07:59,-26,-,-,09:37,-47,10:51,-61
110-Jan-23,N, 0.246,-0.793,23:57,+78,-,-,-,-,01:08,+82,-,-,-,-,02:19,+68
110-Jul-19,N, 0.303,-0.667,04:25,+13,-,-,-,-,05:39,-01,-,-,-,-,06:53,-15
111-Jan-13,P, 1.461, 0.369,02:28,+64,04:00,+44,-,-,05:10,+28,-,-,06:21,+14,07:53,-05
111-Jul-08,P, 1.675, 0.732,19:30,+02,20:31,+13,-,-,21:54,+26,-,-,23:18,+36,00:19,+39
112-Jan-02,T, 2.714, 1.613,01:15,+79,02:26,+63,03:32,+49,04:23,+38,05:14,+27,06:20,+13,07:31,-01
112-Dec-21,P, 1.826, 0.765,03:31,+47,04:45,+31,-,-,06:17,+12,-,-,07:49,-06,09:04,-20
113-Jun-17,P, 1.208, 0.201,01:12,+38,02:42,+29,-,-,03:33,+22,-,-,04:24,+13,05:54,-04
113-Nov-11,N, 0.103,-0.878,02:59,+50,-,-,-,-,03:42,+41,-,-,-,-,04:25,+31
114-May-07,N, 0.875,-0.195,16:33,-31,-,-,-,-,18:47,-03,-,-,-,-,21:01,+23
114-Oct-31,P, 1.311, 0.339,17:08,-07,18:22,+08,-,-,19:23,+21,-,-,20:23,+34,21:37,+50
115-Apr-26,T, 2.268, 1.211,16:38,-28,17:48,-14,19:02,+02,19:37,+09,20:13,+16,21:27,+30,22:37,+41
116-Apr-14,T, 2.065, 1.057,22:58,+49,00:03,+54,01:25,+51,01:44,+49,02:02,+47,03:25,+34,04:29,+21
116-Oct-09,P, 1.862, 0.802,15:22,-35,16:36,-20,-,-,18:11,+00,-,-,19:45,+21,20:59,+37
117-Mar-06,N, 0.231,-0.726,05:27,+17,-,-,-,-,06:30,+03,-,-,-,-,07:33,-10
117-Sep-28,N, 0.540,-0.554,17:57,-05,-,-,-,-,19:47,+19,-,-,-,-,21:36,+42
118-Feb-23,P, 1.475, 0.506,20:30,+29,21:39,+44,-,-,22:52,+58,-,-,00:05,+70,01:14,+71
118-Aug-19,P, 1.198, 0.154,02:05,+42,03:45,+27,-,-,04:31,+18,-,-,05:16,+09,06:56,-12
120-Feb-02,P, 1.612, 0.535,15:05,-34,16:28,-20,-,-,17:50,-04,-,-,19:12,+12,20:35,+30
120-Jul-28,P, 1.736, 0.787,02:49,+30,03:49,+21,-,-,05:15,+05,-,-,06:41,-12,07:42,-24
121-Jan-21,N, 0.332,-0.768,16:18,-19,-,-,-,-,17:45,-03,-,-,-,-,19:13,+14
121-Jul-17,N, 0.410,-0.544,20:50,+17,-,-,-,-,22:13,+29,-,-,-,-,23:37,+37
121-Dec-12,P, 1.257, 0.212,00:23,+85,01:56,+68,-,-,02:48,+57,-,-,03:40,+46,05:13,+26
122-Jun-07,P, 1.966, 0.943,22:44,+36,23:53,+40,-,-,01:32,+37,-,-,03:11,+26,04:19,+14
123-May-28,T, 2.370, 1.306,02:20,+32,03:31,+22,04:42,+09,05:24,+01,06:05,-07,07:16,-22,08:27,-37
123-Nov-21,P, 1.920, 0.949,02:32,+56,03:31,+43,-,-,05:03,+24,-,-,06:35,+05,07:34,-07
124-May-16,N, 0.980,-0.082,03:42,+21,-,-,-,-,06:01,-06,-,-,-,-,08:20,-35
124-Nov-09,N, 0.668,-0.329,18:11,+07,-,-,-,-,19:57,+30,-,-,-,-,21:43,+53
125-Apr-05,P, 1.139, 0.145,21:58,+42,23:31,+55,-,-,00:13,+57,-,-,00:56,+57,02:28,+47
127-Mar-16,P, 1.840, 0.883,04:51,+22,05:51,+09,-,-,07:21,-10,-,-,08:51,-29,09:51,-41
128-Mar-04,N, 0.474,-0.526,20:11,+23,-,-,-,-,21:44,+43,-,-,-,-,23:17,+60
128-Aug-27,N, 0.682,-0.321,21:06,+29,-,-,-,-,22:56,+47,-,-,-,-,00:46,+53
129-Jul-19,P, 1.553, 0.609,03:11,+25,04:14,+15,-,-,05:32,+01,-,-,06:50,-14,07:54,-27
130-Jul-08,T, 2.778, 1.815,19:27,+02,20:22,+12,21:20,+22,22:10,+29,23:00,+35,23:57,+39,00:52,+40
131-Dec-21,N, 0.621,-0.380,22:27,+63,-,-,-,-,00:11,+84,-,-,-,-,01:54,+71
132-May-17,N, 0.719,-0.350,23:10,+40,-,-,-,-,01:13,+40,-,-,-,-,03:17,+26
132-Nov-11,P, 1.302, 0.328,01:59,+62,03:14,+46,-,-,04:13,+34,-,-,05:13,+21,06:28,+05
133-May-06,T, 2.121, 1.068,23:20,+44,00:31,+46,01:56,+40,02:17,+37,02:38,+34,04:03,+20,05:13,+07
133-Oct-31,T, 2.535, 1.524,15:24,-28,16:24,-17,17:25,-05,18:11,+05,18:58,+15,19:59,+28,20:58,+41
134-Oct-20,P, 1.894, 0.828,23:23,+69,00:38,+71,-,-,02:13,+57,-,-,03:49,+37,05:03,+21
135-Apr-15,N, 0.849,-0.108,20:31,+23,-,-,-,-,22:26,+44,-,-,-,-,00:21,+54
135-Oct-10,N, 0.589,-0.509,01:31,+61,-,-,-,-,03:25,+40,-,-,-,-,05:19,+15
136-Mar-06,P, 1.404, 0.437,04:43,+26,05:54,+11,-,-,07:02,-04,-,-,08:11,-18,09:22,-33
137-Feb-23,T, 2.729, 1.709,16:59,-17,18:01,-05,19:01,+08,19:51,+19,20:42,+30,21:42,+43,22:44,+55
137-Aug-18,T, 2.512, 1.526,18:53,-01,19:51,+11,20:52,+23,21:38,+31,22:25,+39,23:25,+46,00:23,+49
138-Feb-12,P, 1.662, 0.586,22:45,+60,00:07,+75,-,-,01:32,+73,-,-,02:58,+57,04:20,+39
139-Feb-01,N, 0.373,-0.724,23:55,+76,-,-,-,-,01:27,+77,-,-,-,-,03:00,+58
139-Jun-29,N, 0.469,-0.504,20:17,+12,-,-,-,-,21:48,+27,-,-,-,-,23:19,+37
139-Jul-29,N, 0.520,-0.438,04:18,+15,-,-,-,-,05:51,-02,-,-,-,-,07:24,-21
140-Dec-11,T, 2.553, 1.564,19:57,+30,20:54,+43,21:53,+55,22:40,+66,23:26,+76,00:25,+86,01:22,+78
142-Nov-21,N, 0.670,-0.330,02:56,+51,-,-,-,-,04:42,+28,-,-,-,-,06:29,+06
143-Apr-17,P, 1.027, 0.038,05:29,+07,07:16,-16,-,-,07:39,-21,-,-,08:01,-26,09:48,-48
143-Oct-11,P, 1.156, 0.078,19:32,+19,21:26,+44,-,-,22:00,+51,-,-,22:33,+57,00:27,+69
144-Apr-05,T, 2.417, 1.465,19:48,+15,20:43,+26,21:42,+38,22:26,+45,23:10,+51,00:10,+56,01:04,+55
144-Sep-29,T, 2.426, 1.330,18:58,+10,20:10,+25,21:21,+40,22:04,+49,22:46,+56,23:57,+65,01:10,+63
145-Sep-18,P, 2.062, 0.999,20:07,+23,21:19,+37,-,-,23:02,+55,-,-,00:44,+61,01:56,+54
146-Mar-16,N, 0.547,-0.453,03:54,+35,-,-,-,-,05:33,+13,-,-,-,-,07:13,-08
146-Aug-09,N, 0.103,-0.867,20:10,+11,-,-,-,-,20:54,+20,-,-,-,-,21:37,+27
146-Sep-08,N, 0.764,-0.239,04:54,+15,-,-,-,-,06:50,-10,-,-,-,-,08:45,-34
147-Feb-03,P, 1.379, 0.290,18:11,+01,19:47,+21,-,-,20:51,+35,-,-,21:54,+48,23:30,+69
148-Jan-23,T, 2.654, 1.560,17:04,-11,18:15,+03,19:21,+17,20:11,+27,21:01,+38,22:07,+52,23:18,+68
148-Jul-19,T, 2.777, 1.810,02:55,+28,03:51,+19,04:49,+09,05:39,+00,06:29,-10,07:27,-22,08:22,-33
149-Jan-11,P, 1.854, 0.802,20:10,+30,21:23,+45,-,-,22:56,+66,-,-,00:30,+84,01:42,+75
149-Jul-08,P, 1.484, 0.467,14:58,-55,16:17,-38,-,-,17:31,-23,-,-,18:46,-07,20:05,+08
149-Dec-02,N, 0.105,-0.875,20:45,+41,-,-,-,-,21:28,+51,-,-,-,-,22:11,+60
150-Jan-01,N, 0.633,-0.364,07:10,+01,-,-,-,-,08:54,-19,-,-,-,-,10:38,-34
150-Jun-27,N, 0.023,-1.038,21:54,+28,-,-,-,-,22:17,+31,-,-,-,-,22:41,+34
151-Nov-12,T, 2.526, 1.512,00:01,+80,01:01,+75,02:03,+62,02:49,+53,03:35,+43,04:36,+29,05:37,+17
153-Mar-27,N, 0.065,-0.885,21:57,+41,-,-,-,-,22:31,+47,-,-,-,-,23:05,+52
153-Apr-26,P, 0.970, 0.017,03:59,+23,05:46,+02,-,-,06:01,-01,-,-,06:15,-04,08:02,-27
154-Sep-09,N, 1.039,-0.005,17:14,-18,-,-,-,-,19:31,+12,-,-,-,-,21:48,+40
155-Mar-07,T, 2.657, 1.638,00:49,+69,01:51,+62,02:53,+51,03:42,+41,04:32,+31,05:33,+17,06:35,+04
155-Aug-30,T, 2.426, 1.441,02:46,+38,03:44,+28,04:45,+16,05:29,+07,06:13,-02,07:15,-15,08:13,-28
156-Feb-24,P, 1.724, 0.649,06:18,+09,07:38,-08,-,-,09:07,-26,-,-,10:36,-42,11:56,-51
156-Aug-18,P, 1.939, 0.988,18:28,-06,19:26,+06,-,-,20:59,+24,-,-,22:32,+39,23:30,+46
157-Jul-10,N, 0.335,-0.642,03:49,+20,-,-,-,-,05:08,+06,-,-,-,-,06:26,-09
158-Jan-02,P, 1.247, 0.211,17:24,-04,18:56,+14,-,-,19:48,+24,-,-,20:39,+35,22:11,+55
158-Dec-23,T, 2.547, 1.560,04:47,+30,05:44,+18,06:43,+06,07:29,-03,08:16,-11,09:15,-21,10:11,-29
159-Jun-18,T, 2.696, 1.629,15:07,-52,16:16,-37,17:22,-24,18:14,-13,19:05,-03,20:11,+09,21:20,+21
159-Dec-12,P, 1.927, 0.954,20:25,+37,21:25,+50,-,-,22:56,+70,-,-,00:28,+87,01:28,+77
160-Jun-06,P, 1.299, 0.243,16:26,-34,18:02,-15,-,-,19:00,-03,-,-,19:58,+08,21:34,+24
161-Oct-22,P, 1.121, 0.039,03:30,+39,05:33,+13,-,-,05:56,+08,-,-,06:20,+03,08:22,-22
162-Apr-17,T, 2.301, 1.353,03:32,+30,04:27,+20,05:29,+07,06:09,-02,06:49,-10,07:50,-23,08:45,-35
162-Oct-11,T, 2.378, 1.280,02:37,+49,03:51,+33,05:04,+18,05:43,+09,06:23,+01,07:36,-15,08:49,-29
163-Apr-06,T, 2.030, 1.075,20:33,+25,21:31,+36,22:47,+48,23:07,+51,23:27,+53,00:43,+56,01:41,+52
163-Sep-30,T, 2.122, 1.059,03:53,+31,05:04,+16,06:28,-02,06:48,-07,07:07,-11,08:32,-28,09:43,-42
164-Feb-26,N, 0.074,-0.965,00:28,+73,-,-,-,-,01:07,+73,-,-,-,-,01:47,+68
164-Aug-20,N, 0.019,-0.951,04:25,+19,-,-,-,-,04:43,+15,-,-,-,-,05:02,+12
165-Feb-14,P, 1.318, 0.231,01:49,+70,03:29,+49,-,-,04:26,+36,-,-,05:23,+24,07:03,+02
165-Aug-09,P, 1.337, 0.388,18:50,-04,20:00,+10,-,-,21:04,+22,-,-,22:09,+33,23:19,+42
166-Feb-03,T, 2.607, 1.518,00:49,+80,02:00,+69,03:07,+55,03:56,+44,04:45,+33,05:51,+19,07:02,+04
167-Jan-23,P, 1.880, 0.834,04:24,+37,05:35,+22,-,-,07:09,+02,-,-,08:44,-17,09:55,-29
167-Jul-19,P, 1.616, 0.593,21:56,+29,23:11,+38,-,-,00:34,+42,-,-,01:57,+37,03:12,+28
167-Dec-14,N, 0.107,-0.871,05:39,+19,-,-,-,-,06:23,+10,-,-,-,-,07:07,+02
168-Jan-12,N, 0.649,-0.345,15:50,-23,-,-,-,-,17:35,-05,-,-,-,-,19:20,+16
168-Jul-08,N, 0.169,-0.896,03:47,+20,-,-,-,-,04:49,+09,-,-,-,-,05:52,-03
168-Dec-02,P, 1.293, 0.316,19:47,+29,21:03,+45,-,-,22:02,+58,-,-,23:01,+71,00:17,+86
170-May-17,T, 2.461, 1.469,20:26,+17,21:26,+28,22:28,+36,23:14,+41,00:00,+43,01:02,+42,02:02,+38
170-Nov-11,P, 1.929, 0.854,15:43,-23,16:58,-09,-,-,18:35,+11,-,-,20:13,+32,21:27,+49
171-Oct-31,N, 0.653,-0.450,17:04,-09,-,-,-,-,19:04,+16,-,-,-,-,21:03,+42
172-Mar-27,P, 1.225, 0.258,20:42,+27,22:01,+43,-,-,22:56,+51,-,-,23:50,+57,01:09,+58
172-Sep-20,N, 0.981,-0.063,01:04,+59,-,-,-,-,03:17,+38,-,-,-,-,05:31,+11
174-Mar-06,P, 1.802, 0.729,13:38,-53,14:56,-43,-,-,16:30,-26,-,-,18:03,-07,19:21,+10
174-Aug-30,T, 2.024, 1.069,02:31,+40,03:28,+31,04:44,+16,05:03,+13,05:22,+09,06:38,-07,07:36,-19
175-Aug-19,N, 0.713,-0.254,19:36,+07,-,-,-,-,21:24,+28,-,-,-,-,23:11,+43
176-Jan-14,P, 1.233, 0.202,01:50,+71,03:22,+51,-,-,04:13,+41,-,-,05:03,+30,06:35,+10
176-Jul-09,P, 1.523, 0.487,19:23,+02,20:43,+16,-,-,22:01,+29,-,-,23:19,+37,00:39,+40
177-Jan-02,T, 2.537, 1.554,13:36,-38,14:32,-33,15:31,-25,16:17,-18,17:04,-10,18:02,+01,18:59,+13
177-Jun-28,T, 2.856, 1.787,21:32,+25,22:42,+33,23:46,+38,00:40,+39,01:33,+36,02:38,+30,03:47,+20
177-Dec-23,P, 1.930, 0.959,05:20,+23,06:20,+11,-,-,07:52,-07,-,-,09:24,-22,10:23,-30
178-Jun-17,P, 1.459, 0.404,22:51,+34,00:18,+38,-,-,01:31,+36,-,-,02:44,+28,04:11,+15
178-Dec-12,N, 0.665,-0.340,20:29,+38,-,-,-,-,22:16,+61,-,-,-,-,00:03,+84
179-May-08,N, 0.780,-0.198,20:22,+18,-,-,-,-,22:17,+37,-,-,-,-,00:11,+46
181-Apr-17,T, 2.142, 1.188,04:13,+22,05:10,+10,06:18,-04,06:49,-11,07:20,-18,08:28,-32,09:25,-44
182-Apr-06,N, 0.731,-0.271,18:50,+02,-,-,-,-,20:44,+25,-,-,-,-,22:37,+45
182-Sep-29,N, 0.891,-0.112,21:02,+38,-,-,-,-,23:04,+60,-,-,-,-,01:06,+64
183-Aug-21,P, 1.245, 0.293,02:49,+35,04:04,+22,-,-,05:01,+12,-,-,05:58,+00,07:13,-15
184-Aug-09,T, 2.555, 1.579,18:06,-13,19:03,-01,20:02,+11,20:50,+20,21:37,+29,22:37,+38,23:34,+44
185-Jul-30,P, 1.739, 0.711,04:59,+08,06:12,-06,-,-,07:41,-25,-,-,09:11,-44,10:24,-59
186-Jan-23,N, 0.675,-0.313,00:23,+81,-,-,-,-,02:09,+68,-,-,-,-,03:55,+45
186-Jun-19,N, 0.245,-0.824,19:08,-03,-,-,-,-,20:23,+11,-,-,-,-,21:39,+23
186-Dec-14,P, 1.288, 0.311,04:42,+31,05:59,+15,-,-,06:57,+03,-,-,07:55,-08,09:12,-21
187-Jun-08,P, 1.663, 0.620,19:25,+03,20:43,+17,-,-,22:10,+30,-,-,23:36,+38,00:54,+38
187-Dec-03,T, 2.522, 1.500,17:20,-02,18:22,+10,19:23,+23,20:09,+33,20:55,+42,21:57,+56,22:58,+69
188-May-28,T, 2.603, 1.615,03:32,+21,04:31,+11,05:32,-01,06:21,-11,07:10,-21,08:10,-33,09:09,-46
188-Nov-21,P, 1.936, 0.857,23:59,+82,01:14,+74,-,-,02:52,+53,-,-,04:30,+32,05:45,+16
189-May-17,P, 1.229, 0.281,18:49,-02,20:05,+13,-,-,21:00,+23,-,-,21:56,+32,23:12,+40
189-Nov-11,N, 0.671,-0.435,01:02,+74,-,-,-,-,03:03,+49,-,-,-,-,05:04,+23
190-Apr-08,P, 1.118, 0.152,04:31,+20,05:58,+02,-,-,06:40,-07,-,-,07:22,-16,08:50,-35
191-Mar-28,T, 2.471, 1.451,15:59,-34,17:02,-21,18:06,-08,18:51,+02,19:37,+12,20:41,+25,21:44,+38
191-Sep-20,T, 2.298, 1.312,18:59,+08,19:58,+21,21:03,+34,21:41,+42,22:20,+49,23:24,+58,00:23,+62
192-Mar-16,P, 1.893, 0.821,20:49,+31,22:05,+46,-,-,23:43,+62,-,-,01:21,+63,02:37,+52
193-Mar-05,N, 0.572,-0.512,21:52,+45,-,-,-,-,23:44,+66,-,-,-,-,01:36,+66
193-Jul-31,N, 0.092,-0.897,19:16,+01,-,-,-,-,19:58,+10,-,-,-,-,20:40,+18
193-Aug-30,N, 0.793,-0.179,03:27,+31,-,-,-,-,05:20,+09,-,-,-,-,07:13,-15
194-Jul-21,P, 1.387, 0.346,02:21,+34,03:48,+21,-,-,04:55,+09,-,-,06:02,-04,07:29,-22
195-Jan-13,T, 2.521, 1.542,22:21,+59,23:17,+71,00:16,+83,01:02,+82,01:48,+74,02:46,+61,03:43,+49
195-Jul-10,T, 2.776, 1.705,04:02,+16,05:11,+04,06:16,-09,07:09,-20,08:02,-31,09:07,-44,10:16,-59
196-Jan-03,P, 1.939, 0.967,14:12,-35,15:11,-27,-,-,16:44,-13,-,-,18:16,+05,19:15,+16
196-Jun-28,P, 1.614, 0.561,05:21,+00,06:42,-16,-,-,08:06,-33,-,-,09:30,-50,10:51,-68
196-Dec-23,N, 0.665,-0.342,05:12,+25,-,-,-,-,07:00,+04,-,-,-,-,08:47,-16
197-May-19,N, 0.650,-0.325,03:47,+21,-,-,-,-,05:32,+01,-,-,-,-,07:18,-21
197-Nov-12,N, 1.078,-0.012,19:40,+26,-,-,-,-,22:05,+58,-,-,-,-,00:30,+80
198-May-08,T, 2.050, 1.107,18:48,-01,19:44,+10,20:57,+23,21:21,+28,21:45,+31,22:57,+41,23:54,+45
198-Nov-01,T, 2.315, 1.213,18:19,+08,19:33,+24,20:49,+40,21:24,+48,22:00,+56,23:15,+71,00:29,+78
199-Oct-21,T, 2.203, 1.140,19:54,+27,21:03,+43,22:20,+59,22:49,+64,23:17,+69,00:34,+74,01:44,+64
200-Apr-17,N, 0.842,-0.161,02:03,+44,-,-,-,-,04:04,+23,-,-,-,-,06:06,-02
200-Oct-10,N, 0.935,-0.068,05:21,+13,-,-,-,-,07:25,-13,-,-,-,-,09:29,-37
201-Mar-07,P, 1.156, 0.073,16:39,-23,18:36,+01,-,-,19:09,+08,-,-,19:42,+15,21:39,+40
202-Feb-24,T, 2.476, 1.396,15:56,-30,17:07,-16,18:15,-02,19:00,+07,19:45,+17,20:54,+32,22:05,+47
202-Aug-21,T, 2.461, 1.479,01:51,+43,02:49,+36,03:50,+26,04:35,+17,05:20,+08,06:21,-04,07:18,-16
203-Feb-13,P, 1.963, 0.929,20:31,+30,21:40,+45,-,-,23:17,+65,-,-,00:55,+75,02:03,+67
204-Jan-04,N, 0.097,-0.876,23:25,+74,-,-,-,-,00:07,+83,-,-,-,-,00:48,+87
204-Jun-30,N, 0.092,-0.978,02:01,+32,-,-,-,-,02:48,+27,-,-,-,-,03:35,+21
204-Jul-29,N, 0.441,-0.631,16:29,-34,-,-,-,-,18:08,-13,-,-,-,-,19:47,+07
204-Dec-24,P, 1.282, 0.304,13:36,-37,14:53,-29,-,-,15:51,-21,-,-,16:49,-11,18:05,+03
205-Jun-19,P, 1.512, 0.472,02:11,+31,03:32,+20,-,-,04:50,+07,-,-,06:07,-08,07:28,-24
205-Dec-14,T, 2.520, 1.496,01:59,+67,03:01,+53,04:03,+40,04:49,+30,05:35,+21,06:37,+08,07:39,-04
207-May-29,P, 1.362, 0.417,02:12,+34,03:22,+24,-,-,04:29,+12,-,-,05:35,+00,06:45,-14
208-May-17,N, 0.045,-0.901,21:16,+26,-,-,-,-,21:44,+30,-,-,-,-,22:13,+35
208-Oct-11,N, 0.904,-0.140,17:10,-10,-,-,-,-,19:18,+17,-,-,-,-,21:27,+45
209-Apr-07,T, 2.358, 1.337,23:19,+53,00:23,+56,01:30,+52,02:11,+47,02:52,+41,03:59,+28,05:03,+15
209-Oct-01,T, 2.253, 1.267,03:20,+38,04:19,+26,05:25,+12,06:01,+04,06:37,-04,07:43,-17,08:42,-29
210-Mar-28,P, 2.001, 0.930,03:48,+33,05:03,+18,-,-,06:45,-05,-,-,08:27,-27,09:42,-42
210-Sep-20,T, 2.158, 1.198,18:59,+08,19:55,+20,21:02,+34,21:34,+40,22:05,+46,23:12,+56,00:08,+61
211-Mar-17,N, 0.666,-0.413,04:52,+23,-,-,-,-,06:52,-03,-,-,-,-,08:51,-28
212-Feb-04,P, 1.176, 0.157,18:28,+04,20:02,+24,-,-,20:47,+33,-,-,21:31,+43,23:05,+63
213-Jan-24,T, 2.496, 1.520,07:00,+03,07:56,-08,08:55,-19,09:40,-27,10:25,-34,11:25,-41,12:21,-44
214-Jan-13,P, 1.952, 0.982,23:00,+68,23:59,+80,-,-,01:32,+77,-,-,03:04,+57,04:04,+44
215-Jun-28,N, 0.416,-0.583,20:16,+10,-,-,-,-,21:45,+25,-,-,-,-,23:14,+34
215-Nov-24,N, 1.066,-0.027,03:50,+39,-,-,-,-,06:15,+09,-,-,-,-,08:39,-19
216-May-19,P, 1.916, 0.975,02:21,+34,03:19,+26,-,-,04:51,+09,-,-,06:24,-10,07:21,-22
216-Nov-12,T, 2.296, 1.193,02:19,+58,03:34,+42,04:50,+25,05:24,+18,05:58,+11,07:15,-05,08:29,-19
217-May-08,T, 2.391, 1.437,19:15,+05,20:11,+15,21:11,+26,21:55,+33,22:38,+38,23:39,+43,00:34,+45
217-Nov-01,T, 2.227, 1.165,04:06,+32,05:15,+17,06:30,+02,07:01,-05,07:32,-11,08:47,-25,09:56,-36
218-Oct-21,N, 0.968,-0.035,13:49,-45,-,-,-,-,15:54,-25,-,-,-,-,17:59,+01
219-Mar-18,N, 1.055,-0.025,23:52,+63,-,-,-,-,02:17,+55,-,-,-,-,04:41,+26
219-Sep-11,P, 1.095, 0.136,19:10,+07,20:36,+25,-,-,21:16,+33,-,-,21:55,+40,23:22,+53
220-Mar-06,T, 2.391, 1.316,23:18,+62,00:29,+69,01:39,+64,02:21,+58,03:02,+50,04:13,+35,05:23,+20
221-Feb-24,P, 2.025, 0.998,04:23,+33,05:30,+19,-,-,07:09,-03,-,-,08:49,-23,09:56,-36
221-Aug-20,P, 1.961, 0.920,19:21,+06,20:32,+20,-,-,22:10,+38,-,-,23:49,+49,01:00,+50
222-Feb-13,N, 0.755,-0.223,17:10,-14,-,-,-,-,19:01,+09,-,-,-,-,20:51,+32
222-Aug-09,N, 0.564,-0.513,23:06,+43,-,-,-,-,00:57,+47,-,-,-,-,02:48,+36
223-Jan-04,P, 1.269, 0.291,22:25,+61,23:43,+78,-,-,00:40,+87,-,-,01:36,+76,02:54,+60
224-Jun-18,T, 2.813, 1.830,17:52,-17,18:49,-05,19:48,+06,20:39,+15,21:30,+23,22:29,+31,23:27,+36
224-Dec-13,P, 1.947, 0.864,16:30,-12,17:46,+02,-,-,19:24,+22,-,-,21:03,+43,22:18,+59
225-Dec-02,N, 0.694,-0.413,17:06,-06,-,-,-,-,19:09,+19,-,-,-,-,21:12,+45
226-Apr-29,N, 0.874,-0.093,19:48,+12,-,-,-,-,21:46,+33,-,-,-,-,23:44,+46
226-May-29,N, 0.171,-0.776,04:17,+15,-,-,-,-,05:11,+04,-,-,-,-,06:06,-06
226-Oct-23,N, 0.883,-0.161,01:26,+66,-,-,-,-,03:33,+40,-,-,-,-,05:40,+13
228-Oct-01,T, 2.206, 1.244,03:25,+37,04:21,+25,05:26,+11,06:00,+04,06:34,-03,07:40,-17,08:36,-28
229-Sep-20,N, 0.919,-0.064,19:32,+15,-,-,-,-,21:33,+39,-,-,-,-,23:34,+58
230-Feb-15,P, 1.133, 0.119,02:39,+58,04:16,+37,-,-,04:55,+29,-,-,05:34,+20,07:11,-01
230-Aug-11,P, 1.141, 0.088,16:31,-32,18:21,-09,-,-,18:56,-02,-,-,19:31,+06,21:21,+27
231-Feb-04,T, 2.461, 1.489,15:33,-30,16:29,-21,17:28,-09,18:13,+00,18:57,+09,19:56,+21,20:52,+33
231-Jul-31,T, 2.494, 1.418,17:16,-24,18:27,-09,19:36,+05,20:22,+14,21:09,+22,22:17,+33,23:28,+41
232-Jul-19,P, 1.908, 0.857,18:40,-07,19:54,+07,-,-,21:32,+24,-,-,23:10,+37,00:23,+41
233-Jan-13,N, 0.678,-0.332,22:26,+60,-,-,-,-,00:15,+83,-,-,-,-,02:04,+71
233-Jun-09,N, 0.389,-0.579,18:41,-06,-,-,-,-,20:04,+10,-,-,-,-,21:27,+24
233-Jul-09,N, 0.554,-0.442,03:14,+24,-,-,-,-,04:55,+07,-,-,-,-,06:36,-12
235-May-20,T, 2.526, 1.570,02:40,+31,03:35,+22,04:33,+12,05:20,+02,06:07,-07,07:06,-19,08:01,-31
235-Nov-12,T, 2.242, 1.181,12:25,-46,13:34,-42,14:48,-32,15:20,-27,15:52,-21,17:06,-08,18:14,+06
236-May-08,P, 1.091, 0.085,16:10,-36,17:52,-14,-,-,18:25,-08,-,-,18:59,-01,20:41,+19
236-Oct-31,N, 0.990,-0.012,22:25,+63,-,-,-,-,00:31,+77,-,-,-,-,02:37,+55
237-Sep-22,P, 1.038, 0.076,03:32,+34,05:06,+15,-,-,05:36,+09,-,-,06:05,+02,07:39,-18
238-Mar-18,T, 2.292, 1.223,06:32,+00,07:43,-15,08:57,-31,09:33,-38,10:09,-45,11:23,-57,12:34,-63
238-Sep-11,T, 2.305, 1.311,17:39,-12,18:39,+01,19:45,+15,20:23,+23,21:02,+31,22:07,+43,23:07,+52
239-Sep-01,T, 2.056, 1.009,02:42,+39,03:52,+27,05:27,+08,05:34,+06,05:42,+05,07:16,-15,08:26,-30
240-Feb-25,N, 0.812,-0.162,01:22,+69,-,-,-,-,03:16,+48,-,-,-,-,05:10,+24
240-Aug-20,N, 0.678,-0.402,05:50,+01,-,-,-,-,07:51,-25,-,-,-,-,09:52,-50
241-Jan-15,P, 1.251, 0.272,07:11,+02,08:29,-13,-,-,09:25,-23,-,-,10:20,-31,11:39,-39
241-Jul-10,P, 1.228, 0.192,15:56,-43,17:32,-23,-,-,18:23,-12,-,-,19:14,-02,20:50,+15
242-Jan-04,T, 2.505, 1.477,19:09,+18,20:11,+31,21:14,+44,22:00,+54,22:45,+64,23:48,+77,00:50,+85
242-Jun-30,T, 2.675, 1.695,01:07,+37,02:05,+33,03:04,+26,03:54,+18,04:44,+09,05:43,-02,06:40,-13
242-Dec-25,P, 1.956, 0.871,00:42,+85,01:58,+69,-,-,03:37,+47,-,-,05:16,+26,06:32,+10
243-Jun-19,P, 1.637, 0.693,16:59,-28,18:01,-15,-,-,19:23,+01,-,-,20:45,+16,21:47,+26
243-Dec-14,N, 0.705,-0.402,01:10,+78,-,-,-,-,03:13,+51,-,-,-,-,05:17,+24
244-May-10,N, 0.741,-0.227,03:20,+25,-,-,-,-,05:10,+05,-,-,-,-,07:01,-17
245-Apr-29,T, 2.100, 1.077,13:36,-68,14:43,-55,16:04,-38,16:26,-33,16:47,-28,18:09,-11,19:16,+03
245-Oct-22,T, 2.196, 1.209,20:24,+35,21:23,+47,22:31,+61,23:03,+67,23:36,+72,00:44,+73,01:43,+65
246-Apr-18,T, 2.251, 1.182,17:22,-18,18:34,-03,19:51,+13,20:24,+20,20:57,+26,22:14,+40,23:26,+49
247-Apr-07,N, 0.892,-0.178,18:29,-03,-,-,-,-,20:43,+26,-,-,-,-,22:58,+49
247-Oct-02,N, 0.963,-0.025,03:48,+32,-,-,-,-,05:51,+06,-,-,-,-,07:55,-20
248-Aug-21,N, 1.033,-0.025,23:45,+50,-,-,-,-,02:05,+44,-,-,-,-,04:25,+21
249-Feb-14,T, 2.414, 1.446,23:59,+73,00:55,+75,01:55,+67,02:38,+59,03:21,+50,04:21,+37,05:17,+25
249-Aug-11,T, 2.370, 1.290,00:05,+46,01:17,+45,02:29,+38,03:09,+32,03:50,+25,05:02,+11,06:14,-03
250-Feb-04,T, 2.007, 1.039,16:15,-23,17:13,-12,18:33,+04,18:48,+07,19:02,+10,20:23,+27,21:21,+40
250-Jul-31,P, 2.041, 0.990,01:32,+40,02:43,+32,-,-,04:26,+16,-,-,06:08,-04,07:20,-19
251-Jan-25,N, 0.694,-0.317,06:54,+05,-,-,-,-,08:44,-16,-,-,-,-,10:35,-34
251-Jun-21,N, 0.261,-0.704,02:13,+33,-,-,-,-,03:22,+24,-,-,-,-,04:31,+12
251-Dec-15,N, 1.045,-0.052,20:10,+32,-,-,-,-,22:34,+64,-,-,-,-,00:58,+83
252-Jun-09,P, 1.645, 0.705,17:25,-22,18:27,-09,-,-,19:49,+07,-,-,21:12,+21,22:13,+30
252-Dec-03,T, 2.274, 1.172,18:30,+12,19:45,+28,21:02,+44,21:35,+51,22:07,+59,23:24,+75,00:39,+85
253-Nov-22,T, 2.251, 1.193,20:49,+43,21:57,+58,23:10,+74,23:43,+80,00:16,+84,01:29,+73,02:37,+58
254-May-19,P, 1.225, 0.217,23:06,+39,00:36,+42,-,-,01:28,+39,-,-,02:21,+33,03:50,+20
256-Mar-28,T, 2.180, 1.116,13:38,-60,14:49,-49,16:10,-33,16:37,-28,17:04,-22,18:24,-05,19:35,+10
256-Sep-22,T, 2.246, 1.246,01:44,+54,02:45,+44,03:53,+31,04:28,+23,05:04,+16,06:11,+02,07:12,-11
257-Mar-17,T, 2.184, 1.170,19:46,+17,20:50,+30,22:03,+45,22:34,+50,23:04,+55,00:17,+63,01:21,+61
258-Feb-06,N, 0.022,-0.942,01:46,+73,-,-,-,-,02:06,+69,-,-,-,-,02:26,+65
259-Jan-26,P, 1.222, 0.244,15:50,-25,17:10,-11,-,-,18:03,-01,-,-,18:56,+10,20:16,+26
259-Jul-21,P, 1.098, 0.062,22:58,+36,00:49,+40,-,-,01:19,+39,-,-,01:48,+37,03:39,+24
260-Jan-16,T, 2.487, 1.458,03:36,+48,04:39,+34,05:42,+21,06:27,+11,07:13,+02,08:16,-10,09:19,-21
261-Jun-30,P, 1.772, 0.829,00:25,+39,01:25,+37,-,-,02:52,+28,-,-,04:20,+14,05:20,+04
262-Jun-19,N, 0.427,-0.524,18:37,-07,-,-,-,-,20:02,+09,-,-,-,-,21:27,+23
262-Nov-13,N, 0.866,-0.175,18:16,+09,-,-,-,-,20:21,+36,-,-,-,-,22:26,+63
263-May-10,P, 1.960, 0.935,20:36,+20,21:44,+31,-,-,23:23,+42,-,-,01:02,+43,02:11,+37
263-Nov-03,T, 2.181, 1.195,05:06,+19,06:05,+07,07:14,-07,07:45,-14,08:16,-19,09:25,-31,10:24,-40
264-Apr-28,T, 2.393, 1.325,23:58,+49,01:08,+47,02:19,+39,03:02,+33,03:44,+26,04:55,+12,06:05,-03
264-Oct-22,T, 2.270, 1.303,20:39,+38,21:35,+50,22:38,+62,23:15,+69,23:53,+73,00:56,+72,01:52,+63
265-Apr-18,N, 1.022,-0.044,01:08,+51,-,-,-,-,03:29,+32,-,-,-,-,05:51,+03
266-Mar-08,P, 1.007, 0.006,18:39,+02,20:39,+28,-,-,20:48,+30,-,-,20:57,+32,22:57,+55
268-Feb-16,T, 2.050, 1.084,00:41,+76,01:39,+70,02:54,+56,03:15,+52,03:36,+47,04:51,+31,05:49,+18
269-Feb-04,N, 0.722,-0.289,15:11,-33,-,-,-,-,17:04,-14,-,-,-,-,18:56,+08
269-Jul-30,N, 0.811,-0.182,17:36,-21,-,-,-,-,19:34,+03,-,-,-,-,21:32,+25
269-Dec-26,N, 1.030,-0.067,04:17,+37,-,-,-,-,06:41,+07,-,-,-,-,09:04,-19
270-Jun-21,P, 1.510, 0.570,00:59,+39,02:03,+34,-,-,03:19,+24,-,-,04:35,+11,05:39,-01
270-Dec-15,T, 2.264, 1.163,02:37,+58,03:51,+42,05:09,+26,05:41,+19,06:12,+13,07:30,-03,08:44,-16
271-Jun-10,T, 2.806, 1.845,17:21,-23,18:16,-12,19:13,+00,20:04,+09,20:54,+18,21:51,+26,22:46,+33
271-Dec-04,T, 2.256, 1.200,05:16,+21,06:24,+08,07:36,-07,08:10,-13,08:43,-18,09:56,-29,11:04,-37
272-Nov-22,P, 1.016, 0.017,15:51,-19,17:43,+02,-,-,17:58,+05,-,-,18:12,+08,20:04,+31
273-Apr-19,N, 0.675,-0.399,20:41,+24,-,-,-,-,22:41,+44,-,-,-,-,00:42,+52
273-Oct-13,N, 0.957,-0.012,20:36,+34,-,-,-,-,22:36,+59,-,-,-,-,00:36,+70
274-Apr-08,P, 2.057, 0.999,20:39,+26,21:51,+39,-,-,23:34,+53,-,-,01:18,+54,02:30,+45
275-Mar-29,T, 2.280, 1.272,03:18,+38,04:21,+26,05:29,+11,06:06,+03,06:44,-05,07:52,-20,08:54,-33
275-Sep-22,T, 2.207, 1.148,17:49,-07,18:58,+08,20:15,+25,20:44,+31,21:14,+37,22:31,+52,23:40,+61
276-Mar-17,N, 0.963,-0.001,17:22,-16,-,-,-,-,19:23,+10,-,-,-,-,21:25,+35
276-Sep-10,N, 0.868,-0.221,19:53,+18,-,-,-,-,22:08,+45,-,-,-,-,00:22,+59
277-Feb-06,P, 1.182, 0.205,00:22,+79,01:45,+72,-,-,02:34,+62,-,-,03:23,+52,04:46,+34
278-Jul-21,T, 2.415, 1.438,15:53,-43,16:51,-31,17:53,-18,18:37,-09,19:21,+00,20:23,+12,21:21,+22
279-Jan-15,P, 1.991, 0.905,16:52,-12,18:08,+02,-,-,19:49,+23,-,-,21:29,+45,22:45,+61
280-Jan-04,N, 0.734,-0.369,17:11,-07,-,-,-,-,19:16,+18,-,-,-,-,21:22,+44
280-May-31,N, 0.462,-0.511,18:15,-12,-,-,-,-,19:46,+06,-,-,-,-,21:16,+21
280-Jun-30,N, 0.554,-0.399,01:52,+35,-,-,-,-,03:28,+23,-,-,-,-,05:03,+07
280-Nov-24,N, 0.865,-0.174,02:48,+54,-,-,-,-,04:53,+27,-,-,-,-,06:57,+01
281-May-21,P, 1.812, 0.784,03:29,+22,04:41,+09,-,-,06:14,-09,-,-,07:48,-28,09:00,-44
281-Nov-13,T, 2.173, 1.187,13:53,-39,14:52,-31,16:01,-19,16:32,-14,17:02,-08,18:11,+06,19:10,+18
282-Nov-03,T, 2.288, 1.318,05:26,+15,06:22,+03,07:25,-10,08:02,-17,08:40,-24,09:43,-35,10:39,-42
283-Oct-23,P, 1.019, 0.021,20:39,+37,22:30,+60,-,-,22:46,+63,-,-,23:02,+66,00:53,+72
284-Mar-19,N, 0.927,-0.068,02:30,+50,-,-,-,-,04:34,+25,-,-,-,-,06:38,-01
284-Sep-12,N, 0.860,-0.210,14:36,-50,-,-,-,-,16:47,-23,-,-,-,-,18:58,+05
285-Mar-08,T, 2.284, 1.325,16:29,-26,17:25,-14,18:27,-01,19:06,+07,19:44,+15,20:47,+29,21:43,+40
285-Sep-01,T, 2.160, 1.074,14:07,-59,15:21,-44,16:47,-26,17:09,-21,17:31,-17,18:57,+02,20:11,+18
286-Aug-21,T, 2.272, 1.220,15:43,-42,16:52,-27,18:05,-12,18:40,-04,19:15,+03,20:28,+18,21:37,+31
287-Feb-15,N, 0.760,-0.252,23:21,+67,-,-,-,-,01:16,+75,-,-,-,-,03:11,+54
287-Aug-11,N, 0.926,-0.067,01:01,+44,-,-,-,-,03:05,+32,-,-,-,-,05:09,+10
289-Jun-21,T, 2.734, 1.770,00:41,+39,01:36,+36,02:34,+29,03:24,+22,04:14,+14,05:12,+04,06:07,-07
289-Dec-14,T, 2.262, 1.209,13:43,-36,14:51,-29,16:03,-18,16:36,-12,17:10,-06,18:22,+08,19:30,+22
290-Dec-04,P, 1.023, 0.026,00:39,+83,02:28,+60,-,-,02:46,+56,-,-,03:03,+53,04:52,+29
291-May-01,N, 0.530,-0.542,03:27,+29,-,-,-,-,05:16,+08,-,-,-,-,07:04,-15
291-May-30,N, 0.046,-1.015,19:31,+04,-,-,-,-,20:04,+10,-,-,-,-,20:37,+16
291-Oct-25,N, 0.931,-0.042,05:17,+16,-,-,-,-,07:16,-09,-,-,-,-,09:15,-32
292-Apr-19,P, 1.925, 0.872,03:33,+30,04:47,+15,-,-,06:26,-06,-,-,08:04,-27,09:18,-43
292-Oct-13,T, 2.164, 1.152,18:16,+04,19:18,+17,20:31,+33,21:00,+39,21:29,+45,22:41,+60,23:44,+69
293-Oct-03,T, 2.263, 1.198,01:34,+59,02:44,+47,03:58,+31,04:32,+24,05:05,+17,06:20,+01,07:29,-14
294-Mar-29,P, 1.056, 0.097,01:11,+57,02:42,+45,-,-,03:16,+39,-,-,03:50,+32,05:22,+13
294-Sep-22,N, 0.944,-0.148,03:10,+39,-,-,-,-,05:29,+10,-,-,-,-,07:49,-20
296-Feb-06,T, 2.420, 1.389,20:07,+26,21:11,+40,22:16,+54,22:59,+63,23:42,+71,00:47,+78,01:51,+71
296-Jul-31,T, 2.298, 1.322,23:26,+41,00:24,+43,01:28,+41,02:08,+38,02:47,+33,03:51,+23,04:50,+13
297-Jan-26,P, 2.022, 0.937,00:47,+81,02:02,+69,-,-,03:44,+47,-,-,05:26,+25,06:41,+08
297-Jul-21,T, 2.024, 1.080,15:32,-47,16:28,-35,17:43,-20,18:04,-15,18:25,-11,19:40,+04,20:36,+15
298-Jan-15,N, 0.758,-0.342,01:04,+81,-,-,-,-,03:12,+54,-,-,-,-,05:19,+26
298-Jun-12,N, 0.320,-0.656,01:43,+34,-,-,-,-,03:00,+25,-,-,-,-,04:17,+13
299-Nov-24,T, 2.170, 1.184,22:44,+69,23:43,+81,00:52,+80,01:22,+74,01:53,+67,03:01,+53,04:00,+40
300-Nov-13,T, 2.298, 1.326,14:17,-36,15:13,-28,16:15,-17,16:54,-10,17:32,-02,18:34,+11,19:31,+22
301-May-09,P, 1.310, 0.252,14:12,-62,15:47,-42,-,-,16:46,-29,-,-,17:45,-17,19:21,+03
301-Nov-03,P, 1.033, 0.030,05:13,+18,07:02,-05,-,-,07:22,-09,-,-,07:41,-13,09:30,-33
302-Sep-23,N, 0.792,-0.284,22:12,+50,-,-,-,-,00:19,+64,-,-,-,-,02:26,+50
303-Mar-20,T, 2.202, 1.247,00:33,+63,01:29,+60,02:35,+50,03:09,+44,03:43,+37,04:49,+23,05:45,+11
303-Sep-12,P, 2.075, 0.986,21:22,+37,22:38,+50,-,-,00:22,+59,-,-,02:07,+50,03:23,+37
304-Mar-08,T, 2.172, 1.209,17:07,-17,18:04,-06,19:11,+09,19:44,+16,20:16,+22,21:23,+37,22:20,+48
304-Aug-31,T, 2.367, 1.315,23:04,+49,00:12,+53,01:21,+51,02:02,+47,02:43,+41,03:52,+29,04:59,+15
306-Jan-16,N, 0.982,-0.115,20:18,+30,-,-,-,-,22:39,+61,-,-,-,-,01:00,+82
306-Jul-12,P, 1.253, 0.310,16:13,-39,17:26,-23,-,-,18:24,-11,-,-,19:22,+00,20:36,+14
307-Jan-05,T, 2.233, 1.138,18:47,+13,20:01,+28,21:20,+45,21:49,+51,22:19,+58,23:38,+75,00:52,+85
307-Dec-25,T, 2.268, 1.219,22:12,+59,23:18,+74,00:30,+87,01:04,+82,01:39,+75,02:50,+59,03:57,+45
308-Jun-20,P, 1.658, 0.639,19:33,+03,20:47,+16,-,-,22:12,+29,-,-,23:38,+37,00:52,+38
309-Jun-10,N, 0.199,-0.863,01:23,+36,-,-,-,-,02:30,+29,-,-,-,-,03:38,+19
309-Nov-04,N, 0.914,-0.061,14:03,-41,-,-,-,-,16:02,-22,-,-,-,-,18:00,+02
310-Oct-25,T, 2.137, 1.120,02:40,+50,03:43,+37,04:58,+21,05:24,+15,05:50,+10,07:05,-06,08:09,-19
311-Apr-19,T, 2.508, 1.512,18:04,-09,19:04,+04,20:06,+16,20:53,+25,21:40,+34,22:41,+43,23:41,+49
313-Feb-27,P, 1.067, 0.091,17:04,-17,18:38,+02,-,-,19:11,+09,-,-,19:44,+16,21:18,+36
313-Aug-22,N, 0.776,-0.257,20:57,+24,-,-,-,-,22:58,+44,-,-,-,-,00:58,+50
314-Feb-17,T, 2.367, 1.336,04:10,+38,05:14,+24,06:21,+09,07:02,+01,07:43,-08,08:49,-21,09:53,-33
315-Aug-01,T, 2.140, 1.194,23:14,+41,00:09,+44,01:17,+43,01:48,+41,02:19,+37,03:26,+28,04:22,+19
316-Jul-21,N, 0.795,-0.166,16:35,-33,-,-,-,-,18:28,-10,-,-,-,-,20:21,+12
316-Dec-15,N, 0.868,-0.164,19:59,+31,-,-,-,-,22:02,+57,-,-,-,-,00:06,+84
317-Jun-11,P, 1.506, 0.473,17:09,-26,18:30,-10,-,-,19:46,+05,-,-,21:03,+19,22:24,+30
318-May-31,T, 2.863, 1.795,19:18,+02,20:28,+15,21:32,+26,22:26,+33,23:19,+38,00:24,+40,01:33,+38
318-Nov-24,T, 2.304, 1.331,23:10,+75,00:07,+83,01:09,+76,01:48,+68,02:26,+60,03:29,+46,04:25,+34
319-May-20,P, 1.464, 0.410,20:40,+20,22:06,+33,-,-,23:20,+41,-,-,00:34,+43,02:00,+38
319-Nov-14,P, 1.039, 0.032,13:53,-40,15:42,-24,-,-,16:02,-20,-,-,16:22,-16,18:11,+05
320-Apr-09,N, 0.733,-0.250,17:55,-11,-,-,-,-,19:46,+12,-,-,-,-,21:38,+34
320-May-09,N, 0.135,-0.871,04:40,+13,-,-,-,-,05:32,+02,-,-,-,-,06:24,-08
320-Oct-04,N, 0.738,-0.343,05:55,+05,-,-,-,-,07:59,-21,-,-,-,-,10:03,-44
321-Sep-23,P, 2.005, 0.914,04:47,+18,06:04,+02,-,-,07:46,-20,-,-,09:28,-41,10:45,-54
322-Mar-20,T, 2.251, 1.289,01:08,+62,02:04,+55,03:09,+44,03:45,+37,04:22,+29,05:27,+15,06:23,+03
323-Mar-09,N, 0.875,-0.136,15:07,-42,-,-,-,-,17:10,-18,-,-,-,-,19:14,+08
323-Sep-01,P, 1.118, 0.125,16:21,-32,17:55,-12,-,-,18:34,-04,-,-,19:13,+05,20:47,+24
324-Jan-28,N, 0.945,-0.150,04:11,+40,-,-,-,-,06:30,+10,-,-,-,-,08:49,-18
324-Jul-22,P, 1.134, 0.189,23:56,+42,01:17,+41,-,-,02:03,+38,-,-,02:49,+32,04:10,+19
325-Jan-16,T, 2.208, 1.116,02:46,+59,03:59,+43,05:20,+25,05:47,+20,06:14,+14,07:35,-02,08:49,-16
325-Jul-12,T, 2.469, 1.497,15:24,-49,16:21,-37,17:22,-25,18:07,-15,18:53,-06,19:54,+06,20:51,+16
326-Jan-05,T, 2.278, 1.234,06:37,+08,07:43,-05,08:53,-18,09:29,-23,10:04,-29,11:15,-37,12:21,-41
326-Jul-02,P, 1.800, 0.777,02:23,+31,03:34,+21,-,-,05:06,+05,-,-,06:39,-13,07:50,-28
326-Dec-25,P, 1.036, 0.045,18:16,+08,19:59,+29,-,-,20:22,+34,-,-,20:45,+39,22:29,+61
327-May-22,N, 0.222,-0.847,16:57,-27,-,-,-,-,18:09,-12,-,-,-,-,19:21,+02
327-Nov-15,N, 0.902,-0.076,22:53,+69,-,-,-,-,00:51,+78,-,-,-,-,02:49,+54
328-May-10,P, 1.639, 0.596,17:13,-22,18:32,-06,-,-,19:57,+11,-,-,21:22,+27,22:40,+38
329-Apr-30,T, 2.635, 1.644,01:21,+45,02:20,+38,03:20,+29,04:09,+20,04:59,+10,05:59,-02,06:58,-15
329-Oct-24,T, 2.342, 1.266,17:25,-05,18:35,+10,19:46,+26,20:25,+34,21:03,+43,22:15,+58,23:25,+71
330-Apr-19,P, 1.274, 0.323,16:30,-30,17:44,-14,-,-,18:44,-02,-,-,19:43,+10,20:57,+25
330-Oct-13,N, 1.056,-0.043,18:13,+04,-,-,-,-,20:39,+36,-,-,-,-,23:05,+65
331-Mar-11,P, 0.990, 0.015,01:12,+66,03:03,+49,-,-,03:16,+46,-,-,03:30,+43,05:20,+20
331-Sep-03,N, 0.694,-0.339,04:35,+18,-,-,-,-,06:29,-05,-,-,-,-,08:24,-30
332-Aug-22,T, 2.101, 1.125,14:57,-52,15:57,-39,17:10,-24,17:36,-18,18:02,-13,19:15,+03,20:14,+15
333-Feb-16,T, 2.122, 1.039,16:09,-26,17:23,-12,18:53,+07,19:09,+10,19:25,+14,20:54,+33,22:08,+49
334-Feb-05,N, 0.836,-0.257,16:31,-20,-,-,-,-,18:43,+06,-,-,-,-,20:55,+34
334-Aug-02,N, 0.907,-0.059,00:04,+44,-,-,-,-,02:03,+39,-,-,-,-,04:03,+22
334-Dec-27,N, 0.867,-0.162,04:34,+34,-,-,-,-,06:37,+09,-,-,-,-,08:40,-14
335-Jun-22,P, 1.353, 0.316,23:57,+38,01:25,+36,-,-,02:30,+30,-,-,03:34,+21,05:02,+06
335-Dec-16,T, 2.166, 1.184,16:31,-12,17:29,-01,18:38,+12,19:08,+18,19:38,+25,20:47,+39,21:45,+51
336-Jun-11,T, 2.758, 1.690,01:41,+35,02:51,+27,03:56,+17,04:48,+08,05:41,-02,06:46,-15,07:55,-30
337-May-31,P, 1.620, 0.568,03:10,+25,04:30,+11,-,-,05:54,-05,-,-,07:19,-22,08:39,-39
337-Nov-24,P, 1.041, 0.031,22:34,+66,00:24,+83,-,-,00:43,+81,-,-,01:03,+77,02:53,+54
338-Apr-21,N, 0.625,-0.353,01:32,+46,-,-,-,-,03:16,+31,-,-,-,-,04:59,+12
339-Apr-10,T, 2.002, 1.054,16:21,-31,17:18,-19,18:36,-03,18:53,+01,19:11,+05,20:28,+21,21:26,+31
339-Oct-04,P, 1.949, 0.855,12:21,-59,13:39,-53,-,-,15:19,-36,-,-,16:58,-16,18:17,+01
340-Sep-22,T, 2.515, 1.462,14:20,-51,15:26,-38,16:32,-25,17:18,-15,18:04,-05,19:09,+09,20:16,+24
341-Mar-19,N, 0.954,-0.057,22:44,+53,-,-,-,-,00:52,+64,-,-,-,-,03:00,+47
341-Sep-12,P, 1.194, 0.201,00:18,+57,01:45,+51,-,-,02:34,+44,-,-,03:23,+36,04:49,+19
343-Jul-23,T, 2.345, 1.369,22:50,+37,23:48,+41,00:52,+42,01:33,+40,02:15,+36,03:18,+28,04:16,+18
344-Jan-16,T, 2.295, 1.255,14:59,-31,16:04,-21,17:14,-09,17:50,-02,18:27,+05,19:36,+20,20:42,+33
345-Jan-05,P, 1.047, 0.059,03:02,+55,04:41,+34,-,-,05:08,+28,-,-,05:35,+23,07:15,+03
345-Jun-01,N, 0.066,-1.003,23:53,+41,-,-,-,-,00:33,+41,-,-,-,-,01:13,+40
346-May-22,P, 1.491, 0.452,00:02,+43,01:25,+40,-,-,02:40,+32,-,-,03:56,+20,05:18,+04
346-Nov-15,T, 2.110, 1.084,19:43,+28,20:48,+42,22:06,+59,22:28,+64,22:50,+68,00:09,+82,01:14,+75
347-Nov-05,T, 2.367, 1.286,01:29,+67,02:40,+53,03:51,+37,04:30,+29,05:09,+20,06:20,+05,07:31,-09
348-Apr-30,P, 1.395, 0.447,00:03,+47,01:12,+45,-,-,02:20,+38,-,-,03:29,+27,04:38,+14
348-Oct-24,N, 1.095,-0.007,01:58,+60,-,-,-,-,04:27,+28,-,-,-,-,06:55,-03
349-Apr-19,N, 0.088,-0.862,18:47,-01,-,-,-,-,19:26,+07,-,-,-,-,20:06,+15
350-Mar-10,T, 2.221, 1.190,19:46,+17,20:52,+32,22:05,+46,22:37,+53,23:10,+58,00:23,+66,01:28,+64
350-Sep-02,T, 2.019, 1.043,22:56,+48,23:56,+53,01:17,+52,01:32,+51,01:48,+49,03:09,+37,04:09,+26
351-Feb-27,T, 2.192, 1.111,23:35,+66,00:49,+71,02:10,+61,02:36,+56,03:03,+51,04:24,+33,05:37,+17
351-Aug-23,T, 2.342, 1.391,14:58,-51,15:53,-40,16:54,-27,17:35,-18,18:16,-09,19:17,+04,20:11,+15
352-Feb-17,N, 0.895,-0.193,00:01,+72,-,-,-,-,02:16,+62,-,-,-,-,04:32,+34
353-Dec-27,T, 2.159, 1.180,01:22,+77,02:21,+64,03:29,+49,03:59,+43,04:29,+36,05:38,+22,06:36,+10
354-Dec-16,T, 2.309, 1.334,17:02,-06,17:58,+04,19:01,+17,19:39,+25,20:18,+33,21:20,+46,22:17,+58
356-May-30,N, 0.422,-0.575,18:10,-12,-,-,-,-,19:39,+06,-,-,-,-,21:09,+22
356-Oct-25,N, 0.664,-0.427,21:42,+53,-,-,-,-,23:41,+75,-,-,-,-,01:40,+66
357-Apr-21,P, 1.887, 0.942,00:06,+50,01:05,+49,-,-,02:36,+38,-,-,04:08,+23,05:06,+11
357-Oct-14,P, 1.906, 0.810,20:04,+29,21:23,+46,-,-,23:01,+65,-,-,00:39,+71,01:58,+60
358-Apr-10,T, 2.446, 1.485,16:45,-26,17:40,-14,18:40,-01,19:25,+08,20:10,+17,21:10,+29,22:05,+39
358-Oct-03,T, 2.569, 1.516,22:13,+53,23:18,+63,00:23,+67,01:10,+63,01:58,+57,03:02,+45,04:08,+31
359-Mar-31,P, 1.043, 0.031,06:12,+01,08:05,-23,-,-,08:25,-27,-,-,08:46,-32,10:38,-54
360-Feb-18,N, 0.834,-0.257,19:31,+16,-,-,-,-,21:43,+44,-,-,-,-,23:55,+69
360-Aug-13,N, 0.923,-0.028,15:39,-43,-,-,-,-,17:37,-18,-,-,-,-,19:35,+06
360-Sep-12,N, 0.052,-0.906,01:19,+54,-,-,-,-,01:50,+51,-,-,-,-,02:20,+47
361-Feb-06,T, 2.127, 1.044,18:27,+03,19:40,+19,21:09,+38,21:26,+42,21:43,+46,23:11,+64,00:25,+76
362-Jan-26,T, 2.322, 1.288,23:15,+69,00:20,+81,01:28,+77,02:06,+69,02:44,+61,03:52,+46,04:57,+32
362-Jul-23,T, 2.075, 1.041,16:09,-40,17:17,-25,18:44,-07,19:00,-04,19:16,-01,20:43,+16,21:51,+27
363-Jul-12,N, 0.652,-0.418,19:59,+07,-,-,-,-,21:57,+27,-,-,-,-,23:55,+38
363-Dec-07,N, 0.889,-0.093,16:39,-11,-,-,-,-,18:37,+12,-,-,-,-,20:34,+36
364-Nov-26,T, 2.104, 1.074,04:18,+33,05:24,+19,06:43,+03,07:04,-01,07:25,-05,08:45,-20,09:50,-30
365-May-21,T, 2.792, 1.811,15:49,-41,16:46,-29,17:45,-17,18:36,-07,19:27,+03,20:26,+14,21:23,+24
367-Apr-01,N, 0.799,-0.175,17:06,-21,-,-,-,-,19:00,+04,-,-,-,-,20:54,+27
367-May-01,N, 0.201,-0.749,02:03,+39,-,-,-,-,03:02,+31,-,-,-,-,04:02,+20
367-Sep-24,N, 0.573,-0.460,20:21,+26,-,-,-,-,22:06,+47,-,-,-,-,23:50,+61
368-Mar-21,T, 2.126, 1.095,03:19,+41,04:26,+27,05:45,+10,06:09,+05,06:33,+00,07:53,-18,08:59,-32
369-Sep-02,T, 2.426, 1.472,23:02,+50,23:57,+54,00:56,+54,01:40,+50,02:23,+45,03:23,+35,04:17,+25
370-Aug-23,P, 1.101, 0.125,15:22,-45,16:53,-26,-,-,17:32,-18,-,-,18:11,-09,19:42,+10
371-Jan-17,N, 0.845,-0.173,21:37,+48,-,-,-,-,23:38,+74,-,-,-,-,01:39,+77
372-Jul-02,T, 2.439, 1.368,14:34,-60,15:44,-45,16:54,-31,17:39,-21,18:23,-12,19:33,+01,20:44,+14
372-Dec-27,T, 2.314, 1.340,01:55,+69,02:51,+57,03:54,+43,04:33,+35,05:12,+27,06:14,+14,07:10,+03
373-Jun-21,P, 1.934, 0.888,16:14,-38,17:26,-23,-,-,19:06,-03,-,-,20:45,+16,21:57,+27
373-Dec-16,P, 1.038, 0.022,15:59,-19,17:53,+02,-,-,18:10,+06,-,-,18:27,+09,20:20,+32
374-May-12,N, 0.385,-0.583,16:39,-31,-,-,-,-,18:02,-13,-,-,-,-,19:25,+03
374-Jun-11,N, 0.567,-0.426,01:03,+39,-,-,-,-,02:45,+29,-,-,-,-,04:26,+13
374-Nov-06,N, 0.640,-0.455,05:43,+12,-,-,-,-,07:40,-12,-,-,-,-,09:38,-32
375-Oct-26,P, 1.874, 0.777,03:55,+34,05:15,+17,-,-,06:51,-03,-,-,08:28,-23,09:47,-36
376-Apr-21,T, 2.561, 1.600,00:21,+51,01:16,+49,02:15,+42,03:02,+35,03:50,+26,04:49,+15,05:44,+04
376-Oct-14,T, 2.608, 1.556,06:16,+01,07:22,-13,08:25,-25,09:14,-35,10:02,-43,11:06,-51,12:11,-55
377-Oct-03,P, 1.308, 0.315,16:41,-20,18:00,-03,-,-,19:00,+10,-,-,20:00,+23,21:20,+40
378-Mar-01,N, 0.757,-0.331,02:58,+50,-,-,-,-,05:05,+23,-,-,-,-,07:12,-05
378-Aug-24,N, 0.835,-0.120,23:42,+51,-,-,-,-,01:35,+49,-,-,-,-,03:28,+33
379-Feb-18,P, 2.068, 0.991,02:07,+64,03:21,+49,-,-,05:04,+26,-,-,06:48,+04,08:02,-12
379-Aug-14,T, 2.126, 1.139,13:58,-65,14:59,-53,16:12,-37,16:40,-31,17:07,-25,18:20,-10,19:21,+03
380-Aug-02,T, 2.201, 1.161,23:08,+40,00:16,+44,01:32,+42,02:02,+39,02:33,+36,03:49,+24,04:56,+12
381-Jan-26,P, 1.090, 0.111,20:19,+30,21:50,+49,-,-,22:27,+57,-,-,23:03,+65,00:35,+81
381-Jul-23,N, 0.794,-0.279,02:24,+33,-,-,-,-,04:33,+13,-,-,-,-,06:42,-12
381-Dec-18,N, 0.885,-0.099,01:33,+73,-,-,-,-,03:31,+48,-,-,-,-,05:28,+23
382-Dec-07,T, 2.100, 1.067,12:54,-41,14:00,-36,15:21,-25,15:41,-22,16:01,-19,17:22,-04,18:28,+09
383-Jun-01,T, 2.650, 1.672,23:03,+38,00:00,+40,00:59,+39,01:49,+36,02:38,+30,03:38,+21,04:35,+11
383-Nov-26,T, 2.394, 1.306,17:50,+04,19:01,+19,20:12,+34,20:52,+43,21:33,+51,22:43,+67,23:55,+82
384-May-21,P, 1.657, 0.714,14:58,-53,16:00,-40,-,-,17:23,-22,-,-,18:46,-06,19:48,+06
384-Nov-14,P, 1.144, 0.039,17:49,+04,19:55,+30,-,-,20:20,+36,-,-,20:44,+41,22:50,+69
385-Apr-12,N, 0.687,-0.287,00:53,+55,-,-,-,-,02:40,+42,-,-,-,-,04:28,+22
385-Oct-05,N, 0.532,-0.501,04:27,+25,-,-,-,-,06:08,+03,-,-,-,-,07:49,-18
386-Sep-24,P, 1.895, 0.917,15:20,-39,16:22,-26,-,-,17:54,-07,-,-,19:26,+13,20:27,+27
387-Mar-21,T, 2.376, 1.299,13:58,-56,15:09,-44,16:21,-30,17:02,-22,17:43,-13,18:55,+03,20:06,+18
388-Mar-09,N, 1.051,-0.027,14:36,-48,-,-,-,-,16:59,-21,-,-,-,-,19:23,+10
388-Sep-02,P, 1.182, 0.200,23:14,+52,00:39,+55,-,-,01:27,+52,-,-,02:16,+46,03:41,+32
389-Jan-28,N, 0.820,-0.194,06:02,+16,-,-,-,-,08:01,-08,-,-,-,-,09:59,-29
389-Jul-24,N, 0.921,-0.130,20:36,+15,-,-,-,-,22:50,+35,-,-,-,-,01:03,+41
390-Jan-17,T, 2.131, 1.157,18:58,+13,19:56,+25,21:05,+40,21:33,+46,22:02,+52,23:11,+67,00:09,+79
390-Jul-13,T, 2.286, 1.214,21:05,+20,22:17,+31,23:33,+38,00:09,+40,00:44,+40,02:00,+36,03:12,+27
391-Jul-02,T, 2.088, 1.044,22:52,+35,00:02,+39,01:29,+37,01:46,+36,02:03,+34,03:30,+23,04:40,+11
391-Dec-28,P, 1.038, 0.020,00:40,+85,02:35,+61,-,-,02:51,+58,-,-,03:07,+54,05:01,+30
392-May-23,N, 0.259,-0.706,00:13,+40,-,-,-,-,01:21,+38,-,-,-,-,02:29,+31
392-Nov-16,N, 0.625,-0.473,13:49,-38,-,-,-,-,15:45,-21,-,-,-,-,17:42,+01
393-May-12,P, 1.639, 0.697,15:26,-46,16:27,-33,-,-,17:50,-16,-,-,19:12,+01,20:13,+12
394-Oct-25,T, 2.637, 1.585,14:28,-39,15:33,-28,16:36,-16,17:25,-06,18:14,+05,19:17,+18,20:22,+32
395-Apr-21,P, 1.261, 0.247,20:40,+24,22:08,+39,-,-,23:04,+47,-,-,00:00,+51,01:28,+48
395-Oct-15,P, 1.347, 0.354,01:06,+66,02:23,+53,-,-,03:26,+40,-,-,04:29,+27,05:47,+10
396-Oct-03,N, 0.157,-0.806,17:46,-06,-,-,-,-,18:38,+05,-,-,-,-,19:30,+16
397-Aug-24,T, 2.033, 1.040,21:42,+35,22:44,+45,00:07,+52,00:22,+52,00:38,+52,02:01,+46,03:03,+37
398-Feb-17,T, 2.404, 1.383,15:31,-33,16:34,-22,17:39,-09,18:21,+00,19:04,+08,20:09,+22,21:11,+36
399-Feb-07,P, 1.126, 0.150,04:48,+31,06:15,+12,-,-,06:57,+04,-,-,07:39,-05,09:06,-22
400-Jun-22,P, 1.047, 0.018,20:35,+15,22:37,+33,-,-,22:53,+35,-,-,23:08,+36,01:10,+39
400-Dec-17,T, 2.095, 1.059,21:29,+50,22:36,+65,23:58,+82,00:16,+85,00:35,+86,01:57,+70,03:03,+56
401-Dec-07,T, 2.404, 1.313,02:02,+65,03:13,+50,04:24,+35,05:05,+26,05:46,+17,06:56,+03,08:08,-10
402-Jun-01,P, 1.794, 0.852,22:24,+33,23:23,+38,-,-,00:52,+39,-,-,02:20,+32,03:20,+24
402-Nov-26,P, 1.158, 0.052,01:53,+66,03:56,+39,-,-,04:24,+33,-,-,04:52,+27,06:55,+02
403-May-22,N, 0.446,-0.505,16:35,-32,-,-,-,-,18:02,-14,-,-,-,-,19:28,+03
404-Apr-11,P, 1.900, 0.868,17:58,-10,19:09,+05,-,-,20:45,+25,-,-,22:22,+42,23:32,+51
404-Oct-04,P, 1.852, 0.874,23:46,+66,00:48,+65,-,-,02:18,+53,-,-,03:48,+35,04:50,+22
405-Mar-31,T, 2.489, 1.414,20:55,+30,22:06,+43,23:14,+53,00:00,+57,00:46,+57,01:55,+52,03:06,+40
405-Sep-24,T, 2.559, 1.598,15:35,-35,16:29,-24,17:26,-12,18:13,-02,19:00,+08,19:57,+21,20:52,+33
406-Mar-20,P, 1.147, 0.074,21:42,+41,23:37,+59,-,-,00:10,+61,-,-,00:43,+61,02:38,+49
407-Aug-05,N, 0.792,-0.265,03:38,+24,-,-,-,-,05:44,+01,-,-,-,-,07:50,-25
408-Jan-29,T, 2.103, 1.133,03:38,+47,04:36,+35,05:47,+19,06:13,+14,06:39,+08,07:50,-06,08:48,-17
408-Jul-24,T, 2.142, 1.068,03:43,+22,04:56,+09,06:23,-08,06:44,-13,07:05,-17,08:31,-35,09:45,-51
409-Jan-17,T, 2.341, 1.367,19:30,+20,20:27,+32,21:28,+45,22:09,+54,22:49,+63,23:51,+75,00:47,+83
410-Nov-27,N, 0.612,-0.488,21:57,+58,-,-,-,-,23:52,+83,-,-,-,-,01:47,+70
411-May-23,P, 1.506, 0.566,23:01,+38,00:05,+41,-,-,01:21,+39,-,-,02:36,+31,03:41,+21
411-Nov-16,P, 1.837, 0.738,19:57,+31,21:17,+49,-,-,22:52,+69,-,-,00:26,+83,01:46,+69
412-May-12,T, 2.814, 1.852,15:19,-47,16:14,-36,17:12,-24,18:02,-13,18:52,-03,19:50,+08,20:45,+19
412-Nov-04,T, 2.654, 1.604,22:48,+68,23:53,+78,00:55,+75,01:44,+66,02:34,+56,03:36,+42,04:41,+28
413-May-02,P, 1.387, 0.372,03:42,+24,05:04,+09,-,-,06:11,-05,-,-,07:19,-20,08:41,-37
414-Mar-22,N, 0.566,-0.516,17:31,-15,-,-,-,-,19:23,+09,-,-,-,-,21:14,+33
414-Sep-15,N, 0.691,-0.271,16:07,-30,-,-,-,-,17:51,-08,-,-,-,-,19:36,+14
414-Oct-15,N, 0.193,-0.772,02:16,+54,-,-,-,-,03:14,+43,-,-,-,-,04:11,+31
415-Mar-11,P, 1.913, 0.847,17:05,-19,18:20,-03,-,-,19:58,+18,-,-,21:35,+39,22:50,+53
415-Sep-05,P, 1.951, 0.952,05:31,+06,06:35,-07,-,-,08:11,-28,-,-,09:47,-47,10:51,-59
416-Feb-28,T, 2.464, 1.449,23:28,+65,00:30,+71,01:33,+67,02:18,+60,03:03,+51,04:06,+38,05:08,+25
416-Aug-24,T, 2.424, 1.372,13:26,-69,14:33,-57,15:41,-42,16:24,-33,17:08,-24,18:15,-09,19:23,+05
417-Aug-13,N, 1.051,-0.028,15:38,-45,-,-,-,-,18:03,-14,-,-,-,-,20:28,+16
418-Jan-08,N, 0.860,-0.125,19:12,+17,-,-,-,-,21:08,+41,-,-,-,-,23:05,+67
418-Jul-04,N, 0.908,-0.119,03:35,+22,-,-,-,-,05:44,-02,-,-,-,-,07:54,-28
418-Dec-29,T, 2.088, 1.050,06:02,+14,07:09,+01,08:33,-14,08:50,-17,09:07,-20,10:30,-32,11:37,-39
421-May-03,N, 0.434,-0.542,16:10,-36,-,-,-,-,17:38,-18,-,-,-,-,19:06,+01
421-Jun-01,N, 0.574,-0.379,23:50,+39,-,-,-,-,01:27,+36,-,-,-,-,03:05,+25
421-Oct-26,N, 0.484,-0.548,21:05,+43,-,-,-,-,22:41,+63,-,-,-,-,00:17,+75
422-Apr-23,P, 1.770, 0.737,01:06,+49,02:19,+41,-,-,03:51,+26,-,-,05:22,+07,06:35,-08
423-Apr-12,T, 2.615, 1.542,03:44,+29,04:54,+15,06:00,+01,06:50,-10,07:40,-21,08:46,-35,09:56,-50
423-Oct-06,T, 2.606, 1.642,00:03,+67,00:57,+65,01:54,+57,02:42,+48,03:29,+39,04:26,+27,05:21,+15
424-Mar-31,P, 1.260, 0.192,04:37,+21,06:18,-01,-,-,07:10,-12,-,-,08:02,-24,09:43,-45
424-Sep-24,P, 1.309, 0.316,15:18,-38,16:37,-22,-,-,17:38,-09,-,-,18:38,+04,19:58,+22
425-Feb-18,N, 0.740,-0.262,22:36,+57,-,-,-,-,00:29,+74,-,-,-,-,02:22,+63
427-Jan-29,T, 2.365, 1.392,04:10,+40,05:06,+27,06:08,+14,06:49,+06,07:30,-03,08:31,-15,09:28,-25
428-Jan-18,P, 1.057, 0.036,17:44,-03,19:35,+20,-,-,19:57,+24,-,-,20:18,+29,22:09,+53
428-Jul-12,P, 0.990, 0.005,22:13,+31,00:12,+41,-,-,00:20,+41,-,-,00:28,+41,02:27,+34
428-Dec-08,N, 0.602,-0.500,06:05,+13,-,-,-,-,08:00,-09,-,-,-,-,09:55,-28
429-Nov-27,P, 1.828, 0.729,04:05,+37,05:26,+19,-,-,06:59,+00,-,-,08:33,-17,09:54,-30
430-May-23,T, 2.730, 1.766,22:42,+37,23:37,+41,00:35,+41,01:25,+39,02:15,+34,03:13,+26,04:08,+17
431-Nov-05,P, 1.394, 0.401,18:20,+08,19:35,+24,-,-,20:42,+39,-,-,21:48,+53,23:03,+69
432-Apr-02,N, 0.452,-0.627,00:36,+56,-,-,-,-,02:17,+47,-,-,-,-,03:58,+29
432-Sep-26,N, 0.637,-0.329,00:30,+65,-,-,-,-,02:11,+53,-,-,-,-,03:53,+33
433-Mar-22,P, 1.817, 0.757,00:23,+62,01:39,+57,-,-,03:13,+42,-,-,04:47,+22,06:03,+06
433-Sep-15,P, 1.882, 0.876,13:28,-61,14:33,-50,-,-,16:07,-31,-,-,17:40,-12,18:46,+03
434-Sep-04,T, 2.517, 1.459,20:46,+27,21:53,+40,22:59,+50,23:46,+54,00:33,+56,01:39,+52,02:46,+42
435-Feb-28,P, 1.229, 0.263,21:24,+40,22:43,+56,-,-,23:37,+66,-,-,00:31,+71,01:50,+65
435-Aug-24,P, 1.164, 0.081,22:29,+41,00:25,+51,-,-,00:59,+50,-,-,01:34,+48,03:30,+32
436-Jan-20,N, 0.837,-0.148,03:54,+43,-,-,-,-,05:50,+19,-,-,-,-,07:46,-05
437-Jan-08,T, 2.073, 1.033,14:29,-34,15:37,-25,17:03,-10,17:17,-08,17:31,-05,18:58,+12,20:05,+26
437-Jul-03,T, 2.232, 1.262,20:58,+19,21:56,+28,23:02,+36,23:38,+38,00:14,+39,01:21,+38,02:19,+33
437-Dec-28,T, 2.423, 1.330,18:22,+09,19:34,+23,20:45,+38,21:27,+47,22:09,+56,23:19,+72,00:31,+86
438-Dec-17,P, 1.181, 0.077,18:03,+06,20:01,+30,-,-,20:35,+37,-,-,21:09,+45,23:07,+70
439-May-14,N, 0.297,-0.681,23:43,+44,-,-,-,-,00:57,+44,-,-,-,-,02:11,+38
439-Nov-07,N, 0.475,-0.556,05:34,+14,-,-,-,-,07:09,-06,-,-,-,-,08:44,-24
439-Dec-06,N, 0.006,-1.058,22:03,+58,-,-,-,-,22:14,+61,-,-,-,-,22:25,+63
440-Oct-26,P, 1.797, 0.817,16:58,-11,18:01,+03,-,-,19:29,+21,-,-,20:57,+41,22:00,+54
442-Oct-05,P, 1.355, 0.356,23:31,+66,00:50,+67,-,-,01:53,+58,-,-,02:58,+46,04:16,+30
443-Mar-02,N, 0.682,-0.314,06:45,+02,-,-,-,-,08:33,-21,-,-,-,-,10:22,-42
443-Mar-31,N, 0.087,-0.929,18:57,+03,-,-,-,-,19:39,+12,-,-,-,-,20:21,+21
443-Aug-26,N, 0.567,-0.501,18:02,-12,-,-,-,-,19:51,+12,-,-,-,-,21:41,+33
444-Feb-19,T, 2.014, 1.052,20:39,+31,21:37,+44,22:55,+60,23:11,+63,23:28,+66,00:46,+74,01:44,+69
444-Aug-14,P, 1.887, 0.808,17:21,-22,18:39,-05,-,-,20:17,+15,-,-,21:55,+33,23:13,+44
445-Aug-03,T, 2.500, 1.458,19:30,+05,20:36,+18,21:42,+29,22:28,+36,23:15,+42,00:20,+45,01:26,+44
446-Jan-29,P, 1.079, 0.058,02:06,+67,03:52,+44,-,-,04:20,+38,-,-,04:47,+32,06:34,+09
446-Jul-24,P, 1.120, 0.136,05:30,+02,07:02,-17,-,-,07:43,-25,-,-,08:24,-34,09:56,-53
446-Dec-19,N, 0.589,-0.513,14:13,-33,-,-,-,-,16:07,-17,-,-,-,-,18:01,+03
447-Dec-08,P, 1.819, 0.723,12:15,-40,13:35,-37,-,-,15:08,-26,-,-,16:42,-11,18:02,+04
448-Nov-26,T, 2.671, 1.624,15:43,-21,16:47,-09,17:49,+03,18:38,+13,19:28,+23,20:29,+36,21:34,+50
449-May-23,P, 1.661, 0.641,17:29,-20,18:43,-05,-,-,20:09,+12,-,-,21:35,+27,22:48,+36
449-Nov-16,P, 1.406, 0.414,03:06,+48,04:20,+32,-,-,05:27,+18,-,-,06:35,+04,07:49,-11
450-May-12,N, 0.208,-0.856,23:10,+42,-,-,-,-,00:19,+45,-,-,-,-,01:28,+42
450-Nov-05,N, 0.234,-0.735,19:40,+25,-,-,-,-,20:44,+39,-,-,-,-,21:47,+53
451-Sep-26,P, 1.825, 0.813,21:31,+43,22:38,+56,-,-,00:10,+65,-,-,01:41,+58,02:48,+47
452-Mar-21,T, 2.620, 1.618,15:01,-45,16:01,-34,17:01,-21,17:50,-11,18:39,-01,19:40,+12,20:40,+25
452-Sep-15,T, 2.598, 1.534,04:13,+25,05:21,+10,06:26,-04,07:15,-14,08:04,-24,09:09,-38,10:17,-51
453-Mar-11,P, 1.299, 0.337,05:31,+15,06:45,-01,-,-,07:46,-14,-,-,08:47,-27,10:01,-41
453-Sep-04,P, 1.264, 0.177,05:29,+07,07:14,-16,-,-,08:05,-26,-,-,08:56,-37,10:40,-58
454-Feb-28,N, 0.054,-0.907,23:44,+67,-,-,-,-,00:15,+70,-,-,-,-,00:46,+71
454-Jul-25,N, 0.654,-0.370,17:53,-16,-,-,-,-,19:45,+06,-,-,-,-,21:37,+27
455-Jan-19,T, 2.052, 1.012,22:52,+65,00:00,+79,01:31,+76,01:40,+74,01:48,+73,03:20,+53,04:28,+38
455-Jul-15,T, 2.104, 1.135,04:24,+13,05:23,+02,06:36,-12,07:03,-18,07:30,-23,08:42,-38,09:41,-51
456-Jan-09,T, 2.440, 1.347,02:26,+63,03:38,+48,04:48,+32,05:31,+23,06:14,+14,07:24,+00,08:36,-13
456-Jul-03,T, 2.200, 1.258,20:48,+17,21:43,+26,22:48,+33,23:23,+36,23:58,+38,01:02,+38,01:57,+35
456-Dec-28,P, 1.195, 0.093,02:06,+67,04:02,+42,-,-,04:39,+34,-,-,05:16,+26,07:11,+03
457-Dec-17,N, 0.019,-1.042,06:17,+12,-,-,-,-,06:38,+08,-,-,-,-,06:58,+04
458-May-14,P, 1.483, 0.447,15:02,-51,16:24,-34,-,-,17:39,-18,-,-,18:54,-03,20:16,+13
458-Nov-07,P, 1.783, 0.803,01:44,+65,02:47,+51,-,-,04:14,+33,-,-,05:42,+14,06:44,+01
459-May-03,T, 2.888, 1.817,16:59,-24,18:09,-10,19:14,+03,20:07,+14,21:00,+24,22:05,+34,23:14,+42
459-Oct-27,T, 2.670, 1.700,17:19,-05,18:14,+06,19:11,+18,19:59,+29,20:47,+39,21:44,+52,22:39,+63
460-Apr-21,P, 1.515, 0.457,18:12,-08,19:37,+10,-,-,20:54,+25,-,-,22:11,+38,23:36,+47
461-Apr-11,N, 0.202,-0.808,01:57,+46,-,-,-,-,03:01,+36,-,-,-,-,04:04,+25
461-Sep-06,N, 0.475,-0.599,01:25,+52,-,-,-,-,03:07,+38,-,-,-,-,04:48,+18
461-Oct-05,N, 0.003,-1.055,18:40,+08,-,-,-,-,18:49,+10,-,-,-,-,18:58,+12
462-Mar-02,P, 1.953, 0.994,04:58,+24,05:57,+12,-,-,07:30,-08,-,-,09:03,-28,10:02,-39
462-Aug-26,P, 1.776, 0.695,00:21,+51,01:42,+47,-,-,03:15,+34,-,-,04:47,+17,06:08,+00
463-Feb-19,T, 2.449, 1.478,21:05,+37,22:01,+49,23:01,+61,23:45,+68,00:29,+73,01:29,+70,02:25,+61
463-Aug-15,T, 2.618, 1.577,02:40,+36,03:45,+26,04:48,+14,05:38,+04,06:27,-06,07:31,-20,08:36,-34
464-Dec-29,N, 0.574,-0.528,22:19,+60,-,-,-,-,00:11,+84,-,-,-,-,02:04,+70
465-Jun-24,P, 1.103, 0.162,21:45,+25,23:07,+34,-,-,23:50,+37,-,-,00:33,+38,01:56,+34
465-Dec-18,P, 1.811, 0.716,20:25,+36,21:45,+53,-,-,23:18,+74,-,-,00:51,+85,02:11,+68
466-Dec-08,T, 2.673, 1.629,00:15,+86,01:19,+76,02:21,+62,03:10,+51,03:59,+41,05:01,+28,06:05,+14
467-Jun-04,P, 1.807, 0.784,00:16,+40,01:28,+38,-,-,03:01,+27,-,-,04:34,+12,05:45,-02
468-May-23,N, 0.356,-0.708,05:19,+03,-,-,-,-,06:49,-16,-,-,-,-,08:19,-35
468-Oct-17,N, 0.562,-0.413,17:37,-03,-,-,-,-,19:13,+18,-,-,-,-,20:49,+39
468-Nov-16,N, 0.245,-0.725,04:31,+29,-,-,-,-,05:35,+16,-,-,-,-,06:40,+02
469-Apr-12,P, 1.589, 0.541,14:40,-53,16:01,-37,-,-,17:22,-19,-,-,18:44,-02,20:04,+15
469-Oct-07,P, 1.780, 0.762,05:41,+08,06:51,-07,-,-,08:20,-25,-,-,09:49,-41,10:58,-51
470-Apr-01,T, 2.715, 1.719,22:38,+49,23:37,+56,00:37,+58,01:27,+55,02:17,+48,03:16,+38,04:15,+27
472-Feb-10,N, 0.763,-0.221,21:01,+37,-,-,-,-,22:53,+60,-,-,-,-,00:45,+75
472-Aug-05,N, 0.544,-0.480,01:14,+45,-,-,-,-,02:57,+33,-,-,-,-,04:40,+16
473-Jan-30,P, 2.020, 0.979,07:06,+01,08:15,-13,-,-,09:54,-31,-,-,11:33,-44,12:42,-47
474-Jul-15,T, 2.328, 1.385,04:22,+13,05:16,+03,06:17,-08,06:58,-17,07:39,-25,08:40,-38,09:34,-49
475-Jul-04,P, 0.965, 0.004,21:35,+24,23:31,+36,-,-,23:38,+37,-,-,23:44,+37,01:40,+36
475-Nov-28,N, 0.471,-0.556,22:45,+68,-,-,-,-,00:19,+84,-,-,-,-,01:53,+68
476-May-24,P, 1.330, 0.292,21:52,+31,23:22,+40,-,-,00:24,+42,-,-,01:26,+39,02:56,+29
477-May-13,T, 2.733, 1.663,23:30,+43,00:39,+44,01:45,+39,02:37,+33,03:29,+25,04:35,+13,05:44,-01
477-Nov-07,T, 2.688, 1.715,02:06,+60,03:01,+48,03:58,+36,04:47,+26,05:35,+15,06:32,+04,07:27,-07
478-May-03,P, 1.656, 0.602,00:53,+46,02:13,+38,-,-,03:39,+24,-,-,05:05,+08,06:25,-08
478-Oct-27,P, 1.413, 0.404,16:19,-17,17:37,-02,-,-,18:45,+13,-,-,19:53,+28,21:10,+44
479-Mar-23,N, 0.530,-0.454,22:42,+52,-,-,-,-,00:18,+62,-,-,-,-,01:55,+56
479-Oct-17,N, 0.039,-1.025,02:17,+55,-,-,-,-,02:47,+49,-,-,-,-,03:17,+43
481-Mar-02,T, 2.509, 1.539,05:20,+19,06:15,+07,07:15,-06,08:00,-16,08:46,-25,09:45,-37,10:41,-46
482-Feb-19,P, 1.158, 0.136,18:21,+00,19:58,+21,-,-,20:40,+30,-,-,21:22,+39,22:58,+59
482-Aug-14,P, 1.352, 0.368,20:29,+19,21:45,+33,-,-,22:50,+42,-,-,23:55,+48,01:11,+48
483-Jan-10,N, 0.552,-0.549,06:20,+13,-,-,-,-,08:11,-09,-,-,-,-,10:01,-28
483-Jul-06,P, 0.972, 0.029,05:22,+01,07:03,-19,-,-,07:21,-23,-,-,07:40,-26,09:21,-47
483-Dec-30,P, 1.798, 0.707,04:34,+34,05:54,+18,-,-,07:26,-01,-,-,08:58,-18,10:18,-30
484-Jun-24,T, 2.314, 1.341,20:36,+15,21:35,+24,22:39,+32,23:19,+36,23:59,+38,01:03,+38,02:01,+34
485-Dec-07,P, 1.417, 0.429,20:47,+42,22:00,+57,-,-,23:08,+72,-,-,00:16,+85,01:29,+75
486-May-04,N, 0.049,-1.022,21:42,+31,-,-,-,-,22:17,+36,-,-,-,-,22:51,+40
486-Oct-29,N, 0.539,-0.440,02:18,+57,-,-,-,-,03:53,+37,-,-,-,-,05:28,+16
487-Apr-23,P, 1.461, 0.418,21:42,+34,23:05,+45,-,-,00:18,+49,-,-,01:31,+46,02:55,+35
487-Oct-18,P, 1.747, 0.723,13:58,-45,15:09,-33,-,-,16:37,-17,-,-,18:04,+02,19:15,+17
488-Oct-06,T, 2.721, 1.646,19:32,+20,20:40,+35,21:45,+48,22:36,+58,23:27,+66,00:31,+69,01:39,+62
489-Apr-01,P, 1.472, 0.518,21:22,+35,22:29,+47,-,-,23:43,+56,-,-,00:56,+57,02:03,+51
489-Sep-25,P, 1.422, 0.329,20:01,+23,21:36,+43,-,-,22:44,+55,-,-,23:51,+63,01:26,+60
490-Feb-21,N, 0.710,-0.274,05:24,+20,-,-,-,-,07:12,-04,-,-,-,-,09:01,-26
490-Sep-14,N, 0.168,-0.892,22:50,+51,-,-,-,-,23:51,+57,-,-,-,-,00:52,+58
491-Feb-10,P, 1.977, 0.935,15:12,-35,16:22,-23,-,-,18:00,-04,-,-,19:38,+16,20:48,+31
491-Aug-05,P, 1.873, 0.905,19:37,+07,20:38,+19,-,-,22:11,+34,-,-,23:43,+44,00:44,+46
492-Jan-30,T, 2.501, 1.410,18:15,+02,19:26,+17,20:35,+32,21:20,+42,22:06,+52,23:14,+66,00:26,+79
493-Jan-18,P, 1.240, 0.144,18:02,+01,19:50,+23,-,-,20:36,+33,-,-,21:21,+43,23:10,+67
493-Jul-15,P, 1.088, 0.123,04:56,+07,06:26,-11,-,-,07:05,-18,-,-,07:43,-26,09:13,-45
494-Jan-07,N, 0.048,-1.004,22:51,+66,-,-,-,-,23:24,+73,-,-,-,-,23:56,+80
494-Jun-05,P, 1.175, 0.134,04:40,+09,06:22,-11,-,-,07:05,-20,-,-,07:49,-29,09:31,-50
494-Nov-28,P, 1.770, 0.792,19:28,+24,20:30,+38,-,-,21:57,+57,-,-,23:24,+75,00:26,+85
496-Nov-07,P, 1.427, 0.413,00:52,+75,02:10,+60,-,-,03:19,+45,-,-,04:28,+30,05:45,+14
497-May-02,N, 0.455,-0.543,15:59,-38,-,-,-,-,17:32,-19,-,-,-,-,19:04,+00
497-Sep-27,N, 0.326,-0.758,16:34,-23,-,-,-,-,17:59,-05,-,-,-,-,19:25,+14
498-Mar-23,P, 1.791, 0.840,21:15,+35,22:15,+46,-,-,23:43,+59,-,-,01:11,+60,02:11,+53
498-Sep-16,P, 1.599, 0.512,14:52,-47,16:18,-29,-,-,17:40,-11,-,-,19:02,+06,20:28,+25
499-Mar-13,T, 2.582, 1.613,13:26,-58,14:21,-51,15:20,-41,16:07,-32,16:55,-23,17:53,-11,18:49,+01
499-Sep-05,T, 2.815, 1.773,17:29,-15,18:33,-01,19:35,+12,20:27,+23,21:18,+33,22:20,+44,23:25,+53
500-Mar-02,P, 1.216, 0.193,02:14,+58,03:46,+40,-,-,04:36,+29,-,-,05:26,+18,06:57,-02
500-Aug-25,P, 1.451, 0.467,04:12,+22,05:25,+07,-,-,06:37,-08,-,-,07:48,-23,09:01,-38
501-Aug-14,N, 0.197,-0.753,21:16,+28,-,-,-,-,22:14,+38,-,-,-,-,23:13,+46
502-Jan-09,P, 1.781, 0.693,12:40,-41,14:00,-37,-,-,15:32,-26,-,-,17:03,-11,18:23,+04
502-Jul-06,T, 2.178, 1.201,03:55,+17,04:55,+07,06:04,-06,06:36,-13,07:09,-19,08:18,-34,09:18,-46
502-Dec-29,T, 2.681, 1.645,17:20,-04,18:23,+08,19:24,+20,20:14,+31,21:03,+41,22:04,+55,23:07,+68
503-Jun-25,T, 2.104, 1.074,13:46,-70,14:54,-56,16:17,-39,16:38,-34,17:00,-30,18:22,-13,19:30,+01
503-Dec-19,P, 1.423, 0.436,05:38,+18,06:51,+04,-,-,07:59,-09,-,-,09:08,-21,10:20,-32
504-Jun-13,N, 0.667,-0.400,17:41,-19,-,-,-,-,19:40,+05,-,-,-,-,21:40,+25
504-Dec-07,N, 0.252,-0.720,22:21,+62,-,-,-,-,23:27,+76,-,-,-,-,00:33,+84
505-May-04,P, 1.327, 0.289,04:40,+11,06:10,-07,-,-,07:12,-20,-,-,08:13,-33,09:43,-52
505-Oct-28,P, 1.722, 0.693,22:20,+62,23:32,+75,-,-,00:58,+73,-,-,02:25,+57,03:36,+42
506-Apr-23,T, 2.763, 1.779,13:35,-67,14:33,-56,15:32,-44,16:22,-33,17:13,-23,18:12,-10,19:10,+02
506-Oct-18,T, 2.764, 1.683,03:22,+40,04:31,+25,05:36,+12,06:27,+01,07:18,-10,08:23,-23,09:32,-36
507-Apr-13,P, 1.577, 0.627,05:06,+12,06:10,-02,-,-,07:29,-19,-,-,08:48,-36,09:52,-49
507-Oct-07,P, 1.481, 0.385,03:32,+37,05:05,+17,-,-,06:17,+01,-,-,07:30,-14,09:02,-33
508-Apr-01,N, 0.276,-0.680,23:13,+54,-,-,-,-,00:22,+58,-,-,-,-,01:31,+55
508-Aug-26,N, 0.359,-0.664,16:23,-31,-,-,-,-,17:48,-13,-,-,-,-,19:12,+05
509-Feb-20,P, 1.919, 0.877,23:08,+63,00:19,+72,-,-,01:55,+65,-,-,03:31,+46,04:42,+31
509-Aug-16,P, 1.773, 0.805,03:25,+29,04:27,+18,-,-,05:56,+00,-,-,07:24,-18,08:26,-31
510-Feb-10,T, 2.547, 1.457,01:57,+67,03:08,+53,04:16,+38,05:03,+28,05:51,+17,06:58,+03,08:09,-12
510-Aug-05,T, 2.563, 1.616,19:45,+08,20:38,+18,21:35,+28,22:23,+35,23:10,+41,00:07,+45,01:01,+45
511-Jan-30,P, 1.274, 0.182,01:52,+71,03:36,+49,-,-,04:27,+38,-,-,05:18,+26,07:02,+04
511-Dec-20,N, 0.475,-0.545,16:04,-19,-,-,-,-,17:38,-02,-,-,-,-,19:12,+17
512-Jan-19,N, 0.072,-0.975,07:02,+04,-,-,-,-,07:42,-04,-,-,-,-,08:21,-11
512-Dec-09,P, 1.768, 0.791,04:23,+34,05:25,+21,-,-,06:52,+03,-,-,08:18,-13,09:21,-23
513-Nov-28,T, 2.706, 1.729,19:50,+30,20:46,+42,21:42,+54,22:31,+65,23:19,+75,00:16,+85,01:12,+78
514-May-24,P, 1.959, 0.913,14:06,-64,15:18,-49,-,-,16:59,-28,-,-,18:39,-07,19:51,+07
515-May-13,N, 0.593,-0.400,22:58,+39,-,-,-,-,00:42,+42,-,-,-,-,02:25,+33
515-Oct-09,N, 0.270,-0.819,00:19,+68,-,-,-,-,01:38,+61,-,-,-,-,02:56,+46
515-Nov-07,N, 0.083,-0.991,18:16,+09,-,-,-,-,18:59,+18,-,-,-,-,19:42,+27
516-Apr-03,P, 1.694, 0.745,05:12,+13,06:14,+00,-,-,07:38,-18,-,-,09:02,-36,10:03,-49
516-Sep-26,P, 1.531, 0.443,22:22,+52,23:51,+63,-,-,01:08,+62,-,-,02:24,+51,03:53,+33
517-Mar-23,T, 2.668, 1.699,21:22,+37,22:18,+47,23:16,+56,00:05,+60,00:54,+60,01:51,+55,02:47,+46
517-Sep-16,T, 2.867, 1.825,01:10,+57,02:14,+49,03:15,+38,04:07,+27,04:59,+17,06:00,+04,07:05,-10
519-Jan-31,N, 0.480,-0.618,22:06,+53,-,-,-,-,23:50,+74,-,-,-,-,01:35,+76
519-Jul-27,N, 0.731,-0.217,20:49,+18,-,-,-,-,22:36,+34,-,-,-,-,00:23,+42
519-Aug-26,N, 0.289,-0.663,05:03,+12,-,-,-,-,06:13,-03,-,-,-,-,07:23,-17
520-Jan-20,P, 1.754, 0.670,20:41,+35,22:01,+53,-,-,23:31,+72,-,-,01:01,+82,02:22,+67
521-Jan-09,T, 2.692, 1.660,01:50,+71,02:52,+58,03:53,+45,04:42,+34,05:32,+23,06:33,+11,07:35,-02
521-Jul-05,T, 2.251, 1.216,20:32,+15,21:39,+25,22:52,+35,23:27,+38,00:02,+39,01:15,+39,02:22,+34
521-Dec-29,P, 1.430, 0.446,14:29,-33,15:40,-23,-,-,16:49,-12,-,-,17:59,+01,19:10,+16
522-Jun-24,N, 0.824,-0.244,23:54,+39,-,-,-,-,02:05,+34,-,-,-,-,04:16,+15
522-Nov-19,N, 0.513,-0.472,19:54,+31,-,-,-,-,21:27,+51,-,-,-,-,23:00,+71
524-May-03,T, 2.635, 1.655,20:58,+25,21:55,+34,22:54,+41,23:44,+45,00:33,+46,01:32,+43,02:30,+36
526-Mar-14,N, 0.564,-0.419,21:44,+42,-,-,-,-,23:23,+58,-,-,-,-,01:02,+62
526-Sep-07,N, 0.284,-0.738,00:11,+58,-,-,-,-,01:27,+54,-,-,-,-,02:42,+44
528-Aug-16,T, 2.666, 1.716,03:36,+27,04:29,+17,05:26,+06,06:15,-04,07:03,-14,08:00,-26,08:53,-37
529-Aug-05,P, 1.318, 0.343,19:49,+08,21:05,+23,-,-,22:08,+33,-,-,23:10,+41,00:27,+45
529-Dec-31,N, 0.472,-0.544,00:42,+84,-,-,-,-,02:15,+66,-,-,-,-,03:48,+46
530-Jun-26,N, 0.863,-0.184,18:13,-13,-,-,-,-,20:23,+12,-,-,-,-,22:33,+32
530-Dec-20,P, 1.765, 0.788,13:17,-39,14:20,-34,-,-,15:46,-22,-,-,17:12,-07,18:15,+05
531-Jun-15,T, 2.244, 1.175,18:46,-05,19:58,+08,21:16,+22,21:49,+27,22:22,+31,23:39,+38,00:51,+39
531-Dec-10,T, 2.710, 1.732,04:45,+29,05:40,+18,06:37,+06,07:26,-03,08:14,-12,09:11,-22,10:07,-30
532-Jun-03,T, 2.115, 1.072,20:42,+18,21:52,+28,23:16,+37,23:37,+38,23:58,+39,01:22,+37,02:32,+31
532-Nov-28,P, 1.440, 0.418,18:06,+08,19:24,+24,-,-,20:34,+39,-,-,21:44,+54,23:02,+71
533-Apr-24,N, 0.224,-0.744,22:05,+38,-,-,-,-,23:09,+46,-,-,-,-,00:13,+50
533-Nov-18,N, 0.092,-0.987,02:26,+58,-,-,-,-,03:12,+48,-,-,-,-,03:58,+38
534-Oct-08,P, 1.477, 0.387,06:01,+04,07:32,-15,-,-,08:44,-30,-,-,09:57,-43,11:28,-55
535-Apr-04,T, 2.765, 1.797,05:11,+12,06:07,+01,07:04,-12,07:54,-23,08:44,-33,09:42,-45,10:37,-56
536-Mar-23,P, 1.373, 0.351,17:28,-15,18:51,+03,-,-,19:57,+17,-,-,21:03,+30,22:26,+46
536-Sep-15,P, 1.611, 0.628,20:08,+23,21:16,+37,-,-,22:36,+52,-,-,23:57,+61,01:05,+60
537-Feb-11,N, 0.428,-0.667,05:51,+17,-,-,-,-,07:29,-04,-,-,-,-,09:08,-23
537-Aug-07,N, 0.621,-0.330,04:40,+13,-,-,-,-,06:20,-06,-,-,-,-,08:00,-27
538-Jan-31,P, 1.719, 0.640,04:38,+34,05:58,+16,-,-,07:27,-02,-,-,08:55,-19,10:15,-33
538-Jul-27,P, 1.923, 0.936,18:40,-07,19:44,+06,-,-,21:19,+23,-,-,22:54,+37,23:57,+42
539-Jul-17,T, 2.395, 1.355,03:20,+25,04:26,+14,05:34,+01,06:17,-08,07:00,-16,08:08,-30,09:14,-44
540-Jan-09,P, 1.442, 0.462,23:15,+71,00:26,+84,-,-,01:36,+75,-,-,02:46,+60,03:57,+45
540-Nov-30,N, 0.505,-0.483,04:44,+29,-,-,-,-,06:17,+10,-,-,-,-,07:50,-08
540-Dec-29,N, 0.259,-0.714,16:09,-19,-,-,-,-,17:16,-07,-,-,-,-,18:23,+06
541-May-25,P, 1.044, 0.015,18:31,-07,20:34,+16,-,-,20:49,+18,-,-,21:03,+20,23:06,+36
541-Nov-19,P, 1.696, 0.658,15:16,-25,16:30,-12,-,-,17:55,+04,-,-,19:20,+22,20:34,+37
542-May-15,T, 2.500, 1.525,04:17,+14,05:15,+03,06:15,-09,07:02,-18,07:48,-28,08:49,-41,09:46,-53
542-Nov-08,T, 2.820, 1.731,19:21,+23,20:31,+38,21:35,+52,22:27,+63,23:19,+74,00:23,+80,01:33,+70
543-May-04,P, 1.812, 0.868,20:20,+18,21:19,+28,-,-,22:48,+41,-,-,00:17,+46,01:16,+45
543-Oct-28,P, 1.562, 0.462,19:01,+17,20:30,+36,-,-,21:49,+53,-,-,23:07,+69,00:36,+76
544-Mar-25,N, 0.471,-0.513,05:42,+08,-,-,-,-,07:13,-12,-,-,-,-,08:45,-32
544-Oct-16,N, 0.340,-0.720,21:57,+53,-,-,-,-,23:22,+68,-,-,-,-,00:47,+70
545-Mar-14,P, 1.766, 0.724,14:33,-50,15:47,-36,-,-,17:17,-18,-,-,18:48,+02,20:01,+17
545-Sep-06,P, 1.610, 0.640,19:24,+11,20:29,+25,-,-,21:50,+40,-,-,23:10,+53,00:16,+58
546-Mar-03,T, 2.680, 1.595,16:52,-20,18:03,-05,19:08,+09,19:59,+20,20:50,+31,21:56,+44,23:06,+58
547-Feb-20,P, 1.378, 0.296,17:06,-16,18:41,+04,-,-,19:45,+18,-,-,20:49,+32,22:23,+52
547-Aug-17,P, 1.421, 0.440,03:23,+29,04:36,+16,-,-,05:46,+02,-,-,06:56,-12,08:09,-28
548-Feb-09,N, 0.147,-0.888,23:04,+64,-,-,-,-,00:00,+74,-,-,-,-,00:55,+78
548-Jul-07,N, 0.713,-0.339,01:03,+40,-,-,-,-,03:03,+28,-,-,-,-,05:04,+08
548-Dec-30,P, 1.757, 0.783,22:10,+58,23:12,+71,-,-,00:38,+85,-,-,02:04,+70,03:07,+56
549-Jun-26,T, 2.084, 1.014,01:14,+38,02:28,+31,04:04,+17,04:14,+15,04:24,+13,06:00,-05,07:14,-20
549-Dec-20,T, 2.714, 1.735,13:38,-37,14:34,-31,15:31,-24,16:20,-16,17:08,-07,18:05,+04,19:01,+15
550-Jun-15,T, 2.270, 1.230,03:21,+22,04:29,+11,05:41,-03,06:17,-10,06:53,-17,08:06,-32,09:14,-47
550-Dec-10,P, 1.441, 0.416,02:45,+56,04:03,+39,-,-,05:13,+25,-,-,06:23,+10,07:41,-05
551-Oct-30,N, 0.195,-0.902,16:09,-21,-,-,-,-,17:17,-07,-,-,-,-,18:25,+07
552-Apr-24,P, 1.468, 0.524,20:50,+25,21:56,+36,-,-,23:09,+45,-,-,00:22,+49,01:28,+46
552-Oct-18,P, 1.436, 0.345,13:49,-47,15:22,-32,-,-,16:31,-19,-,-,17:39,-04,19:12,+16
553-Oct-07,T, 2.754, 1.712,17:01,-13,18:05,+00,19:06,+14,19:57,+25,20:48,+36,21:49,+49,22:53,+61
554-Apr-04,P, 1.473, 0.450,00:50,+56,02:09,+48,-,-,03:22,+35,-,-,04:36,+21,05:55,+04
554-Sep-27,P, 1.673, 0.688,04:21,+25,05:27,+11,-,-,06:50,-07,-,-,08:14,-25,09:20,-38
555-Sep-16,N, 0.440,-0.517,21:06,+36,-,-,-,-,22:31,+52,-,-,-,-,23:56,+62
556-Aug-07,P, 1.808, 0.816,02:10,+38,03:16,+29,-,-,04:46,+13,-,-,06:17,-05,07:23,-18
557-Jan-30,T, 2.737, 1.716,18:35,+06,19:36,+19,20:36,+32,21:26,+43,22:16,+54,23:16,+66,00:17,+77
559-Jan-10,N, 0.266,-0.706,01:00,+81,-,-,-,-,02:07,+68,-,-,-,-,03:15,+53
559-Jun-06,N, 0.899,-0.126,01:28,+36,-,-,-,-,03:36,+20,-,-,-,-,05:45,-03
559-Nov-30,P, 1.690, 0.648,23:48,+83,01:02,+79,-,-,02:27,+60,-,-,03:52,+42,05:07,+26
560-Nov-19,T, 2.837, 1.743,03:27,+44,04:37,+29,05:41,+15,06:33,+04,07:25,-06,08:30,-18,09:40,-29
561-May-15,P, 1.939, 0.997,03:52,+20,04:49,+09,-,-,06:22,-10,-,-,07:56,-29,08:53,-41
561-Nov-08,P, 1.589, 0.487,02:56,+49,04:24,+30,-,-,05:44,+13,-,-,07:04,-04,08:32,-21
562-May-04,N, 0.591,-0.365,21:43,+33,-,-,-,-,23:22,+45,-,-,-,-,01:01,+46
562-Sep-28,N, 0.178,-0.843,16:17,-25,-,-,-,-,17:17,-12,-,-,-,-,18:16,+01
562-Oct-28,N, 0.375,-0.685,06:01,+07,-,-,-,-,07:30,-12,-,-,-,-,08:58,-28
563-Mar-25,P, 1.668, 0.626,22:00,+43,23:16,+55,-,-,00:42,+59,-,-,02:08,+52,03:24,+39
563-Sep-18,P, 1.547, 0.576,03:36,+33,04:43,+19,-,-,06:00,+03,-,-,07:17,-13,08:24,-27
564-Mar-14,T, 2.769, 1.686,00:04,+64,01:15,+63,02:20,+54,03:12,+44,04:04,+34,05:09,+20,06:20,+05
564-Sep-06,T, 2.833, 1.876,19:39,+14,20:33,+25,21:29,+36,22:19,+45,23:08,+52,00:04,+57,00:58,+57
565-Mar-03,P, 1.451, 0.374,00:30,+70,02:00,+62,-,-,03:11,+48,-,-,04:22,+34,05:52,+14
566-Jan-21,N, 0.450,-0.557,17:51,-03,-,-,-,-,19:22,+16,-,-,-,-,20:52,+35
566-Feb-20,N, 0.201,-0.828,06:55,+01,-,-,-,-,07:59,-12,-,-,-,-,09:03,-25
566-Aug-16,N, 0.071,-0.968,22:40,+40,-,-,-,-,23:19,+44,-,-,-,-,23:58,+47
567-Jan-11,P, 1.745, 0.773,07:00,+03,08:02,-09,-,-,09:27,-24,-,-,10:53,-36,11:55,-42
567-Dec-31,T, 2.721, 1.742,22:29,+63,23:25,+75,00:22,+85,01:11,+81,02:00,+70,02:57,+58,03:52,+46
569-Jun-14,P, 1.024, 0.042,20:01,+09,21:47,+25,-,-,22:10,+28,-,-,22:33,+31,00:19,+38
569-Nov-10,N, 0.171,-0.929,00:11,+79,-,-,-,-,01:15,+73,-,-,-,-,02:19,+60
569-Dec-09,N, 0.101,-0.983,18:54,+17,-,-,-,-,19:42,+27,-,-,-,-,20:30,+37
570-May-06,P, 1.344, 0.402,04:31,+14,05:41,+00,-,-,06:46,-13,-,-,07:52,-27,09:01,-42
570-Oct-29,P, 1.407, 0.314,21:45,+53,23:19,+72,-,-,00:25,+76,-,-,01:31,+68,03:05,+49
571-Apr-25,T, 2.690, 1.721,20:26,+20,21:22,+30,22:20,+39,23:09,+45,23:59,+48,00:57,+48,01:53,+43
571-Oct-19,T, 2.716, 1.675,01:11,+67,02:15,+56,03:16,+43,04:06,+32,04:57,+21,05:58,+08,07:02,-05
573-Mar-04,N, 0.283,-0.806,20:56,+33,-,-,-,-,22:17,+50,-,-,-,-,23:38,+64
573-Aug-28,N, 0.433,-0.526,20:42,+23,-,-,-,-,22:07,+39,-,-,-,-,23:32,+50
573-Sep-27,N, 0.498,-0.462,05:22,+11,-,-,-,-,06:52,-08,-,-,-,-,08:22,-26
574-Feb-21,P, 1.612, 0.544,20:11,+25,21:33,+42,-,-,22:55,+59,-,-,00:17,+71,01:39,+68
575-Feb-11,T, 2.774, 1.759,02:49,+56,03:50,+43,04:49,+30,05:40,+19,06:30,+08,07:30,-04,08:30,-17
575-Aug-07,T, 2.661, 1.610,17:08,-25,18:15,-11,19:19,+03,20:09,+13,21:00,+22,22:04,+33,23:10,+42
576-Jan-31,P, 1.489, 0.516,16:34,-19,17:43,-06,-,-,18:56,+09,-,-,20:09,+25,21:18,+39
576-Jul-26,P, 1.273, 0.198,19:04,-01,20:46,+19,-,-,21:39,+28,-,-,22:33,+36,00:15,+44
576-Dec-21,N, 0.491,-0.500,22:27,+63,-,-,-,-,23:59,+82,-,-,-,-,01:31,+77
578-Jun-05,T, 2.222, 1.255,18:55,-03,19:53,+08,21:00,+19,21:36,+25,22:11,+30,23:18,+36,00:16,+39
578-Nov-30,T, 2.848, 1.752,11:35,-41,12:46,-41,13:50,-37,14:42,-31,15:34,-23,16:39,-12,17:49,+01
580-Apr-15,N, 0.253,-0.731,21:22,+31,-,-,-,-,22:30,+42,-,-,-,-,23:39,+49
580-May-15,N, 0.713,-0.244,05:03,+06,-,-,-,-,06:50,-15,-,-,-,-,08:37,-38
580-Oct-09,N, 0.145,-0.877,00:32,+70,-,-,-,-,01:26,+64,-,-,-,-,02:20,+55
581-Apr-05,P, 1.557, 0.515,05:18,+10,06:38,-07,-,-,07:57,-24,-,-,09:17,-41,10:37,-57
582-Sep-18,T, 2.767, 1.807,03:52,+29,04:46,+18,05:43,+06,06:32,-04,07:21,-15,08:17,-26,09:11,-37
583-Sep-07,P, 1.590, 0.598,18:54,+04,20:04,+19,-,-,21:24,+35,-,-,22:44,+48,23:54,+56
584-Feb-02,N, 0.426,-0.575,02:20,+63,-,-,-,-,03:48,+45,-,-,-,-,05:16,+26
584-Aug-27,N, 0.163,-0.882,05:38,+05,-,-,-,-,06:37,-08,-,-,-,-,07:37,-21
585-Jan-21,P, 1.726, 0.757,15:46,-26,16:48,-15,-,-,18:13,+01,-,-,19:38,+19,20:40,+32
585-Jul-17,P, 1.779, 0.708,14:20,-63,15:40,-46,-,-,17:13,-26,-,-,18:47,-07,20:06,+09
586-Jul-06,T, 2.571, 1.536,16:50,-31,17:55,-17,18:59,-04,19:48,+05,20:36,+14,21:41,+24,22:46,+33
586-Dec-31,P, 1.445, 0.416,19:57,+28,21:16,+45,-,-,22:26,+60,-,-,23:36,+76,00:56,+85
587-Jun-26,P, 1.167, 0.188,03:08,+24,04:35,+10,-,-,05:23,+01,-,-,06:10,-08,07:37,-26
587-Dec-21,N, 0.105,-0.981,03:06,+54,-,-,-,-,03:56,+43,-,-,-,-,04:45,+33
588-Nov-09,P, 1.385, 0.292,05:46,+12,07:22,-08,-,-,08:25,-20,-,-,09:29,-31,11:04,-43
589-May-06,T, 2.563, 1.593,03:53,+21,04:50,+10,05:49,-02,06:37,-12,07:25,-22,08:24,-35,09:20,-47
590-Apr-25,P, 1.708, 0.683,15:05,-49,16:19,-34,-,-,17:47,-15,-,-,19:15,+03,20:28,+18
590-Oct-18,P, 1.759, 0.774,21:12,+45,22:16,+58,-,-,23:43,+73,-,-,01:10,+70,02:14,+58
591-Mar-16,N, 0.189,-0.896,04:20,+31,-,-,-,-,05:27,+16,-,-,-,-,06:34,+01
591-Apr-14,N, 0.277,-0.793,20:18,+19,-,-,-,-,21:37,+34,-,-,-,-,22:57,+45
591-Sep-09,N, 0.356,-0.607,04:54,+16,-,-,-,-,06:12,-01,-,-,-,-,07:30,-17
592-Mar-04,P, 1.537, 0.476,03:46,+40,05:09,+22,-,-,06:27,+05,-,-,07:44,-12,09:08,-29
592-Aug-28,P, 1.608, 0.603,17:24,-18,18:36,-03,-,-,19:57,+14,-,-,21:19,+30,22:30,+43
593-Aug-18,T, 2.781, 1.725,00:11,+49,01:17,+47,02:21,+41,03:13,+33,04:05,+24,05:08,+11,06:15,-02
594-Feb-11,P, 1.526, 0.557,01:05,+75,02:12,+64,-,-,03:27,+48,-,-,04:43,+32,05:50,+17
594-Aug-07,P, 1.409, 0.332,01:39,+43,03:13,+31,-,-,04:21,+19,-,-,05:29,+06,07:02,-14
595-Jan-02,N, 0.480,-0.512,07:16,+01,-,-,-,-,08:47,-16,-,-,-,-,10:18,-30
595-Jan-31,N, 0.303,-0.666,18:20,+02,-,-,-,-,19:32,+17,-,-,-,-,20:44,+33
595-Jul-27,N, 0.090,-0.960,04:59,+09,-,-,-,-,05:44,+01,-,-,-,-,06:29,-09
595-Dec-22,P, 1.677, 0.630,16:49,-09,18:05,+05,-,-,19:29,+22,-,-,20:54,+40,22:09,+56
596-Jun-16,T, 2.085, 1.119,02:16,+31,03:15,+23,04:29,+11,04:54,+06,05:19,+02,06:33,-12,07:32,-24
596-Dec-10,T, 2.859, 1.761,19:43,+28,20:54,+43,21:59,+57,22:51,+68,23:43,+79,00:48,+84,01:58,+70
597-Jun-05,T, 2.207, 1.267,18:48,-04,19:42,+06,20:47,+17,21:22,+23,21:58,+28,23:02,+36,23:57,+39
597-Nov-29,P, 1.619, 0.517,19:02,+19,20:29,+38,-,-,21:51,+55,-,-,23:13,+73,00:40,+84
598-Apr-27,N, 0.130,-0.855,05:07,+07,-,-,-,-,05:57,-03,-,-,-,-,06:47,-13
598-Nov-18,N, 0.417,-0.641,22:34,+66,-,-,-,-,00:07,+82,-,-,-,-,01:39,+70
599-Oct-09,P, 1.458, 0.485,20:26,+33,21:36,+48,-,-,22:47,+62,-,-,23:58,+70,01:08,+68
600-Apr-04,T, 2.809, 1.730,14:02,-59,15:12,-46,16:17,-33,17:10,-21,18:03,-10,19:08,+04,20:18,+18
601-Mar-24,P, 1.633, 0.567,14:56,-47,16:17,-31,-,-,17:42,-13,-,-,19:06,+05,20:27,+22
601-Sep-18,P, 1.658, 0.660,02:51,+42,04:00,+28,-,-,05:23,+11,-,-,06:47,-07,07:55,-21
602-Mar-13,N, 0.345,-0.671,22:14,+48,-,-,-,-,23:36,+62,-,-,-,-,00:58,+65
602-Aug-08,N, 0.305,-0.760,22:00,+35,-,-,-,-,23:22,+45,-,-,-,-,00:45,+48
603-Feb-02,P, 1.696, 0.730,00:25,+79,01:28,+74,-,-,02:51,+58,-,-,04:15,+40,05:17,+26
603-Jul-28,P, 1.638, 0.565,21:02,+22,22:25,+35,-,-,23:50,+43,-,-,01:16,+43,02:39,+35
604-Jan-22,T, 2.752, 1.773,15:59,-23,16:55,-13,17:52,-03,18:41,+07,19:30,+18,20:27,+30,21:23,+42
604-Jul-16,T, 2.712, 1.679,23:43,+40,00:47,+41,01:50,+37,02:41,+32,03:32,+24,04:35,+14,05:39,+02
605-Jan-11,P, 1.455, 0.424,04:26,+37,05:46,+20,-,-,06:57,+05,-,-,08:08,-08,09:27,-22
605-Dec-01,N, 0.141,-0.963,16:24,-15,-,-,-,-,17:22,-04,-,-,-,-,18:20,+08
606-May-27,P, 1.079, 0.139,19:46,+08,21:11,+23,-,-,21:50,+29,-,-,22:30,+34,23:55,+41
606-Jun-26,N, 0.026,-0.917,04:02,+15,-,-,-,-,04:23,+12,-,-,-,-,04:45,+08
606-Nov-20,P, 1.372, 0.279,13:54,-38,15:30,-24,-,-,16:32,-13,-,-,17:34,-01,19:10,+19
607-Nov-09,T, 2.673, 1.634,17:54,+04,18:57,+17,19:59,+31,20:48,+41,21:38,+52,22:39,+65,23:42,+78
608-May-05,P, 1.841, 0.814,22:02,+35,23:13,+42,-,-,00:47,+44,-,-,02:22,+36,03:32,+25
608-Oct-29,P, 1.786, 0.801,05:49,+09,06:53,-04,-,-,08:20,-21,-,-,09:48,-36,10:52,-43
609-Apr-25,N, 0.406,-0.664,02:46,+34,-,-,-,-,04:21,+17,-,-,-,-,05:57,-02
609-Oct-18,N, 0.579,-0.386,22:21,+60,-,-,-,-,23:57,+74,-,-,-,-,01:34,+66
610-Sep-09,P, 1.524, 0.513,01:11,+54,02:26,+45,-,-,03:42,+31,-,-,04:59,+16,06:14,+00
611-Mar-04,T, 2.833, 1.830,18:57,+07,19:56,+20,20:55,+32,21:46,+43,22:36,+53,23:35,+62,00:35,+67
613-Jan-12,N, 0.460,-0.533,15:59,-21,-,-,-,-,17:29,-06,-,-,-,-,18:59,+12
613-Feb-11,N, 0.337,-0.631,02:48,+56,-,-,-,-,04:04,+40,-,-,-,-,05:20,+23
613-Jul-07,N, 0.487,-0.530,22:40,+32,-,-,-,-,00:18,+39,-,-,-,-,01:55,+35
614-Jan-02,P, 1.666, 0.616,01:16,+79,02:32,+62,-,-,03:56,+44,-,-,05:20,+26,06:36,+10
614-Dec-22,T, 2.869, 1.771,03:51,+43,05:02,+27,06:07,+14,06:59,+03,07:52,-07,08:56,-18,10:07,-29
615-Jun-17,T, 2.345, 1.405,02:15,+31,03:09,+24,04:10,+15,04:51,+07,05:33,+00,06:34,-12,07:27,-23
615-Dec-11,P, 1.630, 0.529,03:09,+51,04:36,+32,-,-,05:58,+15,-,-,07:21,-02,08:48,-18
616-Jun-05,P, 0.971, 0.011,19:33,+05,21:25,+24,-,-,21:36,+26,-,-,21:48,+27,23:39,+39
616-Oct-30,N, 0.108,-0.912,17:24,-03,-,-,-,-,18:11,+06,-,-,-,-,18:57,+16
617-Apr-26,P, 1.300, 0.257,19:31,+08,21:03,+26,-,-,22:01,+35,-,-,23:00,+43,00:32,+47
617-Oct-20,P, 1.429, 0.456,05:02,+18,06:13,+04,-,-,07:22,-11,-,-,08:31,-24,09:42,-36
618-Apr-15,T, 2.679, 1.603,20:50,+26,22:00,+38,23:06,+47,23:57,+51,00:48,+51,01:54,+46,03:04,+36
618-Oct-09,T, 2.674, 1.707,20:42,+37,21:37,+48,22:34,+59,23:22,+67,00:11,+70,01:08,+67,02:02,+59
619-Apr-04,P, 1.743, 0.683,21:57,+41,23:15,+52,-,-,00:45,+56,-,-,02:16,+48,03:34,+34
620-Feb-23,N, 0.346,-0.644,19:01,+08,-,-,-,-,20:20,+25,-,-,-,-,21:40,+42
620-Mar-24,N, 0.434,-0.575,05:44,+09,-,-,-,-,07:15,-11,-,-,-,-,08:46,-30
620-Aug-19,N, 0.189,-0.881,05:14,+09,-,-,-,-,06:20,-04,-,-,-,-,07:26,-18
620-Sep-17,N, 0.316,-0.742,20:13,+23,-,-,-,-,21:36,+40,-,-,-,-,22:58,+54
621-Aug-08,P, 1.509, 0.435,03:51,+24,05:19,+07,-,-,06:36,-09,-,-,07:52,-25,09:20,-44
622-Feb-02,T, 2.780, 1.801,00:35,+79,01:31,+74,02:28,+63,03:17,+52,04:07,+42,05:04,+29,06:00,+17
623-Jul-17,P, 1.439, 0.463,17:38,-21,18:50,-06,-,-,20:02,+08,-,-,21:13,+20,22:26,+31
623-Dec-13,N, 0.128,-0.977,00:31,+85,-,-,-,-,01:27,+75,-,-,-,-,02:23,+63
624-Jan-11,N, 0.125,-0.963,19:19,+18,-,-,-,-,20:13,+29,-,-,-,-,21:07,+41
624-Jun-07,P, 0.945, 0.003,03:21,+23,05:14,+03,-,-,05:20,+02,-,-,05:26,+01,07:18,-21
624-Nov-30,P, 1.363, 0.272,22:04,+59,23:41,+80,-,-,00:42,+83,-,-,01:43,+71,03:20,+50
625-May-27,T, 2.291, 1.317,18:35,-06,19:33,+05,20:38,+17,21:17,+23,21:56,+29,23:01,+36,23:59,+40
625-Nov-20,T, 2.661, 1.624,02:24,+58,03:27,+44,04:29,+31,05:18,+21,06:07,+10,07:08,-02,08:11,-14
626-May-17,P, 1.982, 0.954,04:52,+07,06:01,-07,-,-,07:41,-27,-,-,09:21,-49,10:30,-63
626-Nov-09,P, 1.804, 0.819,14:33,-34,15:36,-23,-,-,17:05,-07,-,-,18:33,+11,19:36,+24
627-Sep-30,N, 0.235,-0.738,21:38,+44,-,-,-,-,22:42,+56,-,-,-,-,23:47,+64
628-Mar-25,P, 1.355, 0.306,18:38,+00,20:07,+19,-,-,21:11,+32,-,-,22:14,+44,23:44,+57
629-Mar-15,T, 2.753, 1.757,02:50,+48,03:49,+36,04:48,+23,05:38,+12,06:29,+01,07:28,-11,08:26,-24
629-Sep-08,T, 2.800, 1.732,14:38,-51,15:46,-37,16:50,-24,17:42,-12,18:34,-01,19:38,+13,20:46,+27
630-Mar-04,P, 1.636, 0.675,17:43,-10,18:46,+04,-,-,20:07,+21,-,-,21:29,+38,22:32,+51
630-Aug-28,P, 1.647, 0.563,15:19,-45,16:44,-27,-,-,18:09,-08,-,-,19:34,+10,20:59,+27
631-Jan-24,N, 0.435,-0.558,00:40,+83,-,-,-,-,02:07,+69,-,-,-,-,03:35,+50
631-Aug-17,N, 0.340,-0.710,18:25,-06,-,-,-,-,19:50,+12,-,-,-,-,21:15,+28
632-Jul-07,P, 1.818, 0.856,17:07,-27,18:09,-15,-,-,19:39,+03,-,-,21:09,+19,22:11,+28
633-Jan-01,T, 2.883, 1.784,11:57,-40,13:08,-40,14:13,-35,15:05,-29,15:57,-21,17:02,-10,18:13,+03
634-Jun-17,P, 1.104, 0.141,02:47,+28,04:16,+14,-,-,04:57,+07,-,-,05:38,-01,07:06,-19
634-Nov-11,N, 0.102,-0.917,01:58,+64,-,-,-,-,02:43,+54,-,-,-,-,03:28,+44
634-Dec-10,N, 0.438,-0.614,15:27,-24,-,-,-,-,17:01,-08,-,-,-,-,18:35,+10
635-May-08,P, 1.157, 0.113,02:26,+34,04:12,+17,-,-,04:51,+09,-,-,05:31,+01,07:17,-20
635-Oct-31,P, 1.410, 0.436,13:45,-42,14:56,-32,-,-,16:04,-20,-,-,17:12,-07,18:23,+08
636-Apr-26,T, 2.539, 1.466,03:30,+27,04:40,+14,05:48,+00,06:36,-10,07:24,-21,08:32,-35,09:42,-50
636-Oct-20,T, 2.644, 1.673,05:17,+15,06:12,+03,07:10,-09,07:58,-18,08:46,-27,09:43,-37,10:38,-45
637-Apr-15,P, 1.864, 0.810,04:52,+14,06:07,-02,-,-,07:43,-23,-,-,09:19,-43,10:34,-58
637-Oct-09,P, 1.757, 0.747,19:07,+15,20:15,+30,-,-,21:43,+48,-,-,23:11,+64,00:19,+70
638-Mar-06,N, 0.288,-0.696,03:13,+45,-,-,-,-,04:26,+30,-,-,-,-,05:38,+14
638-Sep-29,N, 0.374,-0.690,03:47,+33,-,-,-,-,05:16,+14,-,-,-,-,06:46,-05
639-Feb-23,P, 1.604, 0.645,17:25,-12,18:29,+01,-,-,19:48,+18,-,-,21:08,+35,22:12,+48
640-Aug-07,T, 2.781, 1.749,13:52,-67,14:56,-54,15:58,-41,16:49,-30,17:41,-19,18:43,-06,19:47,+07
641-Feb-01,P, 1.496, 0.463,21:06,+39,22:25,+56,-,-,23:39,+71,-,-,00:53,+80,02:11,+68
641-Jul-28,P, 1.565, 0.590,01:02,+42,02:10,+37,-,-,03:29,+26,-,-,04:48,+12,05:57,-01
642-Jan-22,N, 0.144,-0.944,03:16,+54,-,-,-,-,04:14,+41,-,-,-,-,05:12,+28
642-Jul-17,N, 0.278,-0.665,18:22,-12,-,-,-,-,19:31,+01,-,-,-,-,20:39,+14
642-Dec-12,P, 1.357, 0.267,06:18,+10,07:54,-09,-,-,08:55,-20,-,-,09:56,-29,11:32,-39
643-Jun-08,T, 2.148, 1.172,01:51,+35,02:50,+28,04:01,+16,04:32,+11,05:02,+06,06:13,-08,07:13,-20
644-Nov-19,P, 1.817, 0.832,23:21,+77,00:24,+83,-,-,01:52,+67,-,-,03:21,+48,04:24,+34
645-May-16,N, 0.695,-0.373,15:26,-47,-,-,-,-,17:28,-21,-,-,-,-,19:30,+03
645-Oct-11,N, 0.191,-0.786,06:10,+03,-,-,-,-,07:08,-09,-,-,-,-,08:07,-21
645-Nov-09,N, 0.620,-0.350,15:48,-21,-,-,-,-,17:28,-02,-,-,-,-,19:08,+19
646-Apr-06,P, 1.248, 0.204,01:55,+50,03:30,+34,-,-,04:23,+24,-,-,05:15,+13,06:51,-08
646-Sep-30,P, 1.395, 0.371,17:06,-15,18:28,+03,-,-,19:35,+18,-,-,20:42,+32,22:03,+49
647-Sep-19,T, 2.724, 1.650,22:04,+47,23:13,+58,00:18,+62,01:09,+60,02:00,+53,03:05,+42,04:13,+28
648-Mar-15,P, 1.711, 0.754,01:49,+58,02:51,+47,-,-,04:15,+30,-,-,05:40,+12,06:42,-02
648-Sep-07,P, 1.745, 0.658,22:25,+47,23:47,+57,-,-,01:18,+55,-,-,02:48,+43,04:10,+27
649-Mar-04,N, 0.434,-0.531,19:19,+11,-,-,-,-,20:45,+29,-,-,-,-,22:10,+47
649-Aug-28,N, 0.448,-0.602,01:30,+50,-,-,-,-,03:06,+37,-,-,-,-,04:43,+18
650-Jan-23,P, 1.621, 0.569,17:54,-01,19:12,+15,-,-,20:34,+32,-,-,21:56,+50,23:14,+66
650-Jul-19,P, 1.692, 0.731,00:39,+40,01:42,+37,-,-,03:08,+28,-,-,04:33,+14,05:36,+02
651-Jan-12,T, 2.904, 1.806,19:57,+27,21:08,+42,22:13,+56,23:05,+67,23:58,+78,01:02,+82,02:14,+69
651-Jul-08,T, 2.613, 1.671,17:16,-25,18:09,-14,19:06,-03,19:54,+06,20:42,+15,21:39,+24,22:32,+32
652-Jan-01,P, 1.655, 0.558,19:22,+20,20:47,+38,-,-,22:11,+57,-,-,23:36,+75,01:01,+83
652-Dec-20,N, 0.448,-0.601,23:55,+82,-,-,-,-,01:30,+75,-,-,-,-,03:04,+55
653-Nov-10,P, 1.399, 0.424,22:33,+67,23:45,+80,-,-,00:52,+78,-,-,01:59,+65,03:10,+49
654-Oct-31,T, 2.623, 1.649,13:59,-41,14:54,-33,15:52,-23,16:39,-14,17:27,-04,18:24,+08,19:20,+20
655-Oct-21,P, 1.789, 0.773,03:26,+40,04:34,+25,-,-,06:03,+06,-,-,07:33,-12,08:41,-26
656-Apr-14,N, 0.649,-0.349,20:25,+21,-,-,-,-,22:13,+41,-,-,-,-,00:01,+52
657-Mar-06,P, 1.543, 0.586,01:45,+61,02:50,+50,-,-,04:07,+34,-,-,05:23,+18,06:28,+04
657-Aug-29,P, 1.289, 0.211,17:56,-10,19:37,+12,-,-,20:31,+23,-,-,21:26,+34,23:07,+50
658-Feb-23,T, 2.825, 1.847,17:23,-13,18:19,-01,19:16,+11,20:06,+22,20:56,+32,21:53,+45,22:49,+56
658-Aug-18,T, 2.670, 1.639,21:11,+28,22:14,+39,23:17,+47,00:07,+50,00:57,+50,01:59,+45,03:03,+36
659-Feb-13,P, 1.534, 0.501,05:12,+24,06:29,+08,-,-,07:46,-08,-,-,09:03,-24,10:21,-37
660-Jan-03,N, 0.098,-1.006,16:45,-13,-,-,-,-,17:34,-04,-,-,-,-,18:22,+05
660-Jun-28,N, 0.677,-0.267,18:35,-08,-,-,-,-,20:18,+11,-,-,-,-,22:02,+28
660-Jul-28,N, 0.395,-0.550,01:51,+38,-,-,-,-,03:12,+28,-,-,-,-,04:32,+15
660-Dec-22,P, 1.347, 0.260,14:30,-33,16:07,-18,-,-,17:07,-08,-,-,18:06,+04,19:43,+24
661-Dec-11,T, 2.650, 1.618,19:36,+26,20:38,+39,21:39,+52,22:28,+63,23:17,+73,00:18,+86,01:20,+78
662-Jun-07,T, 2.282, 1.248,18:21,-10,19:28,+03,20:39,+16,21:17,+22,21:54,+27,23:05,+35,00:12,+39
663-May-27,N, 0.851,-0.217,21:42,+27,-,-,-,-,23:54,+39,-,-,-,-,02:07,+34
663-Nov-21,N, 0.629,-0.344,00:40,+81,-,-,-,-,02:21,+60,-,-,-,-,04:01,+39
664-Oct-11,P, 1.350, 0.320,01:15,+64,02:39,+49,-,-,03:42,+37,-,-,04:45,+23,06:09,+05
665-Apr-05,T, 2.558, 1.574,18:18,-05,19:16,+07,20:16,+20,21:04,+29,21:51,+38,22:51,+47,23:49,+53
665-Sep-30,T, 2.659, 1.580,05:38,+08,06:47,-07,07:52,-21,08:42,-31,09:33,-40,10:38,-51,11:47,-58
666-Sep-19,P, 1.831, 0.742,05:40,+06,07:00,-11,-,-,08:35,-31,-,-,10:10,-49,11:30,-60
667-Feb-14,N, 0.351,-0.642,17:41,-08,-,-,-,-,19:01,+08,-,-,-,-,20:20,+25
667-Mar-16,N, 0.501,-0.463,03:21,+40,-,-,-,-,04:52,+21,-,-,-,-,06:24,+01
667-Aug-09,N, 0.141,-0.872,20:57,+21,-,-,-,-,21:51,+31,-,-,-,-,22:44,+38
668-Feb-04,P, 1.584, 0.532,02:03,+68,03:22,+51,-,-,04:42,+33,-,-,06:02,+16,07:21,-01
669-Jan-23,T, 2.881, 1.784,03:51,+44,05:02,+29,06:07,+15,07:00,+04,07:52,-07,08:57,-19,10:08,-31
669-Jul-19,T, 2.740, 1.796,00:52,+41,01:45,+38,02:41,+32,03:31,+25,04:20,+16,05:16,+06,06:09,-04
670-Jan-12,P, 1.674, 0.581,03:25,+50,04:48,+32,-,-,06:14,+14,-,-,07:40,-04,09:03,-20
670-Jul-08,P, 1.367, 0.397,17:17,-25,18:31,-10,-,-,19:37,+04,-,-,20:44,+16,21:58,+28
670-Dec-02,N, 0.104,-0.911,19:16,+22,-,-,-,-,20:02,+31,-,-,-,-,20:47,+41
671-May-29,N, 0.854,-0.193,16:06,-39,-,-,-,-,18:16,-12,-,-,-,-,20:25,+12
672-May-17,T, 2.234, 1.164,16:35,-31,17:48,-16,19:06,+00,19:38,+06,20:10,+12,21:28,+25,22:40,+35
672-Nov-10,T, 2.610, 1.633,22:45,+69,23:41,+79,00:39,+79,01:26,+71,02:14,+61,03:11,+49,04:07,+37
673-May-06,T, 2.135, 1.091,18:29,-06,19:38,+08,21:00,+24,21:24,+28,21:48,+31,23:09,+42,00:19,+45
674-Mar-27,N, 0.139,-0.835,19:25,+09,-,-,-,-,20:16,+20,-,-,-,-,21:06,+30
674-Apr-26,N, 0.771,-0.221,03:39,+26,-,-,-,-,05:35,+04,-,-,-,-,07:30,-21
674-Oct-20,N, 0.455,-0.620,19:21,+19,-,-,-,-,21:00,+41,-,-,-,-,22:38,+61
675-Sep-10,P, 1.200, 0.120,01:13,+56,03:02,+40,-,-,03:44,+32,-,-,04:26,+23,06:16,+00
676-Mar-06,T, 2.762, 1.785,01:34,+63,02:30,+54,03:28,+43,04:17,+32,05:07,+22,06:05,+09,07:01,-03
676-Aug-29,T, 2.573, 1.542,04:39,+17,05:43,+04,06:46,-10,07:34,-20,08:22,-30,09:25,-43,10:29,-56
677-Aug-18,P, 1.786, 0.812,16:16,-35,17:19,-21,-,-,18:48,-03,-,-,20:17,+16,21:21,+28
678-Jan-14,N, 0.076,-1.027,00:49,+82,-,-,-,-,01:32,+76,-,-,-,-,02:15,+67
678-Feb-12,N, 0.215,-0.870,18:40,+05,-,-,-,-,19:51,+20,-,-,-,-,21:01,+35
678-Jul-10,N, 0.547,-0.400,02:15,+34,-,-,-,-,03:49,+21,-,-,-,-,05:23,+04
679-Jan-02,P, 1.337, 0.253,22:43,+65,00:20,+84,-,-,01:19,+79,-,-,02:17,+66,03:54,+45
679-Jun-29,P, 1.867, 0.884,16:21,-37,17:26,-23,-,-,18:59,-05,-,-,20:32,+13,21:36,+23
679-Dec-23,T, 2.644, 1.616,04:13,+38,05:15,+25,06:16,+12,07:04,+02,07:53,-07,08:54,-18,09:56,-27
680-Jun-18,T, 2.434, 1.397,01:03,+38,02:09,+32,03:16,+23,04:01,+16,04:46,+09,05:53,-04,06:59,-17
680-Dec-11,P, 1.827, 0.845,17:07,-05,18:09,+07,-,-,19:38,+25,-,-,21:07,+44,22:09,+57
681-Jun-07,N, 1.009,-0.060,03:57,+16,-,-,-,-,06:19,-11,-,-,-,-,08:41,-40
681-Nov-01,N, 0.133,-0.853,23:31,+74,-,-,-,-,00:21,+77,-,-,-,-,01:10,+72
682-Apr-27,N, 1.003,-0.029,16:14,-35,-,-,-,-,18:29,-06,-,-,-,-,20:44,+21
683-Apr-17,T, 2.444, 1.465,01:52,+46,02:50,+37,03:52,+26,04:36,+17,05:21,+08,06:23,-05,07:21,-17
683-Oct-11,T, 2.607, 1.523,13:19,-52,14:30,-43,15:36,-31,16:25,-21,17:13,-11,18:20,+03,19:30,+19
684-Apr-05,P, 1.892, 0.942,17:41,-13,18:40,-01,-,-,20:11,+18,-,-,21:43,+36,22:42,+45
684-Sep-29,P, 1.903, 0.812,13:05,-57,14:24,-47,-,-,16:02,-28,-,-,17:40,-07,18:59,+10
685-Feb-25,N, 0.291,-0.702,02:01,+64,-,-,-,-,03:14,+50,-,-,-,-,04:27,+34
685-Aug-20,N, 0.048,-0.964,04:47,+15,-,-,-,-,05:19,+09,-,-,-,-,05:50,+02
685-Sep-18,N, 0.625,-0.425,16:19,-26,-,-,-,-,18:11,-02,-,-,-,-,20:02,+22
686-Aug-09,P, 1.468, 0.507,16:02,-40,17:11,-25,-,-,18:24,-10,-,-,19:37,+05,20:45,+19
688-Jul-19,P, 1.493, 0.518,00:35,+42,01:46,+38,-,-,03:01,+30,-,-,04:16,+18,05:26,+05
688-Dec-13,N, 0.109,-0.904,03:59,+41,-,-,-,-,04:45,+32,-,-,-,-,05:31,+22
689-Jan-11,N, 0.477,-0.563,16:47,-14,-,-,-,-,18:24,+05,-,-,-,-,20:00,+25
689-Jun-08,N, 0.697,-0.353,22:53,+34,-,-,-,-,00:52,+38,-,-,-,-,02:51,+27
689-Dec-02,P, 1.390, 0.415,16:20,-13,17:32,+00,-,-,18:38,+13,-,-,19:45,+27,20:56,+42
690-May-28,T, 2.074, 1.005,23:04,+37,00:18,+40,01:58,+35,02:03,+34,02:09,+33,03:49,+19,05:03,+06
691-May-18,T, 2.281, 1.241,01:13,+41,02:20,+34,03:33,+23,04:09,+17,04:46,+10,05:58,-04,07:06,-18
691-Nov-11,P, 1.826, 0.800,20:19,+36,21:28,+51,-,-,22:59,+70,-,-,00:30,+81,01:39,+69
692-Apr-07,N, 0.050,-0.919,03:31,+31,-,-,-,-,04:02,+25,-,-,-,-,04:32,+19
692-Oct-31,N, 0.482,-0.598,03:18,+44,-,-,-,-,04:59,+22,-,-,-,-,06:41,+00
693-Mar-27,P, 1.380, 0.430,18:01,-08,19:11,+06,-,-,20:18,+20,-,-,21:25,+34,22:34,+46
695-Mar-06,P, 1.647, 0.614,20:55,+33,22:10,+48,-,-,23:34,+63,-,-,00:58,+67,02:13,+59
695-Aug-30,P, 1.879, 0.904,00:07,+53,01:09,+52,-,-,02:41,+41,-,-,04:13,+24,05:15,+12
696-Feb-24,N, 0.271,-0.812,02:05,+63,-,-,-,-,03:24,+48,-,-,-,-,04:43,+31
696-Aug-18,N, 0.603,-0.346,17:12,-23,-,-,-,-,18:50,-03,-,-,-,-,20:28,+17
697-Jan-13,P, 1.319, 0.241,06:52,+04,08:29,-14,-,-,09:26,-25,-,-,10:24,-33,12:01,-43
697-Jul-09,P, 1.730, 0.742,23:38,+39,00:44,+41,-,-,02:12,+35,-,-,03:40,+23,04:47,+11
698-Jan-02,T, 2.635, 1.611,12:49,-41,13:50,-38,14:51,-31,15:39,-24,16:28,-16,17:29,-05,18:30,+07
698-Dec-23,P, 1.832, 0.852,02:01,+68,03:02,+54,-,-,04:31,+35,-,-,06:00,+17,07:02,+04
699-Dec-12,N, 0.636,-0.339,18:29,+12,-,-,-,-,20:11,+33,-,-,-,-,21:52,+54
700-May-07,N, 0.871,-0.156,23:19,+44,-,-,-,-,01:26,+43,-,-,-,-,03:33,+26
700-Nov-01,P, 1.287, 0.246,17:48,+01,19:18,+20,-,-,20:14,+33,-,-,21:10,+45,22:40,+64
701-Oct-21,T, 2.567, 1.478,21:08,+45,22:19,+59,23:26,+71,00:14,+75,01:01,+71,02:08,+59,03:19,+45
702-Apr-17,T, 1.999, 1.052,01:27,+48,02:24,+41,03:42,+27,03:59,+24,04:16,+21,05:34,+05,06:31,-07
702-Oct-10,P, 1.962, 0.868,20:40,+36,21:58,+53,-,-,23:38,+69,-,-,01:18,+66,02:36,+52
703-Apr-06,N, 0.670,-0.292,18:58,+03,-,-,-,-,20:42,+24,-,-,-,-,22:26,+43
703-Sep-30,N, 0.693,-0.357,00:02,+67,-,-,-,-,01:58,+56,-,-,-,-,03:54,+33
704-Feb-25,P, 1.470, 0.418,17:53,-06,19:17,+11,-,-,20:30,+27,-,-,21:42,+43,23:06,+59
704-Aug-19,P, 1.372, 0.410,23:55,+49,01:07,+49,-,-,02:13,+43,-,-,03:20,+33,04:32,+20
705-Feb-13,T, 2.786, 1.693,19:17,+14,20:28,+29,21:34,+43,22:26,+54,23:18,+64,00:23,+74,01:34,+71
705-Aug-09,T, 2.691, 1.742,16:18,-36,17:11,-24,18:08,-12,18:57,-02,19:46,+08,20:43,+19,21:36,+29
706-Feb-02,P, 1.739, 0.655,19:13,+14,20:34,+31,-,-,22:03,+51,-,-,23:33,+69,00:54,+77
707-Jan-23,N, 0.503,-0.531,01:06,+79,-,-,-,-,02:44,+60,-,-,-,-,04:22,+38
707-Jul-19,N, 0.145,-0.888,19:30,+04,-,-,-,-,20:25,+14,-,-,-,-,21:21,+24
707-Dec-14,P, 1.386, 0.413,01:16,+77,02:27,+61,-,-,03:34,+47,-,-,04:40,+33,05:51,+18
708-Dec-02,T, 2.599, 1.617,16:27,-12,17:23,-02,18:21,+10,19:09,+19,19:56,+29,20:54,+41,21:50,+54
709-Nov-22,P, 1.833, 0.803,04:52,+25,06:02,+11,-,-,07:33,-08,-,-,09:04,-24,10:14,-34
710-May-17,P, 1.035, 0.053,17:59,-13,19:42,+07,-,-,20:08,+12,-,-,20:34,+17,22:17,+33
711-Apr-08,P, 1.280, 0.333,01:59,+47,03:12,+35,-,-,04:11,+24,-,-,05:11,+12,06:24,-04
711-Oct-01,N, 1.066,-0.017,16:15,-24,-,-,-,-,18:40,+07,-,-,-,-,21:04,+38
712-Mar-27,T, 2.597, 1.621,17:29,-15,18:26,-03,19:25,+10,20:13,+20,21:01,+29,22:00,+40,22:57,+50
712-Sep-19,T, 2.420, 1.390,20:06,+24,21:10,+37,22:16,+50,22:59,+57,23:42,+61,00:48,+62,01:52,+56
713-Mar-17,P, 1.723, 0.689,04:32,+26,05:46,+10,-,-,07:14,-09,-,-,08:42,-28,09:55,-43
714-Jul-31,N, 0.309,-0.644,17:50,-16,-,-,-,-,19:03,-01,-,-,-,-,20:16,+13
714-Aug-30,N, 0.693,-0.259,01:05,+51,-,-,-,-,02:49,+39,-,-,-,-,04:34,+20
715-Jan-24,P, 1.295, 0.221,14:58,-34,16:35,-18,-,-,17:30,-08,-,-,18:25,+03,20:03,+23
716-Jan-13,T, 2.621, 1.601,21:22,+46,22:23,+59,23:24,+72,00:12,+81,01:00,+82,02:01,+71,03:02,+58
716-Jul-09,T, 2.737, 1.692,14:27,-62,15:33,-48,16:36,-35,17:28,-24,18:20,-13,19:23,+00,20:29,+12
717-Jun-28,P, 1.329, 0.259,16:30,-35,18:07,-15,-,-,19:08,-03,-,-,20:09,+08,21:46,+24
717-Nov-23,N, 0.103,-0.889,17:07,-07,-,-,-,-,17:51,+02,-,-,-,-,18:35,+11
717-Dec-23,N, 0.639,-0.337,03:24,+49,-,-,-,-,05:05,+28,-,-,-,-,06:47,+08
718-Nov-13,P, 1.269, 0.223,02:11,+60,03:43,+40,-,-,04:37,+29,-,-,05:30,+17,07:03,-02
719-May-08,T, 2.194, 1.224,16:51,-27,17:49,-15,18:57,-01,19:31,+06,20:05,+12,21:12,+24,22:11,+33
719-Nov-02,T, 2.537, 1.444,05:03,+20,06:15,+05,07:22,-09,08:09,-18,08:56,-27,10:03,-37,11:15,-45
720-Oct-21,P, 2.007, 0.911,04:24,+27,05:42,+10,-,-,07:23,-11,-,-,09:05,-30,10:22,-42
721-Mar-18,N, 0.134,-0.859,18:24,-03,-,-,-,-,19:14,+08,-,-,-,-,20:05,+18
721-Apr-17,N, 0.771,-0.191,02:34,+38,-,-,-,-,04:25,+18,-,-,-,-,06:16,-05
722-Mar-08,P, 1.393, 0.341,01:34,+64,03:02,+48,-,-,04:09,+35,-,-,05:15,+20,06:43,+01
723-Feb-25,T, 2.717, 1.626,02:46,+54,03:57,+39,05:03,+24,05:54,+13,06:46,+02,07:51,-12,09:02,-27
723-Aug-21,T, 2.592, 1.639,00:10,+50,01:04,+49,02:02,+44,02:49,+38,03:37,+30,04:34,+19,05:28,+08
724-Feb-14,P, 1.787, 0.708,02:57,+53,04:16,+36,-,-,05:48,+16,-,-,07:20,-04,08:40,-20
724-Aug-09,P, 1.726, 0.741,15:25,-47,16:32,-33,-,-,17:59,-14,-,-,19:26,+04,20:32,+18
725-Jan-03,N, 0.108,-0.897,21:24,+46,-,-,-,-,22:09,+56,-,-,-,-,22:55,+66
725-Jul-30,N, 0.268,-0.770,02:08,+39,-,-,-,-,03:24,+28,-,-,-,-,04:39,+15
726-Dec-14,T, 2.597, 1.613,01:20,+76,02:16,+63,03:15,+51,04:02,+41,04:49,+31,05:47,+19,06:44,+07
727-Jun-08,T, 2.581, 1.549,14:42,-58,15:46,-44,16:50,-31,17:39,-20,18:28,-10,19:32,+02,20:37,+14
727-Dec-03,P, 1.837, 0.803,13:26,-39,14:36,-31,-,-,16:08,-17,-,-,17:39,+00,18:49,+14
728-May-28,P, 1.173, 0.195,01:08,+40,02:34,+31,-,-,03:23,+24,-,-,04:11,+16,05:38,+00
728-Nov-21,N, 0.509,-0.578,19:31,+25,-,-,-,-,21:15,+47,-,-,-,-,23:00,+70
729-Oct-12,N, 1.018,-0.067,00:00,+72,-,-,-,-,02:21,+54,-,-,-,-,04:43,+24
730-Apr-08,T, 2.497, 1.520,01:14,+52,02:12,+46,03:12,+36,03:58,+27,04:44,+18,05:44,+05,06:41,-07
730-Oct-01,T, 2.365, 1.334,04:05,+29,05:09,+15,06:16,+01,06:56,-08,07:37,-16,08:44,-30,09:48,-42
731-Sep-20,T, 2.029, 1.053,16:15,-28,17:14,-15,18:34,+02,18:51,+06,19:08,+09,20:27,+26,21:27,+39
732-Mar-16,N, 0.422,-0.658,16:26,-28,-,-,-,-,18:04,-08,-,-,-,-,19:41,+13
732-Aug-11,N, 0.202,-0.754,01:48,+44,-,-,-,-,02:47,+37,-,-,-,-,03:47,+27
733-Feb-03,P, 1.259, 0.190,22:57,+63,00:36,+77,-,-,01:27,+74,-,-,02:18,+64,03:58,+43
733-Jul-31,P, 1.475, 0.476,14:19,-62,15:34,-47,-,-,16:47,-31,-,-,18:01,-15,19:16,+00
734-Jan-24,T, 2.598, 1.584,05:51,+17,06:51,+05,07:52,-08,08:40,-17,09:28,-25,10:28,-35,11:29,-42
734-Jul-20,T, 2.882, 1.832,21:11,+23,22:18,+33,23:21,+39,00:14,+42,01:06,+42,02:09,+37,03:16,+28
735-Jan-13,P, 1.853, 0.878,19:40,+23,20:41,+36,-,-,22:10,+55,-,-,23:40,+74,00:41,+84
735-Jul-09,P, 1.486, 0.414,22:52,+35,00:21,+39,-,-,01:36,+37,-,-,02:51,+29,04:19,+16
735-Dec-05,N, 0.094,-0.901,01:58,+67,-,-,-,-,02:40,+58,-,-,-,-,03:22,+49
736-Jun-28,N, 0.142,-0.902,02:21,+31,-,-,-,-,03:17,+23,-,-,-,-,04:13,+14
737-May-19,T, 2.061, 1.095,00:16,+43,01:15,+41,02:30,+33,02:53,+30,03:16,+26,04:31,+13,05:31,+02
737-Nov-12,T, 2.516, 1.419,13:03,-44,14:15,-36,15:23,-26,16:09,-18,16:55,-09,18:03,+05,19:15,+20
738-May-08,T, 2.239, 1.297,16:43,-29,17:38,-17,18:41,-04,19:18,+03,19:56,+10,20:59,+22,21:54,+30
738-Nov-01,P, 2.042, 0.945,12:17,-48,13:33,-43,-,-,15:16,-29,-,-,16:59,-09,18:16,+06
739-Mar-30,N, 0.036,-0.957,02:33,+47,-,-,-,-,03:00,+43,-,-,-,-,03:27,+38
739-Oct-21,N, 0.792,-0.257,15:59,-22,-,-,-,-,18:01,+03,-,-,-,-,20:04,+29
740-Sep-10,P, 1.213, 0.249,16:04,-33,17:23,-16,-,-,18:16,-05,-,-,19:09,+07,20:28,+24
742-Aug-20,P, 1.830, 0.838,22:59,+46,00:04,+51,-,-,01:35,+48,-,-,03:07,+36,04:12,+24
743-Jan-15,N, 0.099,-0.902,06:03,+17,-,-,-,-,06:47,+08,-,-,-,-,07:30,-01
743-Feb-13,N, 0.582,-0.441,17:25,-11,-,-,-,-,19:09,+10,-,-,-,-,20:53,+33
743-Jul-11,N, 0.237,-0.823,19:25,+00,-,-,-,-,20:38,+14,-,-,-,-,21:51,+26
744-Jan-04,P, 1.373, 0.403,19:04,+16,20:16,+31,-,-,21:21,+45,-,-,22:26,+59,23:38,+74
744-Jun-29,P, 1.594, 0.527,18:33,-10,19:57,+07,-,-,21:20,+21,-,-,22:42,+32,00:07,+38
745-Jun-18,T, 2.733, 1.704,21:27,+24,22:31,+32,23:33,+37,00:25,+39,01:17,+37,02:19,+32,03:23,+24
745-Dec-13,P, 1.839, 0.802,22:01,+58,23:12,+73,-,-,00:43,+84,-,-,02:15,+65,03:25,+50
746-Dec-03,N, 0.515,-0.575,03:42,+43,-,-,-,-,05:27,+20,-,-,-,-,07:13,-01
747-Apr-29,P, 1.055, 0.110,17:37,-17,19:05,+01,-,-,19:40,+08,-,-,20:16,+15,21:44,+30
747-May-29,N, 0.032,-0.910,02:02,+36,-,-,-,-,02:26,+33,-,-,-,-,02:49,+30
749-Apr-07,P, 1.917, 0.883,19:13,+07,20:24,+21,-,-,22:01,+40,-,-,23:38,+52,00:48,+54
749-Oct-01,T, 2.085, 1.108,00:32,+66,01:31,+60,02:45,+47,03:09,+42,03:33,+37,04:46,+22,05:45,+09
750-Mar-27,N, 0.518,-0.560,23:21,+56,-,-,-,-,01:08,+58,-,-,-,-,02:55,+44
750-Sep-20,N, 0.836,-0.122,17:18,-14,-,-,-,-,19:11,+10,-,-,-,-,21:04,+34
751-Feb-15,P, 1.214, 0.150,06:50,+01,08:33,-20,-,-,09:18,-29,-,-,10:04,-37,11:46,-50
751-Aug-11,P, 1.360, 0.356,21:46,+33,23:06,+44,-,-,00:11,+49,-,-,01:17,+47,02:37,+39
752-Feb-04,T, 2.566, 1.556,14:14,-42,15:14,-34,16:15,-24,17:02,-15,17:49,-06,18:50,+06,19:50,+19
752-Jul-31,T, 2.750, 1.695,04:02,+20,05:09,+08,06:12,-05,07:04,-16,07:56,-27,09:00,-41,10:07,-55
753-Jan-24,P, 1.872, 0.901,04:23,+37,05:23,+24,-,-,06:54,+05,-,-,08:24,-13,09:25,-24
753-Jul-20,P, 1.636, 0.564,05:18,+04,06:42,-13,-,-,08:07,-31,-,-,09:33,-49,10:56,-67
754-Jan-13,N, 0.653,-0.323,21:03,+41,-,-,-,-,22:45,+63,-,-,-,-,00:28,+84
754-Jun-09,N, 0.457,-0.557,20:35,+16,-,-,-,-,22:09,+30,-,-,-,-,23:44,+39
754-Dec-04,P, 1.248, 0.194,19:04,+19,20:40,+39,-,-,21:30,+50,-,-,22:21,+61,23:57,+81
755-Nov-23,T, 2.500, 1.401,21:07,+47,22:19,+63,23:28,+77,00:13,+84,00:58,+79,02:07,+65,03:20,+49
756-May-19,T, 2.369, 1.428,00:16,+42,01:10,+40,02:10,+35,02:52,+29,03:35,+22,04:35,+12,05:29,+02
756-Nov-11,P, 2.067, 0.970,20:15,+36,21:32,+52,-,-,23:15,+74,-,-,00:59,+77,02:15,+62
757-May-08,P, 1.002, 0.039,17:26,-20,19:09,+01,-,-,19:30,+05,-,-,19:52,+09,21:35,+27
757-Nov-01,N, 0.824,-0.225,00:12,+79,-,-,-,-,02:16,+59,-,-,-,-,04:20,+32
758-Mar-29,P, 1.197, 0.145,16:28,-29,18:10,-07,-,-,18:55,+02,-,-,19:40,+12,21:22,+33
758-Sep-22,P, 1.152, 0.187,00:21,+62,01:44,+55,-,-,02:30,+48,-,-,03:16,+40,04:39,+23
759-Mar-18,T, 2.539, 1.454,17:17,-17,18:28,-02,19:36,+13,20:24,+23,21:11,+33,22:20,+46,23:31,+57
759-Sep-11,T, 2.428, 1.468,16:16,-30,17:11,-18,18:11,-05,18:55,+05,19:39,+14,20:38,+27,21:33,+38
760-Mar-06,P, 1.924, 0.856,18:01,-06,19:16,+10,-,-,20:54,+31,-,-,22:32,+51,23:47,+62
761-Feb-24,N, 0.637,-0.380,01:25,+67,-,-,-,-,03:13,+48,-,-,-,-,05:01,+25
761-Jul-22,N, 0.091,-0.972,02:30,+33,-,-,-,-,03:16,+27,-,-,-,-,04:02,+20
761-Aug-20,N, 0.492,-0.558,15:54,-39,-,-,-,-,17:35,-17,-,-,-,-,19:16,+05
762-Jan-15,P, 1.360, 0.391,03:55,+44,05:07,+28,-,-,06:11,+15,-,-,07:15,+02,08:27,-12
762-Jul-11,P, 1.441, 0.373,01:08,+38,02:38,+31,-,-,03:49,+20,-,-,05:00,+08,06:31,-10
763-Jan-04,T, 2.585, 1.599,19:00,+15,19:57,+27,20:55,+40,21:42,+50,22:29,+60,23:28,+73,00:25,+84
763-Jun-30,T, 2.862, 1.835,04:17,+13,05:21,+02,06:23,-10,07:15,-21,08:07,-32,09:09,-45,10:12,-58
763-Dec-25,P, 1.842, 0.803,06:34,+07,07:44,-06,-,-,09:16,-22,-,-,10:48,-35,11:59,-40
764-Jun-18,P, 1.457, 0.486,15:28,-48,16:39,-33,-,-,17:52,-18,-,-,19:05,-04,20:16,+10
765-May-10,N, 0.932,-0.012,01:20,+41,-,-,-,-,03:17,+26,-,-,-,-,05:15,+05
765-Nov-02,N, 0.959,-0.126,15:53,-21,-,-,-,-,18:11,+07,-,-,-,-,20:29,+36
766-Apr-29,T, 2.264, 1.286,16:21,-33,17:20,-21,18:26,-07,19:03,+01,19:41,+08,20:47,+21,21:46,+31
766-Oct-22,T, 2.290, 1.260,20:29,+37,21:33,+50,22:41,+64,23:18,+71,23:55,+75,01:03,+72,02:08,+60
767-Apr-19,T, 2.035, 1.000,02:19,+41,03:28,+30,05:09,+10,05:10,+10,05:11,+10,06:51,-11,08:00,-26
768-Apr-07,N, 0.630,-0.446,06:06,+00,-,-,-,-,08:03,-25,-,-,-,-,10:00,-50
768-Sep-01,N, 0.019,-0.947,18:15,-05,-,-,-,-,18:33,-01,-,-,-,-,18:52,+03
768-Oct-01,N, 0.889,-0.073,01:38,+58,-,-,-,-,03:34,+37,-,-,-,-,05:30,+12
769-Feb-25,P, 1.155, 0.098,14:37,-46,16:24,-27,-,-,17:02,-19,-,-,17:38,-12,19:26,+11
769-Aug-22,P, 1.255, 0.244,05:18,+08,06:45,-10,-,-,07:40,-22,-,-,08:35,-33,10:02,-51
770-Feb-14,T, 2.522, 1.519,22:31,+56,23:30,+68,00:32,+74,01:18,+72,02:04,+65,03:05,+53,04:05,+40
771-Dec-26,N, 0.075,-0.924,19:38,+23,-,-,-,-,20:15,+31,-,-,-,-,20:53,+39
772-Jan-25,N, 0.667,-0.308,05:45,+19,-,-,-,-,07:29,-02,-,-,-,-,09:13,-21
772-Jun-20,N, 0.321,-0.690,03:46,+20,-,-,-,-,05:06,+06,-,-,-,-,06:25,-10
772-Dec-15,P, 1.239, 0.182,03:31,+46,05:08,+26,-,-,05:58,+15,-,-,06:47,+05,08:24,-13
773-Jun-09,P, 1.787, 0.828,15:04,-53,16:05,-40,-,-,17:35,-21,-,-,19:04,-04,20:06,+08
773-Dec-04,T, 2.489, 1.388,05:13,+22,06:26,+07,07:35,-06,08:20,-14,09:05,-22,10:14,-32,11:26,-39
774-Nov-23,P, 2.085, 0.987,04:20,+33,05:36,+17,-,-,07:20,-04,-,-,09:04,-23,10:20,-34
775-May-20,P, 1.128, 0.163,00:45,+41,02:11,+34,-,-,02:55,+28,-,-,03:39,+21,05:06,+05
776-Apr-08,P, 1.080, 0.029,23:42,+54,01:44,+50,-,-,02:04,+47,-,-,02:24,+45,04:26,+22
777-Mar-29,T, 2.430, 1.349,00:19,+59,01:31,+55,02:42,+45,03:25,+37,04:09,+28,05:19,+13,06:31,-02
777-Sep-22,T, 2.363, 1.398,00:30,+62,01:25,+58,02:26,+49,03:08,+41,03:49,+33,04:50,+20,05:46,+08
778-Mar-18,P, 2.012, 0.950,01:21,+60,02:33,+49,-,-,04:15,+29,-,-,05:56,+07,07:09,-08
778-Sep-11,P, 2.003, 0.999,14:26,-52,15:30,-39,-,-,17:08,-19,-,-,18:45,+03,19:49,+17
779-Feb-05,N, 0.055,-0.936,23:15,+66,-,-,-,-,23:48,+72,-,-,-,-,00:20,+77
779-Aug-31,N, 0.588,-0.468,23:01,+51,-,-,-,-,00:50,+55,-,-,-,-,02:40,+43
781-Jan-15,T, 2.570, 1.583,03:44,+46,04:41,+34,05:39,+21,06:26,+11,07:13,+02,08:12,-10,09:09,-20
782-Jan-04,P, 1.849, 0.808,15:03,-29,16:14,-18,-,-,17:46,-01,-,-,19:19,+17,20:30,+32
782-Jun-29,P, 1.599, 0.630,22:41,+34,23:48,+39,-,-,01:09,+39,-,-,02:30,+32,03:37,+23
782-Dec-24,N, 0.528,-0.566,20:01,+29,-,-,-,-,21:48,+52,-,-,-,-,23:36,+76
783-Nov-14,N, 0.944,-0.142,00:00,+83,-,-,-,-,02:16,+61,-,-,-,-,04:33,+31
784-May-09,T, 2.134, 1.155,23:45,+43,00:45,+43,01:57,+38,02:26,+34,02:55,+30,04:07,+18,05:07,+07
784-Nov-02,T, 2.268, 1.240,04:53,+22,05:57,+09,07:06,-05,07:41,-12,08:17,-19,09:26,-31,10:30,-40
785-Oct-22,T, 2.162, 1.184,17:32,-03,18:30,+09,19:38,+24,20:09,+31,20:39,+37,21:48,+52,22:46,+64
787-Mar-08,P, 1.085, 0.035,22:17,+49,00:15,+65,-,-,00:38,+65,-,-,01:00,+65,02:58,+48
788-Feb-26,T, 2.469, 1.471,06:42,+01,07:41,-12,08:43,-24,09:28,-33,10:13,-41,11:14,-50,12:14,-56
788-Aug-21,T, 2.513, 1.447,17:57,-11,19:06,+03,20:13,+17,21:00,+26,21:47,+35,22:54,+45,00:03,+52
789-Feb-14,P, 1.940, 0.975,21:30,+43,22:29,+55,-,-,00:02,+72,-,-,01:34,+71,02:33,+61
789-Aug-10,P, 1.911, 0.834,18:33,-06,19:50,+10,-,-,21:29,+28,-,-,23:08,+43,00:26,+48
790-Jan-06,N, 0.060,-0.941,04:25,+37,-,-,-,-,04:59,+29,-,-,-,-,05:33,+22
790-Jul-30,N, 0.573,-0.468,22:00,+31,-,-,-,-,23:47,+42,-,-,-,-,01:35,+41
791-Jun-20,P, 1.652, 0.695,22:30,+33,23:34,+38,-,-,00:57,+39,-,-,02:20,+33,03:24,+24
791-Dec-15,T, 2.477, 1.375,13:19,-39,14:32,-32,15:41,-22,16:26,-14,17:10,-06,18:19,+07,19:32,+22
792-Jun-09,T, 2.641, 1.700,15:14,-51,16:07,-40,17:03,-28,17:52,-18,18:41,-08,19:37,+02,20:30,+12
792-Dec-03,T, 2.097, 1.000,12:28,-41,13:43,-37,15:26,-24,15:28,-23,15:29,-23,17:12,-05,18:28,+10
793-Nov-22,N, 0.863,-0.183,16:58,-06,-,-,-,-,19:04,+19,-,-,-,-,21:09,+46
794-Oct-13,P, 1.065, 0.097,17:18,-09,18:49,+11,-,-,19:23,+18,-,-,19:56,+25,21:28,+45
796-Sep-21,T, 2.073, 1.063,22:20,+52,23:24,+61,00:44,+63,01:03,+62,01:22,+60,02:43,+47,03:47,+34
797-Mar-17,N, 0.787,-0.218,16:59,-21,-,-,-,-,18:56,+04,-,-,-,-,20:53,+28
798-Feb-05,P, 1.304, 0.341,21:19,+42,22:32,+57,-,-,23:33,+69,-,-,00:33,+78,01:47,+72
798-Aug-01,P, 1.158, 0.089,14:35,-60,16:28,-36,-,-,17:05,-28,-,-,17:41,-20,19:34,+03
799-Jul-21,T, 2.579, 1.556,18:14,-12,19:17,+00,20:20,+12,21:09,+21,21:58,+29,23:01,+37,00:04,+42
800-Jan-15,P, 1.863, 0.820,23:26,+73,00:37,+83,-,-,02:10,+68,-,-,03:44,+47,04:54,+32
801-Jan-04,N, 0.539,-0.555,04:06,+40,-,-,-,-,05:55,+17,-,-,-,-,07:43,-05
801-May-31,N, 0.668,-0.276,16:36,-33,-,-,-,-,18:19,-12,-,-,-,-,20:01,+07
801-Jun-29,N, 0.427,-0.514,23:30,+39,-,-,-,-,00:54,+40,-,-,-,-,02:17,+34
802-Nov-13,T, 2.255, 1.228,13:23,-41,14:27,-34,15:36,-23,16:11,-17,16:45,-11,17:55,+03,18:59,+16
803-May-10,T, 2.301, 1.264,16:08,-37,17:15,-22,18:26,-08,19:04,+00,19:42,+08,20:53,+21,22:00,+31
803-Nov-03,T, 2.185, 1.207,02:13,+58,03:11,+46,04:18,+31,04:50,+24,05:22,+17,06:29,+03,07:27,-08
804-Apr-28,N, 0.886,-0.186,19:14,+05,-,-,-,-,21:29,+30,-,-,-,-,23:44,+46
804-Oct-22,N, 0.962,-0.006,18:40,+11,-,-,-,-,20:40,+37,-,-,-,-,22:40,+62
805-Mar-19,N, 1.003,-0.041,05:50,+07,-,-,-,-,08:06,-22,-,-,-,-,10:21,-50
805-Sep-12,P, 1.081, 0.058,20:42,+30,22:30,+50,-,-,22:57,+55,-,-,23:25,+58,01:13,+59
806-Mar-08,T, 2.401, 1.409,14:44,-46,15:43,-36,16:46,-24,17:29,-15,18:12,-06,19:14,+08,20:13,+20
806-Sep-02,T, 2.411, 1.340,01:05,+54,02:16,+46,03:25,+34,04:08,+26,04:51,+17,06:00,+02,07:10,-13
807-Feb-26,T, 1.990, 1.030,05:52,+12,06:50,+00,08:12,-17,08:25,-20,08:37,-22,09:59,-38,10:57,-47
807-Aug-22,P, 2.033, 0.954,01:23,+48,02:38,+39,-,-,04:22,+21,-,-,06:05,+00,07:21,-16
808-Feb-15,N, 0.726,-0.247,22:45,+59,-,-,-,-,00:33,+75,-,-,-,-,02:21,+63
808-Jul-11,N, 0.063,-0.943,18:33,-09,-,-,-,-,19:09,-02,-,-,-,-,19:45,+05
808-Aug-10,N, 0.699,-0.340,04:55,+11,-,-,-,-,06:52,-13,-,-,-,-,08:49,-37
809-Jan-05,P, 1.215, 0.154,20:18,+32,21:59,+53,-,-,22:44,+63,-,-,23:30,+73,01:10,+81
809-Dec-25,T, 2.465, 1.362,21:24,+48,22:37,+64,23:47,+79,00:31,+86,01:15,+80,02:25,+65,03:38,+49
810-Jun-20,T, 2.778, 1.837,22:42,+34,23:35,+38,00:31,+39,01:21,+37,02:11,+33,03:07,+26,03:59,+18
810-Dec-14,T, 2.108, 1.013,20:37,+39,21:52,+56,23:28,+76,23:37,+78,23:46,+80,01:22,+78,02:37,+61
811-Jun-10,P, 1.395, 0.426,15:11,-52,16:24,-36,-,-,17:33,-22,-,-,18:42,-09,19:54,+05
811-Dec-04,N, 0.874,-0.169,01:28,+73,-,-,-,-,03:34,+46,-,-,-,-,05:39,+19
812-Oct-24,P, 1.036, 0.066,01:55,+60,03:31,+41,-,-,03:59,+35,-,-,04:27,+29,06:03,+08
813-Apr-19,T, 2.173, 1.097,13:59,-62,15:13,-48,16:36,-30,17:01,-25,17:26,-19,18:49,-02,20:03,+13
813-Oct-13,T, 2.269, 1.296,17:19,-08,18:16,+04,19:20,+18,19:57,+26,20:34,+34,21:38,+48,22:35,+60
814-Apr-08,T, 2.225, 1.174,15:39,-40,16:48,-26,18:03,-10,18:35,-03,19:07,+04,20:23,+19,21:32,+32
815-Mar-29,N, 0.880,-0.118,00:34,+58,-,-,-,-,02:37,+44,-,-,-,-,04:39,+21
816-Feb-17,P, 1.259, 0.298,05:50,+15,07:06,-01,-,-,08:03,-13,-,-,09:00,-24,10:15,-38
816-Aug-11,N, 1.035,-0.036,21:31,+29,-,-,-,-,23:54,+47,-,-,-,-,02:16,+41
817-Feb-05,T, 2.515, 1.528,20:53,+36,21:51,+48,22:51,+61,23:37,+70,00:22,+76,01:22,+75,02:20,+65
817-Aug-01,T, 2.449, 1.427,01:22,+42,02:25,+36,03:30,+27,04:15,+19,05:00,+11,06:05,-02,07:09,-15
819-Jun-12,N, 0.532,-0.412,00:13,+38,-,-,-,-,01:46,+34,-,-,-,-,03:19,+23
819-Dec-05,N, 0.929,-0.154,16:26,-12,-,-,-,-,18:41,+14,-,-,-,-,20:56,+42
820-May-31,P, 1.858, 0.874,14:19,-62,15:23,-49,-,-,16:56,-29,-,-,18:29,-11,19:33,+02
820-Nov-23,T, 2.248, 1.222,21:58,+59,23:01,+73,00:11,+85,00:45,+82,01:19,+75,02:29,+60,03:33,+46
821-May-20,T, 2.445, 1.407,22:54,+38,00:01,+42,01:07,+40,01:52,+37,02:37,+32,03:44,+21,04:50,+10
822-May-10,N, 1.031,-0.040,01:39,+41,-,-,-,-,04:02,+20,-,-,-,-,06:25,-09
822-Nov-03,P, 0.983, 0.012,03:21,+43,05:10,+20,-,-,05:22,+17,-,-,05:34,+14,07:23,-08
823-Sep-24,N, 1.013,-0.017,04:33,+22,-,-,-,-,06:46,-06,-,-,-,-,08:59,-34
824-Mar-18,T, 2.322, 1.336,22:41,+52,23:40,+59,00:44,+61,01:24,+59,02:03,+54,03:08,+43,04:07,+32
825-Mar-08,T, 2.052, 1.095,14:07,-52,15:04,-43,16:18,-29,16:40,-25,17:03,-21,18:16,-05,19:13,+07
826-Jan-27,N, 0.009,-0.994,21:57,+50,-,-,-,-,22:10,+53,-,-,-,-,22:23,+55
827-Jan-17,P, 1.192, 0.130,04:33,+34,06:17,+12,-,-,06:59,+04,-,-,07:41,-05,09:25,-24
828-Jan-06,T, 2.449, 1.346,05:26,+23,06:39,+08,07:50,-06,08:33,-14,09:16,-22,10:26,-32,11:39,-40
828-Dec-25,T, 2.118, 1.026,04:47,+31,06:01,+15,07:33,-03,07:46,-05,07:59,-08,09:31,-23,10:46,-33
829-Jun-20,P, 1.532, 0.559,22:21,+31,23:31,+37,-,-,00:48,+38,-,-,02:06,+33,03:15,+25
830-May-11,N, 0.664,-0.389,20:40,+20,-,-,-,-,22:36,+38,-,-,-,-,00:33,+44
831-Apr-30,P, 2.029, 0.957,20:39,+22,21:55,+34,-,-,23:38,+46,-,-,01:22,+44,02:37,+36
831-Oct-25,T, 2.239, 1.262,01:53,+61,02:51,+49,03:56,+35,04:31,+27,05:07,+20,06:12,+06,07:09,-06
832-Apr-18,T, 2.346, 1.302,22:39,+44,23:47,+49,00:56,+49,01:37,+46,02:17,+41,03:27,+30,04:34,+17
832-Oct-13,T, 2.175, 1.153,14:30,-41,15:34,-29,16:47,-15,17:16,-09,17:46,-02,18:59,+13,20:03,+27
833-Oct-02,N, 0.811,-0.262,21:10,+42,-,-,-,-,23:18,+65,-,-,-,-,01:26,+64
834-Feb-27,P, 1.205, 0.246,14:16,-48,15:34,-36,-,-,16:26,-27,-,-,17:19,-16,18:37,+00
834-Aug-23,N, 0.923,-0.149,04:36,+17,-,-,-,-,06:52,-11,-,-,-,-,09:08,-40
835-Feb-17,T, 2.471, 1.485,05:17,+22,06:15,+10,07:15,-03,08:00,-13,08:45,-22,09:45,-33,10:43,-43
836-Feb-06,P, 1.916, 0.872,15:52,-28,17:03,-15,-,-,18:38,+04,-,-,20:14,+25,21:25,+40
836-Jul-31,T, 1.987, 1.021,20:55,+22,21:55,+32,23:20,+42,23:30,+43,23:41,+44,01:06,+45,02:06,+41
837-Jan-25,N, 0.583,-0.510,19:58,+24,-,-,-,-,21:51,+49,-,-,-,-,23:44,+72
837-Dec-16,N, 0.923,-0.157,00:42,+85,-,-,-,-,02:56,+56,-,-,-,-,05:10,+27
838-Jun-11,P, 1.714, 0.727,21:31,+24,22:38,+32,-,-,00:05,+38,-,-,01:32,+36,02:40,+30
838-Dec-05,T, 2.244, 1.220,06:36,+05,07:39,-07,08:49,-19,09:23,-25,09:57,-29,11:06,-37,12:09,-40
839-Nov-24,T, 2.209, 1.231,19:49,+30,20:47,+42,21:53,+56,22:26,+64,23:00,+71,00:06,+83,01:03,+79
841-Apr-09,N, 0.804,-0.228,20:39,+24,-,-,-,-,22:42,+44,-,-,-,-,00:45,+52
842-Sep-23,T, 2.249, 1.167,15:46,-32,16:59,-17,18:16,+00,18:48,+07,19:20,+14,20:37,+30,21:50,+45
843-Mar-19,T, 2.127, 1.173,22:13,+47,23:10,+56,00:18,+62,00:48,+62,01:17,+60,02:25,+51,03:22,+41
843-Sep-12,T, 2.237, 1.153,15:31,-39,16:44,-23,18:03,-06,18:34,+00,19:05,+07,20:23,+24,21:36,+39
844-Mar-08,N, 0.828,-0.143,15:11,-42,-,-,-,-,17:06,-19,-,-,-,-,19:01,+05
844-Aug-31,N, 0.917,-0.122,19:19,+08,-,-,-,-,21:29,+34,-,-,-,-,23:39,+53
845-Jul-22,P, 1.270, 0.315,21:06,+23,22:21,+34,-,-,23:20,+41,-,-,00:19,+44,01:34,+42
846-Jan-16,T, 2.425, 1.324,13:24,-42,14:37,-36,15:48,-25,16:30,-18,17:12,-10,18:23,+04,19:37,+19
847-Jan-05,T, 2.133, 1.044,12:54,-41,14:08,-36,15:37,-25,15:53,-22,16:10,-20,17:39,-04,18:53,+11
847-Dec-25,N, 0.893,-0.144,18:32,+11,-,-,-,-,20:38,+37,-,-,-,-,22:43,+64
848-May-22,N, 0.512,-0.542,03:31,+23,-,-,-,-,05:16,+04,-,-,-,-,07:00,-17
848-Nov-14,P, 1.005, 0.033,19:29,+24,21:11,+46,-,-,21:31,+51,-,-,21:51,+55,23:33,+76
849-May-11,P, 1.878, 0.808,03:15,+27,04:33,+13,-,-,06:11,-07,-,-,07:49,-27,09:06,-44
850-Apr-30,T, 2.479, 1.439,05:34,+01,06:40,-13,07:46,-27,08:32,-37,09:18,-47,10:24,-61,11:30,-74
850-Oct-24,T, 2.209, 1.182,22:45,+66,23:50,+76,01:02,+72,01:33,+66,02:05,+60,03:17,+45,04:21,+31
851-Apr-19,P, 1.098, 0.112,15:29,-44,17:03,-24,-,-,17:41,-16,-,-,18:18,-08,19:53,+11
851-Oct-14,N, 0.860,-0.219,04:52,+20,-,-,-,-,07:03,-08,-,-,-,-,09:15,-33
852-Mar-09,P, 1.137, 0.181,22:34,+53,23:56,+64,-,-,00:41,+66,-,-,01:27,+63,02:49,+51
853-Feb-27,T, 2.414, 1.428,13:32,-53,14:30,-47,15:32,-37,16:15,-29,16:58,-21,18:00,-08,18:58,+04
853-Aug-22,T, 2.226, 1.206,16:05,-36,17:10,-23,18:21,-07,18:55,+00,19:28,+07,20:40,+22,21:44,+34
854-Feb-16,P, 1.960, 0.916,23:51,+70,01:02,+73,-,-,02:39,+57,-,-,04:17,+36,05:27,+21
854-Aug-12,T, 2.101, 1.135,04:33,+16,05:31,+04,06:43,-10,07:10,-16,07:36,-22,08:48,-37,09:47,-49
855-Feb-06,N, 0.619,-0.473,03:43,+44,-,-,-,-,05:38,+19,-,-,-,-,07:34,-06
855-Aug-01,N, 0.795,-0.151,21:53,+32,-,-,-,-,23:43,+45,-,-,-,-,01:34,+44
856-Jun-22,P, 1.571, 0.580,04:42,+08,05:53,-05,-,-,07:13,-21,-,-,08:34,-38,09:45,-53
856-Dec-15,T, 2.241, 1.221,15:17,-25,16:20,-15,17:29,-02,18:03,+05,18:37,+11,19:46,+25,20:49,+39
857-Dec-05,T, 2.214, 1.237,04:42,+29,05:40,+17,06:46,+04,07:19,-03,07:53,-09,08:59,-20,09:56,-29
858-May-31,P, 1.340, 0.271,14:17,-63,15:53,-42,-,-,16:55,-29,-,-,17:57,-16,19:33,+03
858-Nov-24,P, 1.004, 0.028,20:57,+44,22:42,+67,-,-,23:00,+71,-,-,23:18,+75,01:03,+79
859-Apr-21,N, 0.691,-0.335,03:57,+22,-,-,-,-,05:51,-01,-,-,-,-,07:46,-25
859-Oct-15,N, 0.912,-0.131,20:37,+37,-,-,-,-,22:45,+64,-,-,-,-,00:54,+72
860-Apr-09,T, 2.130, 1.155,14:14,-58,15:13,-47,16:24,-32,16:53,-26,17:22,-20,18:33,-05,19:32,+08
860-Oct-03,T, 2.186, 1.099,23:18,+65,00:32,+68,01:54,+58,02:19,+53,02:44,+48,04:07,+31,05:20,+15
861-Sep-22,T, 2.317, 1.231,22:51,+57,00:03,+64,01:18,+60,01:54,+55,02:31,+49,03:46,+34,04:58,+19
862-Mar-19,N, 0.898,-0.072,23:09,+56,-,-,-,-,01:08,+61,-,-,-,-,03:07,+44
862-Sep-12,N, 1.006,-0.033,02:48,+42,-,-,-,-,05:03,+15,-,-,-,-,07:17,-14
863-Feb-07,P, 1.120, 0.057,20:45,+34,22:40,+58,-,-,23:08,+64,-,-,23:37,+69,01:32,+72
863-Aug-03,P, 1.158, 0.203,04:49,+12,06:11,-04,-,-,06:59,-14,-,-,07:47,-24,09:08,-42
864-Jan-27,T, 2.391, 1.291,21:14,+42,22:27,+58,23:40,+72,00:20,+79,01:00,+79,02:13,+67,03:26,+52
864-Jul-22,T, 2.490, 1.543,21:20,+25,22:14,+33,23:12,+39,23:58,+42,00:44,+43,01:43,+40,02:36,+35
865-Jan-15,T, 2.152, 1.067,20:59,+40,22:12,+56,23:37,+74,23:58,+78,00:18,+82,01:43,+75,02:57,+59
866-Jan-05,N, 0.904,-0.128,03:03,+55,-,-,-,-,05:09,+28,-,-,-,-,07:15,+02
866-Jul-01,N, 0.322,-0.712,23:31,+36,-,-,-,-,00:54,+38,-,-,-,-,02:16,+32
866-Nov-26,P, 0.998, 0.026,04:23,+32,06:07,+11,-,-,06:24,+07,-,-,06:42,+04,08:26,-16
867-Nov-15,T, 2.205, 1.221,19:18,+23,20:17,+35,21:24,+50,21:56,+57,22:29,+64,23:36,+78,00:35,+82
869-Apr-29,P, 1.220, 0.239,22:49,+41,00:13,+46,-,-,01:06,+44,-,-,01:59,+39,03:23,+27
870-Sep-13,N, 0.739,-0.336,19:12,+09,-,-,-,-,21:16,+35,-,-,-,-,23:19,+56
871-Mar-10,T, 2.346, 1.360,21:38,+42,22:37,+53,23:40,+62,00:21,+65,01:02,+64,02:05,+57,03:04,+47
871-Sep-02,T, 2.134, 1.114,23:41,+54,00:46,+55,02:03,+48,02:29,+44,02:54,+40,04:11,+26,05:16,+13
873-Jul-13,N, 0.136,-0.815,23:21,+37,-,-,-,-,00:10,+39,-,-,-,-,00:59,+39
873-Aug-12,N, 0.904,-0.044,05:33,+04,-,-,-,-,07:29,-20,-,-,-,-,09:26,-45
874-Jan-06,N, 0.906,-0.167,17:12,-07,-,-,-,-,19:25,+19,-,-,-,-,21:37,+47
874-Dec-26,T, 2.235, 1.218,23:56,+82,00:59,+82,02:08,+68,02:41,+60,03:15,+53,04:24,+38,05:27,+25
875-Jun-22,T, 2.853, 1.806,18:50,-05,19:57,+07,21:00,+18,21:52,+26,22:45,+33,23:48,+38,00:54,+39
875-Dec-16,T, 2.218, 1.242,13:37,-37,14:34,-31,15:39,-22,16:13,-17,16:47,-11,17:53,+01,18:50,+13
876-Jun-10,P, 1.501, 0.432,20:34,+16,22:02,+29,-,-,23:19,+37,-,-,00:35,+40,02:03,+35
876-Dec-05,P, 1.007, 0.029,05:50,+14,07:35,-06,-,-,07:53,-10,-,-,08:12,-13,09:56,-30
877-May-31,N, 0.153,-0.890,00:08,+41,-,-,-,-,01:06,+40,-,-,-,-,02:04,+35
877-Oct-26,N, 0.878,-0.170,04:47,+23,-,-,-,-,06:55,-04,-,-,-,-,09:02,-28
878-Apr-20,T, 2.017, 1.048,21:51,+36,22:51,+44,00:12,+49,00:28,+49,00:44,+49,02:05,+42,03:05,+34
879-Apr-10,T, 2.309, 1.361,14:05,-60,15:00,-49,16:01,-37,16:41,-28,17:21,-20,18:23,-07,19:17,+04
881-Feb-18,P, 1.068, 0.005,04:40,+29,06:52,+01,-,-,07:01,-01,-,-,07:10,-03,09:22,-30
882-Feb-07,T, 2.347, 1.250,04:58,+27,06:12,+11,07:26,-04,08:04,-12,08:42,-20,09:56,-33,11:09,-44
882-Aug-03,T, 2.374, 1.425,05:01,+09,05:56,-02,06:56,-14,07:39,-23,08:21,-32,09:22,-45,10:16,-56
883-Jan-27,T, 2.180, 1.100,04:58,+29,06:10,+13,07:32,-03,07:56,-08,08:21,-13,09:43,-28,10:55,-39
883-Jul-23,P, 1.927, 0.941,20:02,+10,21:06,+21,-,-,22:41,+35,-,-,00:16,+42,01:19,+42
884-Jun-12,N, 0.198,-0.859,17:14,-26,-,-,-,-,18:21,-12,-,-,-,-,19:28,+02
885-Jun-01,P, 1.563, 0.496,16:19,-36,17:44,-18,-,-,19:05,-02,-,-,20:26,+13,21:51,+27
885-Nov-26,T, 2.196, 1.209,04:06,+36,05:05,+23,06:12,+10,06:44,+03,07:17,-03,08:24,-16,09:23,-25
886-May-21,T, 2.762, 1.733,19:17,+03,20:20,+14,21:23,+25,22:14,+32,23:06,+38,00:08,+41,01:12,+40
886-Nov-15,T, 2.250, 1.212,15:31,-23,16:36,-11,17:47,+03,18:21,+09,18:55,+17,20:05,+32,21:11,+46
887-Nov-04,N, 0.927,-0.161,20:36,+40,-,-,-,-,22:52,+69,-,-,-,-,01:08,+75
888-Apr-29,N, 0.075,-0.870,23:34,+44,-,-,-,-,00:11,+45,-,-,-,-,00:47,+44
888-Sep-24,N, 0.669,-0.407,02:45,+45,-,-,-,-,04:43,+21,-,-,-,-,06:41,-04
889-Mar-21,T, 2.263, 1.278,05:35,+11,06:34,-02,07:40,-17,08:17,-25,08:54,-32,10:00,-46,10:59,-56
890-Mar-10,T, 2.089, 1.045,15:20,-40,16:29,-27,17:55,-09,18:12,-05,18:28,-02,19:54,+17,21:03,+31
890-Sep-02,T, 2.294, 1.327,20:14,+21,21:11,+32,22:14,+44,22:53,+50,23:32,+54,00:35,+57,01:32,+54
891-Feb-27,N, 0.731,-0.357,18:41,+03,-,-,-,-,20:46,+30,-,-,-,-,22:51,+55
892-Jan-18,N, 0.890,-0.178,01:25,+78,-,-,-,-,03:36,+49,-,-,-,-,05:47,+21
892-Jul-13,P, 1.289, 0.290,19:07,-03,20:30,+13,-,-,21:29,+23,-,-,22:29,+32,23:52,+40
893-Jul-03,T, 2.700, 1.650,01:28,+37,02:35,+30,03:39,+21,04:30,+13,05:22,+03,06:26,-09,07:32,-23
893-Dec-26,T, 2.223, 1.248,22:30,+63,23:28,+75,00:33,+86,01:07,+81,01:41,+74,02:47,+60,03:44,+47
894-Jun-22,P, 1.663, 0.594,02:52,+27,04:15,+14,-,-,05:42,-02,-,-,07:09,-19,08:32,-37
894-Dec-16,P, 1.009, 0.030,14:43,-31,16:27,-15,-,-,16:46,-11,-,-,17:05,-08,18:50,+13
895-May-12,N, 0.444,-0.571,18:25,-08,-,-,-,-,19:58,+10,-,-,-,-,21:32,+26
896-May-01,P, 1.899, 0.934,05:26,+02,06:27,-10,-,-,08:00,-30,-,-,09:33,-50,10:34,-63
896-Oct-25,T, 2.098, 1.003,14:45,-34,16:01,-21,17:42,-01,17:46,+00,17:51,+01,19:31,+23,20:47,+39
897-Apr-20,T, 2.417, 1.472,21:51,+36,22:44,+43,23:44,+48,00:28,+49,01:11,+48,02:11,+42,03:05,+34
897-Oct-14,T, 2.438, 1.348,14:00,-45,15:11,-34,16:21,-20,17:04,-11,17:48,-02,18:58,+13,20:09,+28
898-Apr-10,P, 1.072, 0.103,14:41,-53,16:13,-34,-,-,16:48,-27,-,-,17:24,-19,18:56,+00
898-Oct-03,P, 1.143, 0.104,18:20,+03,20:03,+25,-,-,20:41,+34,-,-,21:18,+41,23:01,+61
899-Aug-24,P, 0.964, 0.007,20:36,+24,22:27,+43,-,-,22:36,+45,-,-,22:45,+46,00:36,+54
900-Feb-18,T, 2.291, 1.197,12:34,-53,13:48,-50,15:04,-40,15:39,-34,16:13,-28,17:30,-13,18:44,+03
901-Feb-06,T, 2.216, 1.141,12:52,-49,14:03,-45,15:21,-34,15:50,-29,16:19,-24,17:37,-09,18:49,+05
901-Aug-03,T, 2.048, 1.057,03:22,+28,04:24,+17,05:45,+01,06:03,-03,06:22,-06,07:42,-23,08:45,-36
902-Jan-26,N, 0.946,-0.077,19:54,+24,-,-,-,-,22:01,+51,-,-,-,-,00:08,+77
902-Jun-24,N, 0.040,-1.020,00:20,+40,-,-,-,-,00:50,+40,-,-,-,-,01:21,+39
902-Dec-17,P, 0.990, 0.018,22:13,+60,00:00,+82,-,-,00:14,+85,-,-,00:29,+86,02:16,+66
903-Jun-12,P, 1.403, 0.338,22:51,+35,00:23,+40,-,-,01:31,+37,-,-,02:39,+30,04:11,+16
903-Dec-07,T, 2.191, 1.201,12:55,-40,13:54,-36,15:02,-28,15:34,-23,16:06,-18,17:14,-06,18:13,+06
904-Jun-01,T, 2.833, 1.807,02:08,+33,03:11,+25,04:12,+14,05:05,+05,05:57,-05,06:58,-18,08:02,-31
904-Nov-25,T, 2.260, 1.218,23:59,+84,01:05,+77,02:16,+62,02:50,+55,03:24,+47,04:35,+32,05:41,+18
905-Nov-15,N, 0.948,-0.144,04:36,+28,-,-,-,-,06:54,+00,-,-,-,-,09:12,-25
906-Apr-11,N, 0.863,-0.086,22:45,+47,-,-,-,-,00:40,+53,-,-,-,-,02:34,+42
907-Sep-24,P, 1.988, 0.969,15:22,-38,16:28,-24,-,-,18:06,-03,-,-,19:43,+18,20:50,+33
908-Mar-20,T, 2.173, 1.129,22:50,+52,23:58,+60,01:15,+59,01:43,+56,02:11,+52,03:28,+38,04:36,+24
908-Sep-13,T, 2.374, 1.406,04:17,+24,05:14,+12,06:15,-01,06:57,-10,07:39,-19,08:40,-32,09:36,-43
909-Mar-10,N, 0.807,-0.278,01:55,+57,-,-,-,-,04:05,+33,-,-,-,-,06:16,+05
909-Sep-02,P, 1.090, 0.136,21:17,+34,22:43,+49,-,-,23:22,+54,-,-,00:02,+57,01:28,+55
910-Jul-25,P, 1.157, 0.152,02:23,+34,03:56,+21,-,-,04:41,+13,-,-,05:25,+05,06:59,-14
911-Jan-17,T, 2.211, 1.202,17:10,-09,18:12,+03,19:21,+17,19:54,+24,20:26,+31,21:36,+45,22:37,+59
912-Dec-26,P, 1.011, 0.031,23:35,+77,01:20,+78,-,-,01:39,+74,-,-,01:58,+70,03:43,+47
913-May-23,N, 0.312,-0.699,01:38,+36,-,-,-,-,02:57,+27,-,-,-,-,04:16,+14
913-Nov-16,N, 0.835,-0.222,21:22,+51,-,-,-,-,23:28,+78,-,-,-,-,01:33,+72
914-Nov-05,P, 2.071, 0.972,22:39,+67,23:56,+80,-,-,01:40,+67,-,-,03:24,+45,04:40,+28
915-May-02,T, 2.533, 1.590,05:31,+01,06:24,-10,07:22,-22,08:09,-32,08:56,-42,09:53,-54,10:46,-65
915-Oct-25,T, 2.478, 1.387,21:49,+55,23:00,+69,00:09,+76,00:54,+73,01:38,+66,02:47,+52,03:59,+36
916-Apr-20,P, 1.175, 0.205,22:15,+40,23:39,+49,-,-,00:28,+50,-,-,01:17,+48,02:40,+38
916-Oct-14,P, 1.193, 0.155,02:21,+53,03:58,+33,-,-,04:43,+23,-,-,05:28,+14,07:06,-07
917-Mar-11,N, 0.920,-0.141,20:01,+20,-,-,-,-,22:14,+47,-,-,-,-,00:28,+63
917-Sep-04,N, 0.883,-0.075,04:40,+18,-,-,-,-,06:36,-06,-,-,-,-,08:32,-31
918-Feb-28,T, 2.221, 1.130,20:01,+21,21:16,+37,22:36,+54,23:05,+59,23:34,+63,00:54,+68,02:08,+60
918-Aug-24,T, 2.171, 1.214,20:40,+24,21:36,+35,22:43,+45,23:16,+49,23:48,+52,00:55,+53,01:51,+49
919-Feb-17,T, 2.265, 1.195,20:38,+31,21:48,+46,23:03,+61,23:37,+67,00:10,+72,01:25,+71,02:35,+59
920-Feb-07,N, 0.981,-0.037,04:10,+39,-,-,-,-,06:19,+11,-,-,-,-,08:27,-15
920-Aug-02,N, 0.718,-0.330,19:26,+03,-,-,-,-,21:25,+26,-,-,-,-,23:25,+42
920-Dec-28,P, 0.983, 0.013,07:08,+01,08:56,-19,-,-,09:09,-21,-,-,09:21,-23,11:10,-37
921-Jun-23,P, 1.244, 0.180,05:24,+01,07:06,-19,-,-,07:57,-30,-,-,08:48,-41,10:30,-62
921-Dec-17,T, 2.186, 1.194,21:44,+54,22:44,+67,23:52,+81,00:24,+86,00:55,+83,02:04,+69,03:03,+56
923-Jun-01,P, 1.626, 0.657,20:35,+16,21:41,+26,-,-,23:03,+35,-,-,00:26,+39,01:32,+36
924-Oct-15,N, 0.569,-0.509,18:17,+05,-,-,-,-,20:07,+29,-,-,-,-,21:57,+52
925-Apr-11,T, 2.062, 1.076,21:03,+29,22:04,+40,23:23,+50,23:43,+51,00:04,+52,01:22,+50,02:24,+43
925-Oct-04,P, 1.936, 0.916,23:27,+66,00:33,+68,-,-,02:09,+55,-,-,03:45,+36,04:52,+22
926-Apr-01,T, 2.273, 1.229,06:08,+00,07:15,-15,08:28,-30,09:03,-38,09:39,-45,10:51,-59,11:59,-69
927-Sep-14,P, 1.168, 0.210,05:20,+10,06:41,-07,-,-,07:29,-17,-,-,08:18,-27,09:38,-43
928-Feb-08,N, 0.829,-0.229,17:35,-08,-,-,-,-,19:42,+18,-,-,-,-,21:48,+45
929-Jan-28,T, 2.188, 1.184,01:42,+72,02:43,+60,03:53,+44,04:24,+38,04:55,+31,06:06,+16,07:07,+03
929-Jul-24,T, 2.408, 1.350,14:50,-57,15:59,-42,17:08,-27,17:51,-18,18:35,-09,19:44,+05,20:53,+18
930-Jan-17,T, 2.247, 1.276,16:09,-21,17:06,-11,18:10,+02,18:46,+09,19:21,+16,20:26,+30,21:22,+42
930-Jul-13,P, 1.978, 0.908,15:40,-46,16:55,-30,-,-,18:37,-09,-,-,20:19,+11,21:35,+25
931-Jul-02,N, 0.612,-0.422,19:25,+02,-,-,-,-,21:15,+22,-,-,-,-,23:06,+37
931-Nov-28,N, 0.822,-0.240,05:44,+16,-,-,-,-,07:49,-09,-,-,-,-,09:54,-29
932-May-22,P, 1.643, 0.685,20:26,+15,21:30,+25,-,-,22:53,+36,-,-,00:16,+40,01:20,+39
932-Nov-16,P, 2.050, 0.948,06:38,+02,07:55,-13,-,-,09:38,-30,-,-,11:21,-41,12:38,-43
933-Nov-05,T, 2.507, 1.416,05:46,+11,06:57,-04,08:05,-17,08:51,-25,09:36,-32,10:44,-41,11:56,-46
934-May-02,P, 1.290, 0.320,05:40,+00,06:57,-16,-,-,07:58,-29,-,-,08:58,-42,10:15,-58
935-Mar-23,N, 0.825,-0.235,03:27,+36,-,-,-,-,05:35,+10,-,-,-,-,07:43,-18
935-Oct-14,N, 0.045,-0.938,23:54,+71,-,-,-,-,00:24,+71,-,-,-,-,00:52,+69
936-Mar-11,T, 2.137, 1.050,03:20,+42,04:35,+26,06:03,+07,06:21,+03,06:40,-01,08:08,-20,09:23,-36
936-Sep-04,T, 2.086, 1.124,04:39,+18,05:37,+06,06:48,-09,07:14,-15,07:39,-20,08:51,-35,09:49,-47
937-Feb-28,T, 2.325, 1.261,04:17,+33,05:26,+18,06:38,+02,07:16,-06,07:54,-14,09:05,-29,10:15,-42
937-Aug-24,T, 2.264, 1.262,18:17,-06,19:19,+07,20:27,+21,21:04,+28,21:40,+34,22:48,+45,23:50,+52
938-Aug-14,N, 0.837,-0.217,02:16,+40,-,-,-,-,04:24,+19,-,-,-,-,06:33,-07
939-Jan-08,P, 0.973, 0.004,16:00,-22,17:54,-01,-,-,18:01,+00,-,-,18:08,+02,20:01,+25
939-Dec-29,T, 2.181, 1.188,06:33,+08,07:33,-04,08:42,-16,09:13,-22,09:44,-26,10:53,-35,11:53,-40
940-Jun-22,T, 2.531, 1.512,15:52,-43,16:55,-30,17:59,-17,18:47,-07,19:34,+02,20:38,+14,21:41,+24
940-Dec-17,T, 2.271, 1.223,16:58,-07,18:04,+05,19:15,+20,19:50,+27,20:25,+34,21:36,+50,22:42,+64
941-Jun-12,P, 1.766, 0.800,03:50,+17,04:53,+06,-,-,06:21,-11,-,-,07:50,-29,08:53,-42
941-Dec-06,N, 0.971,-0.126,20:48,+42,-,-,-,-,23:08,+73,-,-,-,-,01:28,+76
942-Jun-01,N, 0.452,-0.488,21:23,+23,-,-,-,-,22:49,+34,-,-,-,-,00:15,+38
942-Oct-27,N, 0.537,-0.541,02:16,+57,-,-,-,-,04:03,+34,-,-,-,-,05:49,+11
943-Apr-23,P, 1.945, 0.959,04:36,+15,05:39,+02,-,-,07:15,-18,-,-,08:51,-39,09:54,-52
944-Apr-11,T, 2.385, 1.341,13:18,-68,14:25,-57,15:33,-43,16:15,-34,16:57,-25,18:06,-11,19:12,+03
944-Oct-04,T, 2.495, 1.525,20:51,+38,21:47,+49,22:46,+61,23:31,+67,00:17,+70,01:16,+66,02:11,+57
945-Mar-31,N, 1.003,-0.078,15:54,-37,-,-,-,-,18:16,-07,-,-,-,-,20:38,+23
946-Feb-19,N, 0.781,-0.270,01:32,+70,-,-,-,-,03:34,+46,-,-,-,-,05:37,+19
946-Aug-15,N, 0.917,-0.100,17:08,-24,-,-,-,-,19:15,+03,-,-,-,-,21:23,+28
947-Aug-04,T, 2.275, 1.211,21:38,+29,22:49,+39,00:03,+45,00:39,+46,01:14,+45,02:29,+38,03:39,+28
948-Jan-29,T, 2.268, 1.301,00:52,+79,01:48,+71,02:51,+58,03:29,+50,04:06,+41,05:09,+28,06:05,+16
948-Jul-23,T, 2.129, 1.057,22:10,+33,23:24,+41,00:51,+43,01:11,+43,01:30,+42,02:58,+32,04:11,+20
949-Jan-17,P, 1.028, 0.047,17:08,-10,18:50,+10,-,-,19:13,+15,-,-,19:37,+20,21:18,+41
949-Jul-13,N, 0.762,-0.271,02:04,+36,-,-,-,-,04:05,+19,-,-,-,-,06:06,-04
949-Dec-08,N, 0.813,-0.252,14:07,-33,-,-,-,-,16:12,-16,-,-,-,-,18:17,+08
950-Jun-03,P, 1.508, 0.554,03:53,+17,05:00,+05,-,-,06:16,-10,-,-,07:31,-25,08:38,-39
950-Nov-27,P, 2.036, 0.932,14:40,-30,15:58,-18,-,-,17:41,+01,-,-,19:24,+22,20:41,+39
951-May-23,T, 2.788, 1.846,20:39,+18,21:32,+26,22:28,+34,23:18,+38,00:07,+41,01:03,+40,01:56,+36
951-Nov-16,T, 2.529, 1.437,13:48,-38,14:59,-29,16:07,-17,16:53,-09,17:39,+00,18:47,+14,19:58,+29
952-Nov-04,P, 1.257, 0.220,18:52,+16,20:23,+36,-,-,21:16,+47,-,-,22:09,+59,23:40,+76
953-Sep-25,N, 0.757,-0.204,21:11,+40,-,-,-,-,23:00,+60,-,-,-,-,00:49,+66
955-Sep-05,T, 2.356, 1.347,01:55,+49,02:57,+39,04:02,+27,04:43,+18,05:24,+10,06:30,-04,07:31,-17
956-Feb-28,P, 1.080, 0.075,20:24,+26,22:05,+48,-,-,22:36,+54,-,-,23:07,+59,00:49,+69
957-Jan-19,N, 0.956,-0.011,00:49,+81,-,-,-,-,02:48,+59,-,-,-,-,04:48,+33
957-Jul-14,N, 0.943,-0.120,18:43,-06,-,-,-,-,21:00,+20,-,-,-,-,23:17,+39
958-Jan-08,T, 2.170, 1.176,15:17,-28,16:17,-19,17:27,-06,17:57,+00,18:27,+06,19:37,+20,20:37,+33
958-Jul-03,T, 2.384, 1.368,22:50,+35,23:53,+39,00:59,+39,01:42,+37,02:25,+33,03:31,+24,04:34,+13
958-Dec-29,T, 2.278, 1.227,01:25,+76,02:32,+62,03:43,+46,04:18,+39,04:53,+31,06:04,+16,07:11,+03
959-Dec-18,N, 0.980,-0.118,04:55,+29,-,-,-,-,07:16,+00,-,-,-,-,09:37,-24
960-May-13,N, 0.503,-0.443,22:07,+34,-,-,-,-,23:38,+43,-,-,-,-,01:09,+42
960-Jun-12,N, 0.585,-0.355,04:42,+08,-,-,-,-,06:18,-11,-,-,-,-,07:55,-30
961-Oct-26,P, 1.866, 0.847,16:02,-21,17:10,-08,-,-,18:42,+12,-,-,20:15,+32,21:22,+47
962-Apr-22,T, 2.509, 1.464,20:18,+18,21:25,+30,22:30,+40,23:17,+45,00:04,+48,01:10,+47,02:16,+40
962-Oct-16,T, 2.537, 1.566,05:21,+14,06:16,+02,07:15,-10,08:01,-19,08:47,-28,09:46,-38,10:41,-46
963-Apr-11,P, 1.119, 0.042,22:40,+45,00:43,+51,-,-,01:08,+50,-,-,01:33,+48,03:36,+30
963-Oct-05,P, 1.285, 0.319,21:53,+52,23:08,+65,-,-,00:07,+70,-,-,01:06,+67,02:21,+55
964-Aug-26,N, 0.810,-0.213,00:38,+52,-,-,-,-,02:40,+41,-,-,-,-,04:41,+19
965-Feb-18,T, 2.108, 1.115,18:26,+01,19:27,+14,20:41,+30,21:06,+36,21:31,+41,22:45,+56,23:46,+67
965-Aug-15,T, 2.149, 1.081,04:31,+17,05:44,+02,07:08,-15,07:31,-20,07:54,-25,09:18,-43,10:30,-58
966-Aug-04,T, 2.270, 1.197,04:48,+12,06:00,-02,07:16,-18,07:51,-26,08:25,-33,09:42,-49,10:54,-64
967-Jan-29,P, 1.047, 0.067,01:46,+70,03:24,+50,-,-,03:52,+44,-,-,04:21,+37,05:58,+16
967-Dec-19,N, 0.801,-0.267,22:28,+63,-,-,-,-,00:33,+88,-,-,-,-,02:38,+62
968-Dec-07,P, 2.024, 0.919,22:44,+68,00:03,+85,-,-,01:45,+71,-,-,03:27,+49,04:45,+32
969-Jun-03,T, 2.733, 1.792,04:08,+14,05:01,+05,05:57,-06,06:47,-16,07:36,-26,08:32,-38,09:25,-49
969-Nov-26,T, 2.543, 1.452,21:56,+58,23:07,+74,00:14,+85,01:01,+79,01:48,+69,02:55,+55,04:05,+39
970-May-23,P, 1.542, 0.568,20:15,+14,21:25,+25,-,-,22:43,+36,-,-,00:01,+41,01:10,+40
970-Nov-16,P, 1.276, 0.240,03:18,+45,04:48,+26,-,-,05:43,+15,-,-,06:37,+03,08:07,-14
971-Apr-13,N, 0.598,-0.462,17:56,-12,-,-,-,-,19:47,+12,-,-,-,-,21:39,+33
971-Oct-07,N, 0.712,-0.251,05:39,+09,-,-,-,-,07:25,-13,-,-,-,-,09:11,-33
971-Nov-05,N, 0.107,-0.876,16:51,-11,-,-,-,-,17:36,-02,-,-,-,-,18:20,+07
972-Apr-01,P, 1.930, 0.850,17:31,-15,18:48,+01,-,-,20:28,+22,-,-,22:08,+41,23:25,+51
972-Sep-25,P, 1.951, 0.981,20:59,+38,21:59,+50,-,-,23:32,+64,-,-,01:06,+64,02:06,+56
973-Mar-21,T, 2.485, 1.433,19:12,+08,20:19,+22,21:25,+36,22:11,+44,22:57,+52,00:03,+59,01:10,+59
974-Mar-11,P, 1.148, 0.149,04:19,+30,05:51,+10,-,-,06:34,+01,-,-,07:17,-08,08:49,-28
974-Sep-04,N, 1.044,-0.022,16:19,-31,-,-,-,-,18:40,+00,-,-,-,-,21:02,+29
975-Jul-26,N, 0.804,-0.259,01:31,+42,-,-,-,-,03:39,+25,-,-,-,-,05:47,+01
976-Jan-19,T, 2.154, 1.159,23:58,+78,00:58,+80,02:09,+68,02:38,+61,03:07,+55,04:18,+40,05:18,+27
977-Jul-03,T, 2.044, 1.082,18:26,-11,19:25,+01,20:41,+15,21:02,+18,21:24,+22,22:40,+32,23:39,+37
978-Nov-17,N, 0.502,-0.575,18:33,+12,-,-,-,-,20:16,+34,-,-,-,-,21:59,+56
979-May-14,P, 1.684, 0.695,19:21,+04,20:29,+17,-,-,21:54,+31,-,-,23:20,+40,00:28,+43
979-Nov-07,P, 1.847, 0.830,00:31,+78,01:39,+67,-,-,03:10,+47,-,-,04:42,+28,05:49,+13
980-May-03,T, 2.644, 1.599,03:11,+28,04:17,+16,05:21,+04,06:11,-06,07:02,-17,08:06,-31,09:12,-45
980-Oct-26,T, 2.569, 1.597,13:57,-42,14:53,-33,15:51,-23,16:37,-14,17:24,-05,18:22,+07,19:18,+19
981-Apr-22,P, 1.250, 0.175,05:16,+06,07:01,-16,-,-,07:51,-27,-,-,08:41,-38,10:26,-60
981-Oct-16,P, 1.325, 0.356,06:21,+01,07:35,-14,-,-,08:37,-26,-,-,09:39,-37,10:53,-47
982-Mar-12,N, 0.652,-0.387,17:07,-19,-,-,-,-,18:59,+05,-,-,-,-,20:52,+29
983-Mar-02,T, 2.050, 1.063,02:38,+54,03:39,+41,04:58,+24,05:17,+20,05:35,+16,06:54,-01,07:55,-14
984-Feb-19,T, 2.343, 1.382,17:57,-05,18:53,+07,19:54,+20,20:34,+28,21:15,+37,22:16,+50,23:11,+60
985-Aug-03,P, 1.037, 0.007,15:48,-43,17:54,-15,-,-,18:04,-13,-,-,18:13,-11,20:20,+15
985-Dec-30,N, 0.789,-0.281,06:49,+06,-,-,-,-,08:53,-17,-,-,-,-,10:58,-35
986-Jun-24,P, 1.242, 0.291,18:51,-06,20:07,+08,-,-,21:04,+18,-,-,22:01,+27,23:17,+35
986-Dec-19,P, 2.012, 0.906,06:49,+04,08:07,-10,-,-,09:49,-27,-,-,11:31,-38,12:49,-40
987-Dec-08,T, 2.552, 1.463,06:08,+11,07:18,-03,08:25,-15,09:12,-23,09:59,-30,11:06,-37,12:16,-41
988-Jun-03,P, 1.676, 0.700,03:27,+22,04:33,+10,-,-,05:59,-06,-,-,07:24,-23,08:30,-37
989-Apr-24,N, 0.468,-0.591,01:00,+46,-,-,-,-,02:41,+35,-,-,-,-,04:21,+18
989-Nov-16,N, 0.126,-0.857,01:32,+70,-,-,-,-,02:20,+60,-,-,-,-,03:08,+49
990-Apr-13,P, 1.808, 0.731,00:25,+52,01:44,+47,-,-,03:19,+32,-,-,04:53,+14,06:13,-02
990-Oct-07,P, 1.903, 0.927,05:20,+13,06:21,+00,-,-,07:53,-19,-,-,09:25,-36,10:26,-46
991-Apr-02,T, 2.582, 1.536,02:30,+44,03:36,+33,04:40,+20,05:29,+09,06:17,-01,07:22,-15,08:27,-29
991-Sep-26,T, 2.504, 1.482,17:31,-09,18:33,+05,19:36,+18,20:22,+28,21:08,+38,22:11,+51,23:13,+61
992-Sep-14,P, 1.130, 0.058,23:33,+58,01:31,+56,-,-,02:00,+52,-,-,02:29,+47,04:26,+25
993-Feb-09,N, 0.897,-0.066,18:11,-01,-,-,-,-,20:07,+23,-,-,-,-,22:04,+48
993-Mar-11,N, 0.010,-0.949,04:58,+23,-,-,-,-,05:12,+20,-,-,-,-,05:25,+17
995-Jan-19,T, 2.306, 1.252,18:05,+01,19:12,+15,20:23,+30,21:00,+38,21:37,+46,22:47,+61,23:54,+75
995-Jul-15,T, 2.176, 1.216,01:51,+36,02:48,+30,03:56,+20,04:29,+14,05:02,+08,06:09,-05,07:07,-17
996-Jan-08,N, 1.004,-0.095,21:03,+42,-,-,-,-,23:25,+73,-,-,-,-,01:48,+74
996-Jul-03,N, 0.849,-0.092,19:25,+01,-,-,-,-,21:18,+20,-,-,-,-,23:11,+35
996-Nov-28,N, 0.495,-0.580,02:50,+54,-,-,-,-,04:32,+32,-,-,-,-,06:14,+11
997-May-25,P, 1.543, 0.551,02:35,+31,03:47,+20,-,-,05:05,+06,-,-,06:24,-10,07:36,-25
998-Nov-06,T, 2.591, 1.618,22:40,+68,23:36,+78,00:33,+79,01:21,+72,02:08,+62,03:05,+50,04:01,+38
999-Oct-27,P, 1.357, 0.384,14:55,-32,16:08,-19,-,-,17:12,-06,-,-,18:17,+07,19:29,+22
1000-Mar-23,N, 0.571,-0.462,00:46,+61,-,-,-,-,02:32,+49,-,-,-,-,04:17,+29
1000-Sep-16,N, 0.634,-0.402,15:59,-32,-,-,-,-,17:49,-09,-,-,-,-,19:39,+15
1000-Oct-16,N, 0.028,-0.986,06:16,+03,-,-,-,-,06:40,-02,-,-,-,-,07:03,-07
1001-Sep-05,P, 1.931, 0.853,18:39,+01,19:55,+17,-,-,21:35,+37,-,-,23:14,+53,00:31,+58
1002-Mar-02,T, 2.397, 1.439,02:19,+57,03:14,+46,04:13,+33,04:56,+24,05:39,+15,06:39,+02,07:33,-10
1002-Aug-25,T, 2.520, 1.444,18:30,-03,19:40,+12,20:48,+26,21:35,+35,22:22,+43,23:30,+51,00:40,+54
1003-Feb-19,P, 1.115, 0.135,18:39,+04,20:09,+23,-,-,20:49,+32,-,-,21:29,+40,22:58,+58
1003-Aug-14,P, 1.159, 0.130,22:55,+44,00:34,+50,-,-,01:16,+49,-,-,01:58,+45,03:38,+30
1004-Jan-10,N, 0.770,-0.301,15:05,-30,-,-,-,-,17:08,-10,-,-,-,-,19:12,+15
1004-Jul-05,P, 1.112, 0.162,02:24,+31,03:48,+20,-,-,04:31,+12,-,-,05:14,+05,06:38,-12
1004-Dec-29,P, 1.997, 0.892,14:52,-30,16:10,-18,-,-,17:52,+01,-,-,19:33,+21,20:52,+38
1005-Jun-24,T, 2.461, 1.517,19:05,-03,19:59,+08,20:58,+18,21:43,+25,22:28,+31,23:27,+36,00:21,+39
1005-Dec-18,T, 2.561, 1.474,14:21,-33,15:31,-23,16:37,-12,17:24,-04,18:11,+06,19:18,+19,20:28,+34
1006-Dec-07,P, 1.297, 0.265,20:24,+36,21:51,+55,-,-,22:48,+68,-,-,23:45,+80,01:13,+79
1007-Jun-03,N, 0.331,-0.702,21:20,+24,-,-,-,-,22:43,+35,-,-,-,-,00:07,+40
1007-Oct-28,N, 0.653,-0.315,22:54,+70,-,-,-,-,00:36,+78,-,-,-,-,02:18,+59
1008-Oct-17,P, 1.865, 0.885,13:47,-45,14:49,-36,-,-,16:20,-19,-,-,17:50,-01,18:52,+12
1009-Oct-07,T, 2.559, 1.531,01:29,+62,02:32,+50,03:35,+37,04:22,+27,05:09,+17,06:12,+04,07:15,-09
1010-Apr-01,P, 1.319, 0.332,19:49,+15,21:07,+31,-,-,22:09,+42,-,-,23:11,+51,00:30,+56
1011-Feb-21,N, 0.852,-0.110,02:42,+54,-,-,-,-,04:36,+30,-,-,-,-,06:30,+05
1011-Aug-16,N, 0.558,-0.506,15:30,-44,-,-,-,-,17:19,-21,-,-,-,-,19:08,+02
1012-Feb-10,T, 2.094, 1.098,16:59,-16,18:00,-04,19:16,+12,19:39,+17,20:02,+22,21:18,+38,22:19,+51
1012-Aug-04,P, 1.991, 0.981,20:19,+16,21:25,+28,-,-,23:03,+42,-,-,00:42,+47,01:48,+44
1013-Jan-30,T, 2.331, 1.276,02:16,+64,03:24,+50,04:33,+35,05:12,+27,05:50,+18,07:00,+03,08:07,-10
1014-Jan-19,N, 1.026,-0.073,04:58,+30,-,-,-,-,07:22,+00,-,-,-,-,09:46,-27
1014-Jun-15,N, 0.101,-0.849,21:18,+22,-,-,-,-,22:01,+29,-,-,-,-,22:43,+34
1014-Jul-15,P, 0.976, 0.033,02:51,+29,04:31,+13,-,-,04:51,+09,-,-,05:11,+06,06:51,-14
1015-Nov-28,P, 1.828, 0.814,17:45,+03,18:52,+16,-,-,20:22,+35,-,-,21:53,+55,23:00,+70
1016-May-24,T, 2.823, 1.775,16:37,-32,17:44,-18,18:47,-05,19:39,+05,20:32,+15,21:35,+25,22:42,+34
1017-May-13,P, 1.540, 0.469,18:13,-10,19:40,+07,-,-,20:59,+21,-,-,22:18,+33,23:45,+41
1017-Nov-06,P, 1.378, 0.402,23:36,+79,00:48,+77,-,-,01:54,+65,-,-,03:00,+50,04:12,+35
1018-May-02,N, 0.202,-0.844,21:36,+30,-,-,-,-,22:42,+38,-,-,-,-,23:49,+43
1018-Sep-27,N, 0.565,-0.477,23:49,+64,-,-,-,-,01:35,+59,-,-,-,-,03:20,+41
1019-Mar-23,P, 1.899, 0.923,18:41,+01,19:43,+14,-,-,21:16,+33,-,-,22:49,+50,23:51,+57
1019-Sep-17,P, 1.843, 0.760,01:55,+52,03:14,+38,-,-,04:49,+19,-,-,06:24,-01,07:43,-18
1020-Sep-05,T, 2.627, 1.550,01:33,+52,02:43,+42,03:49,+30,04:39,+20,05:29,+09,06:35,-05,07:45,-20
1021-Mar-02,P, 1.164, 0.185,02:53,+49,04:19,+31,-,-,05:05,+21,-,-,05:52,+11,07:17,-07
1022-Jan-20,N, 0.745,-0.327,23:16,+69,-,-,-,-,01:18,+79,-,-,-,-,03:20,+54
1022-Aug-14,N, 0.009,-0.964,19:45,+11,-,-,-,-,19:58,+14,-,-,-,-,20:10,+16
1023-Jan-09,P, 1.979, 0.874,22:52,+66,00:11,+82,-,-,01:52,+72,-,-,03:32,+50,04:51,+33
1023-Jul-06,T, 2.327, 1.382,02:36,+30,03:30,+22,04:31,+12,05:12,+05,05:53,-03,06:55,-15,07:49,-26
1023-Dec-29,T, 2.571, 1.487,22:33,+63,23:42,+78,00:49,+84,01:36,+75,02:24,+65,03:30,+50,04:40,+35
1024-Jun-24,P, 1.953, 0.970,17:44,-19,18:47,-06,-,-,20:23,+12,-,-,21:59,+27,23:02,+35
1024-Dec-18,P, 1.304, 0.275,05:00,+27,06:26,+09,-,-,07:24,-02,-,-,08:22,-13,09:48,-27
1025-Jun-14,N, 0.474,-0.563,03:47,+19,-,-,-,-,05:26,+01,-,-,-,-,07:05,-18
1025-Dec-07,N, 0.148,-0.833,19:09,+19,-,-,-,-,20:00,+30,-,-,-,-,20:52,+41
1026-May-04,P, 1.534, 0.464,13:55,-66,15:22,-48,-,-,16:41,-31,-,-,17:59,-14,19:26,+03
1026-Oct-28,P, 1.837, 0.852,22:20,+63,23:23,+74,-,-,00:53,+75,-,-,02:22,+58,03:25,+44
1027-Apr-23,T, 2.812, 1.778,16:45,-27,17:49,-14,18:51,-01,19:43,+10,20:35,+20,21:37,+31,22:41,+40
1028-Apr-12,P, 1.422, 0.440,03:23,+32,04:37,+18,-,-,05:47,+03,-,-,06:57,-12,08:10,-27
1028-Oct-06,P, 1.264, 0.182,14:28,-44,16:10,-24,-,-,17:01,-14,-,-,17:52,-03,19:35,+19
1029-Apr-01,N, 0.168,-0.783,20:22,+21,-,-,-,-,21:16,+32,-,-,-,-,22:10,+42
1029-Aug-26,N, 0.455,-0.610,22:43,+48,-,-,-,-,00:22,+55,-,-,-,-,02:02,+49
1030-Feb-21,T, 2.045, 1.050,01:16,+69,02:19,+59,03:39,+43,03:56,+39,04:13,+36,05:34,+18,06:36,+05
1030-Aug-16,P, 1.882, 0.871,03:44,+27,04:51,+14,-,-,06:26,-06,-,-,08:00,-26,09:07,-40
1031-Aug-05,T, 2.421, 1.462,16:56,-28,17:51,-16,18:52,-03,19:36,+06,20:20,+14,21:20,+26,22:16,+35
1032-Dec-19,N, 0.488,-0.582,19:28,+22,-,-,-,-,21:09,+44,-,-,-,-,22:50,+66
1033-Jun-15,P, 1.251, 0.253,16:54,-29,18:20,-12,-,-,19:16,-01,-,-,20:12,+10,21:37,+24
1033-Dec-09,P, 1.826, 0.813,02:27,+60,03:34,+46,-,-,05:04,+26,-,-,06:34,+08,07:41,-05
1034-Jun-04,T, 2.669, 1.619,23:14,+37,00:21,+40,01:26,+37,02:17,+32,03:08,+26,04:12,+15,05:19,+03
1034-Nov-28,T, 2.616, 1.642,16:20,-14,17:15,-03,18:12,+08,19:00,+18,19:47,+28,20:44,+40,21:39,+52
1035-May-25,P, 1.695, 0.625,00:36,+40,01:58,+35,-,-,03:27,+23,-,-,04:56,+07,06:17,-09
1036-May-13,N, 0.344,-0.697,04:05,+16,-,-,-,-,05:31,+00,-,-,-,-,06:56,-17
1036-Nov-06,N, 0.070,-0.954,22:46,+69,-,-,-,-,23:24,+77,-,-,-,-,00:02,+82
1037-Apr-03,P, 1.807, 0.836,02:34,+44,03:36,+32,-,-,05:06,+14,-,-,06:35,-05,07:38,-18
1038-Mar-23,T, 2.542, 1.590,18:38,+00,19:32,+12,20:29,+24,21:16,+33,22:03,+42,23:00,+51,23:54,+57
1039-Sep-05,P, 1.371, 0.342,13:37,-61,15:01,-46,-,-,16:07,-33,-,-,17:12,-19,18:36,+00
1040-Jul-26,N, 0.869,-0.081,17:41,-20,-,-,-,-,19:36,+04,-,-,-,-,21:32,+25
1040-Aug-25,N, 0.113,-0.860,02:57,+38,-,-,-,-,03:43,+30,-,-,-,-,04:29,+21
1041-Jan-20,P, 1.951, 0.848,06:46,+06,08:06,-10,-,-,09:45,-28,-,-,11:25,-41,12:44,-45
1042-Jan-09,T, 2.585, 1.505,06:43,+06,07:52,-07,08:58,-19,09:46,-27,10:34,-34,11:39,-41,12:49,-43
1042-Jul-06,T, 2.091, 1.104,00:52,+40,01:54,+36,03:10,+27,03:34,+23,03:59,+19,05:15,+05,06:16,-07
1042-Dec-29,P, 1.313, 0.288,13:36,-39,15:00,-30,-,-,15:59,-21,-,-,16:58,-11,18:23,+06
1043-May-26,N, 0.028,-1.033,22:11,+30,-,-,-,-,22:37,+33,-,-,-,-,23:02,+35
1043-Nov-19,N, 0.625,-0.344,16:30,-11,-,-,-,-,18:10,+08,-,-,-,-,19:50,+28
1043-Dec-19,N, 0.154,-0.825,04:01,+40,-,-,-,-,04:53,+29,-,-,-,-,05:46,+18
1044-May-14,P, 1.385, 0.318,20:33,+17,22:06,+32,-,-,23:12,+39,-,-,00:19,+42,01:52,+37
1045-May-03,T, 2.803, 1.775,23:46,+45,00:49,+44,01:51,+40,02:43,+33,03:35,+25,04:37,+14,05:40,+01
1045-Oct-28,T, 2.635, 1.595,17:47,+02,18:51,+15,19:53,+29,20:42,+39,21:31,+50,22:33,+63,23:36,+75
1046-Oct-17,P, 1.313, 0.226,22:07,+57,23:47,+73,-,-,00:43,+72,-,-,01:40,+64,03:20,+44
1047-Mar-14,N, 0.726,-0.231,19:24,+11,-,-,-,-,21:10,+33,-,-,-,-,22:57,+52
1047-Apr-13,N, 0.262,-0.686,04:02,+25,-,-,-,-,05:08,+12,-,-,-,-,06:15,-02
1047-Sep-07,N, 0.364,-0.702,06:05,+01,-,-,-,-,07:34,-19,-,-,-,-,09:03,-37
1047-Oct-06,N, 0.047,-1.045,23:40,+67,-,-,-,-,00:14,+69,-,-,-,-,00:47,+68
1049-Feb-20,T, 2.415, 1.360,18:11,-02,19:18,+12,20:26,+27,21:08,+36,21:51,+45,22:59,+58,00:06,+69
1049-Aug-16,T, 2.530, 1.571,00:39,+49,01:33,+46,02:32,+40,03:19,+32,04:06,+24,05:04,+13,05:59,+01
1050-Feb-09,P, 1.097, 0.001,20:28,+30,22:51,+60,-,-,22:56,+61,-,-,23:00,+62,01:23,+74
1050-Aug-05,P, 1.212, 0.265,17:58,-15,19:14,+01,-,-,20:08,+12,-,-,21:02,+22,22:19,+35
1050-Dec-31,N, 0.481,-0.585,03:47,+45,-,-,-,-,05:26,+23,-,-,-,-,07:06,+03
1051-Jun-27,P, 1.106, 0.104,00:03,+40,01:42,+37,-,-,02:19,+33,-,-,02:56,+29,04:35,+13
1052-Dec-09,T, 2.622, 1.649,01:13,+77,02:08,+65,03:06,+52,03:53,+42,04:41,+32,05:38,+20,06:33,+09
1053-Nov-28,P, 1.399, 0.417,17:09,-04,18:22,+11,-,-,19:29,+24,-,-,20:36,+39,21:48,+54
1054-Apr-24,N, 0.260,-0.754,23:15,+46,-,-,-,-,00:27,+49,-,-,-,-,01:39,+45
1054-Oct-19,N, 0.461,-0.593,15:49,-26,-,-,-,-,17:26,-06,-,-,-,-,19:03,+14
1055-Oct-08,P, 1.704, 0.612,16:50,-15,18:13,+03,-,-,19:41,+22,-,-,21:09,+41,22:33,+58
1056-Apr-03,T, 2.632, 1.682,02:36,+43,03:30,+33,04:26,+22,05:15,+12,06:03,+01,07:00,-11,07:53,-22
1056-Sep-26,T, 2.798, 1.717,16:13,-25,17:23,-10,18:27,+04,19:20,+15,20:12,+26,21:16,+40,22:26,+54
1057-Mar-23,P, 1.302, 0.324,18:52,+03,20:09,+20,-,-,21:10,+32,-,-,22:11,+43,23:28,+54
1057-Sep-15,P, 1.457, 0.429,21:15,+38,22:35,+53,-,-,23:47,+62,-,-,00:58,+61,02:19,+51
1058-Feb-11,N, 0.662,-0.410,15:17,-35,-,-,-,-,17:14,-14,-,-,-,-,19:11,+10
1058-Aug-07,N, 0.759,-0.191,01:28,+43,-,-,-,-,03:17,+30,-,-,-,-,05:06,+11
1059-Jan-31,P, 1.914, 0.814,14:36,-39,15:55,-27,-,-,17:34,-08,-,-,19:12,+12,20:31,+29
1059-Jul-27,T, 2.075, 1.123,17:43,-19,18:40,-07,19:52,+08,20:18,+13,20:43,+17,21:55,+30,22:52,+38
1060-Jan-20,T, 2.604, 1.529,14:50,-34,15:59,-24,17:04,-12,17:53,-03,18:41,+07,19:46,+21,20:55,+35
1061-Jan-08,P, 1.325, 0.304,22:09,+56,23:33,+74,-,-,00:33,+83,-,-,01:34,+76,02:57,+58
1061-Jul-05,N, 0.762,-0.282,16:46,-32,-,-,-,-,18:49,-06,-,-,-,-,20:52,+17
1061-Nov-30,N, 0.618,-0.352,01:23,+74,-,-,-,-,03:02,+53,-,-,-,-,04:42,+31
1062-May-26,P, 1.232, 0.167,03:10,+24,04:53,+07,-,-,05:42,-03,-,-,06:31,-13,08:14,-34
1062-Nov-19,P, 1.805, 0.813,15:41,-21,16:45,-09,-,-,18:13,+08,-,-,19:42,+27,20:46,+40
1063-Nov-09,T, 2.659, 1.615,02:03,+61,03:07,+47,04:09,+34,04:59,+23,05:48,+13,06:50,+00,07:54,-12
1064-May-03,P, 1.656, 0.685,18:17,-08,19:22,+05,-,-,20:46,+21,-,-,22:10,+34,23:15,+42
1064-Oct-28,P, 1.350, 0.259,05:55,+08,07:32,-12,-,-,08:33,-23,-,-,09:33,-34,11:11,-46
1065-Mar-25,N, 0.643,-0.312,03:32,+34,-,-,-,-,05:13,+13,-,-,-,-,06:54,-08
1066-Mar-14,P, 1.914, 0.919,17:27,-15,18:31,-01,-,-,20:05,+19,-,-,21:40,+38,22:43,+50
1066-Sep-06,P, 1.698, 0.688,19:00,+07,20:10,+22,-,-,21:36,+39,-,-,23:02,+53,00:12,+59
1067-Mar-04,T, 2.477, 1.423,01:53,+61,03:00,+48,04:07,+35,04:52,+25,05:37,+15,06:43,+01,07:50,-14
1068-Feb-21,P, 1.148, 0.056,04:00,+39,06:02,+12,-,-,06:31,+06,-,-,07:00,+00,09:01,-25
1068-Aug-16,P, 1.320, 0.369,01:39,+45,02:50,+36,-,-,03:53,+26,-,-,04:56,+14,06:08,-01
1069-Dec-30,P, 1.818, 0.812,19:52,+27,20:58,+41,-,-,22:28,+60,-,-,23:58,+79,01:04,+83
1071-Dec-10,P, 1.404, 0.419,01:59,+67,03:12,+51,-,-,04:19,+37,-,-,05:26,+22,06:39,+08
1072-Jun-03,N, 0.644,-0.389,17:08,-26,-,-,-,-,19:01,-04,-,-,-,-,20:53,+16
1072-Oct-29,N, 0.424,-0.635,23:56,+77,-,-,-,-,01:30,+68,-,-,-,-,03:04,+49
1073-Apr-24,P, 1.591, 0.629,18:00,-11,19:06,+02,-,-,20:26,+18,-,-,21:46,+32,22:51,+41
1073-Oct-19,P, 1.654, 0.558,00:30,+73,01:55,+60,-,-,03:20,+43,-,-,04:45,+25,06:10,+06
1074-Oct-07,T, 2.862, 1.780,23:48,+69,00:58,+67,02:02,+57,02:54,+47,03:47,+36,04:51,+22,06:00,+07
1075-Apr-04,P, 1.390, 0.412,02:37,+42,03:51,+28,-,-,04:58,+14,-,-,06:06,+00,07:20,-16
1075-Sep-27,P, 1.529, 0.501,05:03,+16,06:20,-01,-,-,07:37,-17,-,-,08:53,-32,10:11,-46
1076-Feb-22,N, 0.602,-0.469,23:06,+61,-,-,-,-,00:58,+71,-,-,-,-,02:50,+55
1076-Sep-15,N, 0.287,-0.687,18:28,+02,-,-,-,-,19:39,+18,-,-,-,-,20:50,+33
1077-Feb-10,P, 1.866, 0.769,22:17,+54,23:37,+69,-,-,01:14,+74,-,-,02:50,+57,04:10,+40
1077-Aug-07,T, 1.959, 1.004,01:24,+44,02:22,+38,03:52,+25,03:56,+24,04:01,+23,05:31,+06,06:29,-06
1078-Jan-30,T, 2.634, 1.564,22:51,+63,23:59,+75,01:04,+78,01:53,+70,02:42,+60,03:47,+46,04:55,+31
1078-Jul-27,T, 2.357, 1.360,15:14,-51,16:14,-38,17:19,-24,18:01,-15,18:43,-07,19:47,+07,20:48,+18
1079-Jan-20,P, 1.342, 0.326,06:40,+06,08:02,-10,-,-,09:04,-22,-,-,10:06,-32,11:28,-42
1079-Jul-16,N, 0.905,-0.143,23:19,+40,-,-,-,-,01:31,+41,-,-,-,-,03:44,+24
1080-Jan-09,N, 0.175,-0.801,21:38,+48,-,-,-,-,22:33,+60,-,-,-,-,23:29,+72
1080-Nov-30,P, 1.798, 0.803,00:26,+85,01:31,+72,-,-,02:59,+53,-,-,04:27,+34,05:32,+21
1081-May-25,T, 2.518, 1.499,13:40,-71,14:43,-57,15:47,-44,16:34,-34,17:22,-24,18:25,-11,19:28,+01
1082-May-15,P, 1.784, 0.817,01:38,+39,02:41,+31,-,-,04:10,+17,-,-,05:40,+00,06:42,-13
1082-Nov-08,P, 1.379, 0.284,13:47,-40,15:24,-26,-,-,16:27,-15,-,-,17:30,-03,19:07,+18
1083-May-04,N, 0.481,-0.463,19:04,+01,-,-,-,-,20:33,+18,-,-,-,-,22:01,+33
1083-Sep-28,N, 0.225,-0.842,21:18,+43,-,-,-,-,22:29,+57,-,-,-,-,23:40,+67
1084-Mar-25,P, 1.830, 0.835,01:20,+56,02:25,+47,-,-,03:56,+30,-,-,05:28,+11,06:33,-03
1084-Sep-17,P, 1.625, 0.616,02:51,+43,04:03,+29,-,-,05:25,+11,-,-,06:47,-06,07:59,-21
1085-Sep-06,T, 2.714, 1.753,16:28,-27,17:23,-16,18:19,-03,19:09,+07,19:58,+18,20:55,+30,21:49,+40
1087-Jan-21,N, 0.458,-0.599,20:20,+29,-,-,-,-,21:57,+50,-,-,-,-,23:33,+71
1087-Aug-17,N, 0.034,-0.955,02:13,+42,-,-,-,-,02:39,+38,-,-,-,-,03:05,+34
1088-Jan-11,P, 1.808, 0.806,04:32,+34,05:38,+20,-,-,07:07,+02,-,-,08:36,-15,09:42,-26
1088-Jul-06,T, 2.200, 1.142,18:57,-04,20:08,+10,21:27,+23,21:56,+28,22:26,+32,23:45,+39,00:56,+41
1088-Dec-30,T, 2.632, 1.661,19:01,+16,19:56,+27,20:53,+40,21:40,+50,22:28,+60,23:25,+72,00:20,+83
1089-Jun-25,T, 2.180, 1.113,19:38,+04,20:50,+17,22:12,+29,22:39,+32,23:06,+35,00:28,+39,01:40,+36
1090-Jun-14,N, 0.797,-0.232,23:43,+37,-,-,-,-,01:46,+34,-,-,-,-,03:49,+19
1090-Dec-10,N, 0.081,-0.955,00:16,+88,-,-,-,-,00:57,+82,-,-,-,-,01:38,+73
1091-May-06,P, 1.470, 0.513,01:37,+42,02:45,+33,-,-,03:58,+21,-,-,05:12,+07,06:20,-07
1092-Apr-24,T, 2.816, 1.870,18:11,-09,19:04,+02,20:00,+13,20:50,+23,21:39,+31,22:36,+39,23:29,+44
1093-Oct-07,P, 1.588, 0.560,13:01,-53,14:17,-44,-,-,15:37,-30,-,-,16:57,-14,18:12,+02
1094-Apr-03,N, 0.041,-0.994,22:30,+44,-,-,-,-,23:00,+48,-,-,-,-,23:30,+51
1094-Aug-28,N, 0.568,-0.385,17:22,-19,-,-,-,-,18:58,+02,-,-,-,-,20:34,+22
1094-Sep-27,N, 0.355,-0.619,02:31,+49,-,-,-,-,03:50,+33,-,-,-,-,05:09,+16
1095-Feb-22,P, 1.806, 0.713,05:52,+13,07:13,-04,-,-,08:47,-24,-,-,10:20,-41,11:42,-52
1096-Feb-11,T, 2.672, 1.607,06:47,+02,07:55,-12,08:59,-24,09:49,-33,10:39,-41,11:42,-49,12:50,-52
1096-Aug-06,T, 2.481, 1.479,22:30,+39,23:30,+45,00:33,+48,01:19,+46,02:05,+42,03:08,+34,04:08,+23
1097-Jan-30,P, 1.369, 0.358,15:05,-35,16:25,-22,-,-,17:29,-10,-,-,18:34,+04,19:54,+20
1097-Dec-21,N, 0.608,-0.363,19:12,+19,-,-,-,-,20:50,+40,-,-,-,-,22:29,+61
1098-Jan-20,N, 0.193,-0.780,06:20,+11,-,-,-,-,07:18,-02,-,-,-,-,08:16,-13
1098-Jun-16,N, 0.921,-0.139,16:22,-37,-,-,-,-,18:38,-09,-,-,-,-,20:54,+16
1099-Jun-05,T, 2.372, 1.357,20:37,+16,21:40,+26,22:47,+34,23:29,+37,00:11,+39,01:18,+38,02:21,+32
1099-Nov-30,T, 2.686, 1.632,18:47,+16,19:52,+30,20:55,+43,21:44,+54,22:34,+65,23:36,+78,00:41,+84
1100-Nov-18,P, 1.399, 0.300,21:46,+56,23:22,+76,-,-,00:27,+83,-,-,01:31,+72,03:07,+51
1101-Apr-15,N, 0.447,-0.506,19:32,+09,-,-,-,-,20:58,+25,-,-,-,-,22:24,+39
1101-May-15,N, 0.603,-0.339,02:29,+34,-,-,-,-,04:07,+18,-,-,-,-,05:45,-01
1101-Oct-09,N, 0.178,-0.891,05:09,+17,-,-,-,-,06:13,+03,-,-,-,-,07:15,-10
1101-Nov-07,N, 0.173,-0.923,22:29,+64,-,-,-,-,23:33,+76,-,-,-,-,00:37,+79
1103-Mar-25,T, 2.642, 1.588,16:49,-24,17:55,-10,18:59,+04,19:49,+14,20:39,+25,21:43,+37,22:50,+49
1103-Sep-18,T, 2.789, 1.826,00:35,+62,01:29,+57,02:26,+48,03:15,+39,04:05,+29,05:01,+17,05:56,+06
1104-Mar-13,P, 1.294, 0.207,18:34,+00,20:17,+22,-,-,21:11,+34,-,-,22:06,+45,23:48,+60
1104-Sep-06,P, 1.500, 0.541,17:25,-15,18:31,-01,-,-,19:46,+15,-,-,21:00,+30,22:07,+43
1105-Feb-01,N, 0.434,-0.618,04:31,+34,-,-,-,-,06:05,+13,-,-,-,-,07:39,-06
1105-Mar-02,N, 0.034,-1.036,21:07,+35,-,-,-,-,21:36,+41,-,-,-,-,22:04,+46
1105-Jul-28,N, 0.690,-0.327,21:36,+29,-,-,-,-,23:30,+44,-,-,-,-,01:23,+45
1106-Jan-21,P, 1.793, 0.795,13:10,-45,14:15,-40,-,-,15:44,-28,-,-,17:12,-12,18:18,+01
1106-Jul-18,P, 2.051, 0.989,01:35,+40,02:48,+31,-,-,04:32,+14,-,-,06:16,-06,07:29,-21
1107-Jan-11,T, 2.642, 1.673,03:51,+44,04:46,+32,05:43,+20,06:30,+10,07:18,+01,08:15,-10,09:10,-20
1107-Jul-07,T, 2.338, 1.271,02:04,+34,03:14,+25,04:27,+13,05:07,+06,05:46,-01,06:59,-16,08:10,-31
1107-Dec-31,P, 1.410, 0.423,19:38,+24,20:51,+39,-,-,21:58,+54,-,-,23:06,+69,00:19,+84
1108-Nov-20,N, 0.377,-0.692,16:24,-14,-,-,-,-,17:54,+03,-,-,-,-,19:23,+22
1109-Nov-09,P, 1.586, 0.484,16:09,-17,17:38,+00,-,-,18:58,+17,-,-,20:18,+34,21:46,+53
1110-May-06,T, 2.694, 1.750,01:50,+39,02:43,+32,03:39,+23,04:28,+14,05:17,+05,06:14,-07,07:07,-18
1110-Oct-29,T, 2.850, 1.766,15:25,-27,16:35,-14,17:39,-01,18:31,+10,19:23,+22,20:27,+36,21:36,+51
1111-Apr-25,P, 1.599, 0.620,17:42,-15,18:50,-01,-,-,20:11,+15,-,-,21:32,+29,22:40,+39
1111-Oct-18,P, 1.636, 0.608,21:09,+45,22:22,+61,-,-,23:45,+74,-,-,01:07,+71,02:21,+57
1112-Apr-14,N, 0.142,-0.894,05:18,+07,-,-,-,-,06:13,-05,-,-,-,-,07:08,-17
1112-Sep-08,N, 0.489,-0.466,01:30,+53,-,-,-,-,03:00,+40,-,-,-,-,04:29,+23
1113-Mar-04,P, 1.731, 0.641,13:17,-57,14:39,-47,-,-,16:09,-31,-,-,17:39,-13,19:02,+05
1113-Aug-28,P, 1.756, 0.792,17:00,-23,18:03,-09,-,-,19:30,+09,-,-,20:57,+27,21:59,+39
1114-Feb-21,T, 2.723, 1.663,14:36,-44,15:42,-34,16:45,-22,17:36,-11,18:27,-01,19:30,+13,20:37,+27
1114-Aug-18,T, 2.596, 1.588,05:51,+01,06:52,-12,07:53,-25,08:42,-36,09:31,-46,10:32,-58,11:33,-69
1115-Feb-10,P, 1.405, 0.399,23:24,+67,00:41,+75,-,-,01:49,+67,-,-,02:57,+54,04:14,+38
1116-Jan-02,N, 0.602,-0.369,04:06,+41,-,-,-,-,05:44,+21,-,-,-,-,07:22,+01
1116-Jun-26,N, 0.767,-0.292,23:01,+34,-,-,-,-,01:06,+37,-,-,-,-,03:11,+26
1116-Dec-21,P, 1.787, 0.787,17:57,+04,19:03,+17,-,-,20:31,+35,-,-,21:59,+54,23:05,+69
1117-Jun-16,T, 2.224, 1.213,03:35,+20,04:39,+09,05:50,-04,06:24,-11,06:58,-18,08:10,-32,09:14,-46
1117-Dec-11,T, 2.693, 1.636,03:12,+50,04:17,+36,05:20,+23,06:09,+13,06:59,+03,08:02,-09,09:07,-21
1118-Jun-05,T, 2.055, 1.095,16:16,-37,17:14,-25,18:30,-10,18:52,-05,19:15,-01,20:30,+13,21:29,+23
1118-Nov-30,P, 1.413, 0.312,05:48,+14,07:24,-05,-,-,08:30,-17,-,-,09:35,-28,11:11,-39
1119-Apr-27,N, 0.336,-0.616,03:26,+26,-,-,-,-,04:41,+12,-,-,-,-,05:57,-03
1119-Nov-19,N, 0.198,-0.898,06:24,+06,-,-,-,-,07:32,-08,-,-,-,-,08:40,-21
1120-Apr-15,P, 1.623, 0.627,16:37,-29,17:47,-14,-,-,19:09,+03,-,-,20:32,+20,21:42,+32
1120-Oct-08,P, 1.520, 0.512,19:04,+16,20:17,+32,-,-,21:33,+48,-,-,22:49,+63,00:03,+72
1121-Apr-05,T, 2.746, 1.692,00:00,+54,01:07,+53,02:10,+46,03:02,+38,03:54,+28,04:57,+16,06:03,+02
1122-Mar-25,P, 1.388, 0.304,01:36,+55,03:12,+40,-,-,04:17,+27,-,-,05:22,+13,06:58,-07
1122-Sep-18,P, 1.572, 0.610,01:29,+56,02:35,+46,-,-,03:53,+31,-,-,05:11,+15,06:16,+01
1123-Mar-14,N, 0.112,-0.952,04:11,+32,-,-,-,-,05:02,+21,-,-,-,-,05:52,+10
1123-Aug-09,N, 0.566,-0.456,04:55,+12,-,-,-,-,06:40,-09,-,-,-,-,08:24,-31
1123-Sep-07,N, 0.205,-0.797,16:55,-23,-,-,-,-,17:58,-09,-,-,-,-,19:01,+04
1124-Feb-01,P, 1.768, 0.775,21:42,+47,22:47,+61,-,-,00:14,+76,-,-,01:42,+72,02:47,+59
1126-Jan-11,P, 1.417, 0.430,04:22,+37,05:35,+22,-,-,06:44,+08,-,-,07:52,-06,09:05,-19
1126-Dec-02,N, 0.363,-0.709,00:43,+82,-,-,-,-,02:11,+64,-,-,-,-,03:39,+45
1126-Dec-31,N, 0.079,-0.963,17:19,-05,-,-,-,-,17:59,+02,-,-,-,-,18:40,+10
1127-May-27,P, 1.214, 0.264,16:42,-31,17:59,-15,-,-,18:54,-04,-,-,19:48,+06,21:05,+20
1127-Nov-21,P, 1.565, 0.461,00:07,+83,01:36,+70,-,-,02:55,+53,-,-,04:13,+36,05:43,+17
1128-Nov-08,T, 2.822, 1.738,23:27,+77,00:36,+79,01:40,+68,02:31,+57,03:23,+45,04:27,+32,05:36,+17
1129-May-06,P, 1.720, 0.740,01:03,+43,02:09,+37,-,-,03:36,+23,-,-,05:03,+07,06:08,-06
1129-Oct-29,P, 1.671, 0.644,05:26,+15,06:38,+00,-,-,08:02,-17,-,-,09:26,-32,10:39,-41
1130-Mar-26,N, 0.343,-0.725,21:44,+39,-,-,-,-,23:11,+53,-,-,-,-,00:38,+59
1130-Oct-18,N, 0.458,-0.518,19:09,+19,-,-,-,-,20:37,+38,-,-,-,-,22:05,+57
1131-Mar-15,P, 1.645, 0.559,20:35,+27,22:00,+44,-,-,23:25,+58,-,-,00:50,+62,02:14,+54
1131-Sep-09,P, 1.670, 0.702,00:58,+56,02:03,+50,-,-,03:26,+35,-,-,04:50,+19,05:54,+05
1132-Mar-03,T, 2.784, 1.731,22:18,+50,23:24,+61,00:26,+67,01:18,+65,02:09,+58,03:12,+46,04:18,+33
1132-Aug-28,T, 2.702, 1.687,13:18,-67,14:19,-57,15:20,-45,16:10,-34,17:00,-23,18:01,-10,19:02,+03
1133-Aug-17,P, 1.296, 0.232,19:27,+08,21:04,+28,-,-,22:01,+38,-,-,22:58,+46,00:35,+52
1134-Feb-10,N, 0.250,-0.715,23:26,+67,-,-,-,-,00:32,+73,-,-,-,-,01:38,+69
1135-Jan-02,P, 1.777, 0.776,02:41,+60,03:47,+45,-,-,05:15,+27,-,-,06:42,+08,07:48,-05
1136-Jun-15,T, 2.194, 1.237,23:35,+38,00:32,+39,01:38,+36,02:13,+33,02:47,+29,03:54,+19,04:51,+09
1136-Dec-10,P, 1.424, 0.322,13:52,-36,15:28,-24,-,-,16:34,-13,-,-,17:41,+00,19:17,+19
1137-Jun-05,N, 0.860,-0.080,17:14,-25,-,-,-,-,19:07,-02,-,-,-,-,21:01,+19
1137-Oct-30,N, 0.116,-0.952,21:14,+48,-,-,-,-,22:05,+59,-,-,-,-,22:56,+70
1138-Apr-27,P, 1.502, 0.506,00:03,+46,01:17,+44,-,-,02:33,+36,-,-,03:49,+23,05:02,+09
1138-Oct-20,P, 1.486, 0.478,03:22,+41,04:37,+25,-,-,05:50,+09,-,-,07:04,-06,08:18,-20
1139-Oct-09,T, 2.781, 1.815,17:14,-09,18:09,+03,19:05,+15,19:54,+26,20:44,+36,21:40,+48,22:35,+59
1141-Feb-22,N, 0.355,-0.685,20:38,+29,-,-,-,-,22:03,+47,-,-,-,-,23:28,+62
1141-Sep-18,N, 0.273,-0.734,00:34,+61,-,-,-,-,01:47,+55,-,-,-,-,02:59,+43
1142-Feb-12,P, 1.734, 0.746,06:08,+10,07:13,-04,-,-,08:40,-21,-,-,10:06,-37,11:11,-47
1142-Aug-08,P, 1.773, 0.703,15:02,-52,16:21,-35,-,-,17:54,-15,-,-,19:26,+05,20:46,+20
1143-Feb-01,T, 2.681, 1.715,21:19,+42,22:13,+54,23:10,+65,23:58,+74,00:46,+78,01:43,+72,02:37,+62
1143-Jul-28,T, 2.639, 1.571,15:08,-52,16:18,-37,17:23,-23,18:14,-13,19:04,-02,20:10,+11,21:19,+24
1144-Jul-16,P, 1.244, 0.222,19:55,+08,21:26,+24,-,-,22:20,+32,-,-,23:14,+38,00:45,+41
1145-Jan-11,N, 0.083,-0.960,01:43,+74,-,-,-,-,02:24,+65,-,-,-,-,03:07,+56
1145-Jun-07,P, 1.082, 0.133,00:13,+40,01:39,+37,-,-,02:19,+33,-,-,02:58,+28,04:25,+14
1146-May-27,T, 2.433, 1.489,16:55,-28,17:49,-17,18:48,-05,19:33,+03,20:17,+12,21:16,+22,22:10,+29
1147-Nov-09,P, 1.696, 0.670,13:50,-39,15:02,-29,-,-,16:27,-14,-,-,17:52,+03,19:04,+18
1148-Apr-06,N, 0.229,-0.838,05:02,+14,-,-,-,-,06:14,-01,-,-,-,-,07:27,-17
1148-May-05,N, 0.378,-0.660,18:45,-03,-,-,-,-,20:14,+14,-,-,-,-,21:43,+29
1148-Sep-29,N, 0.365,-0.595,18:08,-01,-,-,-,-,19:27,+16,-,-,-,-,20:45,+33
1148-Oct-29,N, 0.492,-0.485,03:41,+38,-,-,-,-,05:12,+19,-,-,-,-,06:43,+00
1149-Mar-26,P, 1.543, 0.462,03:44,+33,05:11,+15,-,-,06:30,-02,-,-,07:48,-19,09:15,-38
1150-Mar-15,T, 2.861, 1.814,05:52,+08,06:57,-07,07:59,-20,08:51,-31,09:43,-42,10:45,-53,11:50,-62
1150-Sep-08,T, 2.795, 1.774,20:52,+31,21:54,+43,22:55,+53,23:46,+58,00:37,+59,01:37,+55,02:39,+46
1151-Mar-04,P, 1.509, 0.515,15:43,-35,16:54,-21,-,-,18:10,-05,-,-,19:25,+11,20:37,+26
1151-Aug-29,P, 1.409, 0.340,02:23,+44,03:54,+28,-,-,05:02,+14,-,-,06:10,+00,07:40,-20
1152-Jan-23,N, 0.568,-0.400,21:44,+48,-,-,-,-,23:19,+69,-,-,-,-,00:55,+81
1152-Aug-17,N, 0.065,-1.012,04:42,+16,-,-,-,-,05:22,+08,-,-,-,-,06:01,+00
1153-Jul-07,P, 1.938, 0.933,17:40,-21,18:46,-07,-,-,20:23,+11,-,-,22:00,+27,23:06,+36
1154-Jan-01,T, 2.710, 1.648,19:56,+28,21:02,+42,22:05,+56,22:55,+66,23:46,+77,00:48,+85,01:54,+72
1154-Dec-21,P, 1.436, 0.332,21:55,+56,23:31,+76,-,-,00:38,+85,-,-,01:46,+72,03:21,+52
1155-May-18,N, 0.087,-0.865,19:08,-01,-,-,-,-,19:48,+07,-,-,-,-,20:27,+14
1155-Jun-17,P, 0.992, 0.051,00:36,+40,02:12,+33,-,-,02:36,+31,-,-,03:01,+27,04:37,+12
1155-Nov-11,N, 0.100,-0.968,05:26,+18,-,-,-,-,06:13,+08,-,-,-,-,07:00,-01
1155-Dec-10,N, 0.229,-0.865,22:32,+64,-,-,-,-,23:45,+80,-,-,-,-,00:58,+81
1157-Apr-26,T, 2.779, 1.725,13:58,-64,15:05,-50,16:08,-37,17:00,-26,17:53,-15,18:56,-02,20:03,+12
1157-Oct-20,T, 2.744, 1.776,01:46,+62,02:40,+51,03:37,+39,04:26,+28,05:15,+18,06:11,+06,07:06,-06
1158-Apr-15,P, 1.617, 0.539,15:14,-47,16:39,-29,-,-,18:03,-11,-,-,19:27,+07,20:51,+23
1158-Oct-09,P, 1.684, 0.713,18:01,+01,19:05,+15,-,-,20:28,+33,-,-,21:52,+50,22:56,+63
1159-Mar-06,N, 0.299,-0.734,04:33,+27,-,-,-,-,05:51,+10,-,-,-,-,07:09,-07
1159-Apr-04,N, 0.305,-0.748,18:11,-07,-,-,-,-,19:33,+10,-,-,-,-,20:54,+26
1159-Aug-30,N, 0.347,-0.688,19:50,+16,-,-,-,-,21:15,+33,-,-,-,-,22:39,+48
1160-Feb-23,P, 1.688, 0.706,14:28,-47,15:34,-36,-,-,16:58,-20,-,-,18:22,-02,19:28,+12
1160-Aug-18,P, 1.649, 0.575,21:55,+37,23:18,+49,-,-,00:43,+52,-,-,02:09,+45,03:32,+32
1161-Feb-12,T, 2.715, 1.752,05:53,+14,06:47,+02,07:43,-09,08:32,-19,09:21,-29,10:17,-38,11:11,-46
1161-Aug-07,T, 2.776, 1.707,21:51,+33,23:00,+43,00:05,+47,00:57,+47,01:50,+44,02:54,+36,04:03,+24
1162-Feb-01,P, 1.450, 0.462,21:36,+46,22:49,+61,-,-,23:59,+75,-,-,01:10,+77,02:22,+65
1162-Jul-28,P, 1.381, 0.360,02:53,+31,04:15,+18,-,-,05:23,+05,-,-,06:29,-08,07:52,-25
1162-Dec-23,N, 0.337,-0.741,17:19,-05,-,-,-,-,18:44,+12,-,-,-,-,20:10,+30
1163-Dec-12,P, 1.537, 0.430,16:11,-16,17:42,+01,-,-,18:58,+16,-,-,20:14,+32,21:46,+52
1164-Jun-07,T, 2.296, 1.351,00:23,+40,01:18,+38,02:20,+32,02:59,+27,03:39,+21,04:41,+10,05:36,+00
1164-Nov-30,T, 2.788, 1.706,15:45,-20,16:53,-08,17:57,+05,18:48,+15,19:40,+26,20:44,+40,21:52,+55
1165-May-27,P, 1.982, 0.999,15:29,-47,16:32,-34,-,-,18:09,-14,-,-,19:46,+05,20:49,+16
1165-Nov-19,P, 1.713, 0.688,22:21,+64,23:31,+79,-,-,00:57,+79,-,-,02:23,+61,03:34,+45
1166-May-17,N, 0.509,-0.530,01:23,+38,-,-,-,-,03:05,+26,-,-,-,-,04:47,+09
1166-Oct-11,N, 0.320,-0.642,02:38,+50,-,-,-,-,03:52,+35,-,-,-,-,05:06,+19
1167-Sep-30,P, 1.536, 0.557,17:16,-11,18:25,+03,-,-,19:41,+20,-,-,20:57,+37,22:06,+51
1168-Mar-25,T, 2.810, 1.770,13:20,-64,14:24,-54,15:26,-43,16:18,-32,17:10,-21,18:12,-08,19:16,+06
1168-Sep-19,T, 2.867, 1.839,04:33,+21,05:36,+08,06:36,-05,07:28,-16,08:19,-27,09:20,-39,10:22,-50
1169-Mar-14,P, 1.581, 0.593,23:40,+60,00:49,+62,-,-,02:08,+53,-,-,03:28,+39,04:37,+25
1170-Feb-03,N, 0.538,-0.429,06:25,+10,-,-,-,-,07:59,-10,-,-,-,-,09:32,-27
1170-Jul-29,N, 0.345,-0.712,19:34,+04,-,-,-,-,21:01,+21,-,-,-,-,22:28,+35
1171-Jan-23,P, 1.743, 0.739,19:55,+25,21:03,+39,-,-,22:30,+58,-,-,23:56,+75,01:04,+80
1171-Jul-19,P, 1.804, 0.801,00:50,+41,01:58,+37,-,-,03:30,+25,-,-,05:01,+09,06:09,-04
1172-Jan-13,T, 2.725, 1.662,04:13,+39,05:19,+25,06:22,+11,07:13,+01,08:03,-09,09:06,-20,10:12,-31
1172-Jul-07,T, 2.467, 1.513,14:20,-64,15:15,-52,16:14,-40,17:00,-30,17:45,-21,18:44,-08,19:39,+02
1173-Jan-01,P, 1.448, 0.345,05:58,+16,07:32,-04,-,-,08:41,-16,-,-,09:50,-28,11:25,-39
1173-Dec-21,N, 0.242,-0.850,06:40,+06,-,-,-,-,07:54,-08,-,-,-,-,09:09,-22
1174-May-18,P, 1.235, 0.235,14:38,-58,16:05,-40,-,-,16:59,-28,-,-,17:53,-17,19:20,+00
1174-Nov-10,P, 1.447, 0.440,20:22,+38,21:38,+54,-,-,22:48,+69,-,-,23:58,+82,01:14,+75
1175-May-07,T, 2.640, 1.586,20:45,+21,21:53,+32,22:57,+40,23:48,+43,00:38,+44,01:43,+40,02:50,+32
1176-Apr-25,P, 1.748, 0.673,21:52,+35,23:13,+45,-,-,00:45,+47,-,-,02:16,+39,03:37,+27
1176-Oct-20,P, 1.721, 0.746,02:28,+53,03:32,+39,-,-,04:57,+21,-,-,06:22,+03,07:25,-10
1177-Apr-15,N, 0.419,-0.627,01:04,+51,-,-,-,-,02:38,+40,-,-,-,-,04:12,+23
1177-Sep-10,N, 0.255,-0.786,03:28,+35,-,-,-,-,04:41,+20,-,-,-,-,05:55,+05
1177-Oct-09,N, 0.377,-0.643,16:21,-21,-,-,-,-,17:46,-04,-,-,-,-,19:11,+15
1178-Mar-05,P, 1.633, 0.655,22:43,+54,23:49,+63,-,-,01:11,+64,-,-,02:32,+53,03:38,+40
1178-Aug-30,P, 1.537, 0.459,04:54,+15,06:22,-04,-,-,07:40,-21,-,-,08:58,-37,10:25,-54
1179-Feb-23,T, 2.758, 1.798,14:21,-47,15:15,-39,16:11,-29,17:00,-19,17:49,-09,18:45,+02,19:39,+14
1179-Aug-19,T, 2.885, 1.815,04:43,+15,05:52,+01,06:56,-12,07:49,-24,08:42,-35,09:46,-48,10:54,-62
1180-Feb-13,P, 1.480, 0.492,06:03,+12,07:14,-03,-,-,08:27,-18,-,-,09:40,-32,10:51,-43
1181-Jan-03,N, 0.320,-0.759,01:34,+75,-,-,-,-,02:57,+57,-,-,-,-,04:22,+38
1181-Feb-01,N, 0.112,-0.934,18:10,-01,-,-,-,-,18:58,+09,-,-,-,-,19:47,+20
1181-Jul-27,N, 0.212,-0.753,23:34,+41,-,-,-,-,00:36,+43,-,-,-,-,01:38,+41
1181-Dec-23,P, 1.523, 0.416,00:13,+85,01:45,+72,-,-,03:00,+56,-,-,04:15,+39,05:47,+20
1182-Dec-11,T, 2.778, 1.698,23:59,+84,01:08,+79,02:11,+65,03:03,+54,03:54,+43,04:57,+29,06:06,+15
1183-Jun-07,T, 2.122, 1.135,22:36,+33,23:38,+38,00:52,+38,01:19,+37,01:46,+35,03:00,+27,04:02,+17
1183-Dec-01,P, 1.724, 0.701,06:56,+01,08:06,-12,-,-,09:32,-26,-,-,10:59,-36,12:09,-40
1184-Nov-19,N, 0.533,-0.444,21:06,+47,-,-,-,-,22:40,+68,-,-,-,-,00:14,+86
1185-Apr-16,P, 1.307, 0.234,17:41,-15,19:20,+06,-,-,20:17,+18,-,-,21:15,+28,22:54,+44
1185-Oct-11,P, 1.487, 0.504,01:36,+62,02:47,+48,-,-,04:00,+33,-,-,05:13,+17,06:24,+02
1186-Apr-05,T, 2.704, 1.670,20:41,+25,21:45,+37,22:47,+47,23:38,+52,00:28,+54,01:31,+51,02:35,+43
1186-Sep-30,T, 2.803, 1.769,12:21,-59,13:24,-54,14:25,-45,15:17,-36,16:08,-26,17:09,-14,18:12,+00
1187-Sep-19,P, 1.598, 0.519,16:40,-21,18:05,-02,-,-,19:27,+15,-,-,20:49,+33,22:13,+50
1188-Mar-15,N, 0.412,-0.543,00:10,+61,-,-,-,-,01:32,+57,-,-,-,-,02:55,+45
1188-Aug-09,N, 0.221,-0.836,02:40,+36,-,-,-,-,03:50,+25,-,-,-,-,05:01,+12
1188-Sep-07,N, 0.287,-0.794,17:58,-06,-,-,-,-,19:20,+12,-,-,-,-,20:41,+29
1189-Feb-03,P, 1.714, 0.710,04:25,+36,05:33,+21,-,-,06:59,+02,-,-,08:24,-15,09:32,-28
1190-Jan-23,T, 2.747, 1.683,12:24,-45,13:31,-44,14:34,-38,15:24,-31,16:15,-23,17:18,-11,18:25,+02
1190-Jul-18,T, 2.597, 1.644,21:49,+29,22:43,+36,23:41,+41,00:29,+43,01:17,+42,02:15,+37,03:09,+30
1191-Jan-12,P, 1.466, 0.363,13:56,-40,15:30,-28,-,-,16:41,-16,-,-,17:51,-02,19:25,+17
1191-Jul-08,P, 1.256, 0.313,15:22,-50,16:35,-34,-,-,17:34,-22,-,-,18:32,-10,19:46,+04
1191-Dec-02,N, 0.088,-0.977,22:02,+59,-,-,-,-,22:46,+68,-,-,-,-,23:30,+78
1192-May-28,P, 1.092, 0.090,21:49,+27,23:30,+37,-,-,00:04,+39,-,-,00:38,+39,02:19,+32
1192-Nov-21,P, 1.438, 0.432,05:00,+24,06:16,+08,-,-,07:26,-05,-,-,08:35,-18,09:51,-30
1193-May-18,T, 2.493, 1.438,03:26,+23,04:34,+11,05:42,-02,06:28,-12,07:15,-21,08:22,-35,09:30,-50
1193-Nov-10,T, 2.698, 1.728,19:08,+21,20:03,+33,20:59,+45,21:48,+55,22:36,+66,23:33,+77,00:28,+82
1194-May-07,P, 1.889, 0.817,04:25,+14,05:42,-01,-,-,07:21,-22,-,-,08:59,-43,10:17,-59
1195-Mar-27,N, 0.153,-0.868,20:11,+19,-,-,-,-,21:07,+30,-,-,-,-,22:03,+40
1195-Oct-21,N, 0.411,-0.615,00:27,+74,-,-,-,-,01:56,+61,-,-,-,-,03:25,+42
1197-Mar-05,T, 2.815, 1.857,22:40,+54,23:34,+62,00:30,+66,01:19,+64,02:09,+57,03:05,+47,03:59,+37
1198-Feb-23,P, 1.522, 0.535,14:20,-47,15:31,-36,-,-,16:46,-22,-,-,18:02,-07,19:12,+08
1198-Aug-18,P, 1.626, 0.608,17:14,-22,18:27,-06,-,-,19:51,+12,-,-,21:14,+28,22:28,+40
1199-Feb-13,N, 0.139,-0.907,02:10,+64,-,-,-,-,03:05,+53,-,-,-,-,03:59,+42
1199-Jul-09,N, 0.692,-0.254,22:55,+37,-,-,-,-,00:39,+42,-,-,-,-,02:24,+35
1200-Jun-28,T, 2.023, 1.075,15:19,-51,16:16,-39,17:32,-23,17:52,-19,18:12,-15,19:28,+00,20:26,+11
1201-Dec-11,P, 1.731, 0.711,15:34,-22,16:44,-10,-,-,18:11,+07,-,-,19:37,+24,20:47,+39
1202-Nov-01,N, 0.260,-0.707,19:58,+29,-,-,-,-,21:04,+44,-,-,-,-,22:11,+58
1202-Dec-01,N, 0.546,-0.431,05:55,+14,-,-,-,-,07:30,-05,-,-,-,-,09:05,-21
1203-Apr-28,P, 1.175, 0.106,00:32,+48,02:23,+38,-,-,03:02,+32,-,-,03:42,+25,05:32,+04
1204-Apr-16,T, 2.587, 1.559,03:56,+24,04:59,+11,06:02,-02,06:51,-12,07:40,-23,08:43,-36,09:47,-50
1204-Oct-10,T, 2.751, 1.711,20:16,+32,21:20,+46,22:22,+58,23:12,+67,00:03,+72,01:05,+69,02:08,+59
1205-Apr-05,P, 1.757, 0.780,15:15,-46,16:19,-33,-,-,17:47,-14,-,-,19:14,+05,20:19,+18
1205-Sep-30,P, 1.673, 0.589,00:03,+68,01:26,+62,-,-,02:52,+46,-,-,04:18,+28,05:41,+10
1206-Feb-24,N, 0.449,-0.515,23:31,+65,-,-,-,-,00:57,+70,-,-,-,-,02:24,+59
1206-Sep-19,N, 0.378,-0.705,01:01,+62,-,-,-,-,02:34,+48,-,-,-,-,04:06,+29
1207-Aug-09,P, 1.561, 0.560,15:30,-46,16:43,-31,-,-,18:02,-14,-,-,19:21,+03,20:34,+17
1208-Feb-03,T, 2.778, 1.714,20:28,+30,21:35,+45,22:37,+58,23:29,+68,00:20,+76,01:23,+74,02:30,+62
1208-Jul-29,T, 2.722, 1.769,05:22,+04,06:16,-06,07:13,-18,08:02,-28,08:52,-39,09:49,-51,10:43,-62
1209-Jan-22,P, 1.492, 0.390,21:49,+50,23:21,+69,-,-,00:34,+80,-,-,01:47,+72,03:20,+52
1209-Jul-18,P, 1.384, 0.439,22:49,+37,23:58,+43,-,-,01:06,+43,-,-,02:14,+37,03:22,+28
1209-Dec-13,N, 0.088,-0.974,06:24,+10,-,-,-,-,07:08,+02,-,-,-,-,07:52,-07
1210-Jan-11,N, 0.276,-0.810,22:50,+64,-,-,-,-,00:09,+80,-,-,-,-,01:28,+76
1210-Jun-09,N, 0.946,-0.060,04:56,+05,-,-,-,-,07:05,-20,-,-,-,-,09:13,-46
1210-Dec-02,P, 1.434, 0.430,13:43,-36,14:58,-27,-,-,16:07,-16,-,-,17:16,-04,18:32,+11
1211-Nov-22,T, 2.687, 1.716,03:57,+37,04:52,+26,05:49,+14,06:37,+04,07:25,-05,08:22,-16,09:17,-25
1212-Nov-10,P, 1.768, 0.786,19:41,+28,20:44,+41,-,-,22:11,+60,-,-,23:38,+78,00:42,+80
1213-Apr-07,N, 0.063,-0.951,03:59,+25,-,-,-,-,04:36,+18,-,-,-,-,05:12,+10
1213-Oct-01,N, 0.108,-0.946,19:08,+15,-,-,-,-,19:57,+26,-,-,-,-,20:46,+36
1214-Mar-27,P, 1.483, 0.515,14:50,-50,15:58,-36,-,-,17:12,-21,-,-,18:26,-05,19:35,+09
1214-Sep-20,P, 1.353, 0.265,19:19,+15,20:57,+36,-,-,21:58,+48,-,-,22:59,+59,00:37,+65
1215-Sep-09,T, 2.674, 1.602,18:55,+06,20:04,+21,21:09,+35,21:59,+44,22:50,+53,23:55,+59,01:04,+59
1216-Mar-05,P, 1.575, 0.588,22:29,+52,23:38,+63,-,-,00:57,+66,-,-,02:16,+57,03:25,+44
1216-Aug-29,P, 1.731, 0.713,00:39,+54,01:50,+49,-,-,03:18,+35,-,-,04:46,+18,05:57,+03
1217-Jan-24,N, 0.271,-0.810,17:53,-03,-,-,-,-,19:10,+13,-,-,-,-,20:28,+29
1218-Jan-13,P, 1.488, 0.384,16:14,-20,17:47,-03,-,-,18:59,+12,-,-,20:12,+27,21:45,+48
1218-Jul-09,P, 1.890, 0.940,22:49,+36,23:48,+40,-,-,01:20,+40,-,-,02:52,+31,03:51,+22
1219-Jan-02,T, 2.755, 1.681,16:31,-15,17:38,-02,18:42,+11,19:33,+21,20:24,+32,21:27,+45,22:35,+60
1219-Dec-23,P, 1.738, 0.720,00:14,+86,01:23,+77,-,-,02:50,+58,-,-,04:16,+39,05:26,+25
1220-Jun-17,N, 0.945,-0.101,20:51,+17,-,-,-,-,23:06,+34,-,-,-,-,01:21,+36
1220-Nov-12,N, 0.243,-0.726,04:45,+26,-,-,-,-,05:50,+13,-,-,-,-,06:54,-01
1220-Dec-11,N, 0.554,-0.422,14:47,-28,-,-,-,-,16:23,-14,-,-,-,-,17:58,+04
1221-Nov-01,P, 1.420, 0.427,18:33,+12,19:47,+28,-,-,20:56,+42,-,-,22:04,+57,23:18,+73
1222-Oct-22,T, 2.713, 1.667,04:19,+29,05:23,+15,06:25,+02,07:15,-09,08:06,-19,09:08,-30,10:12,-40
1223-Apr-16,P, 1.861, 0.890,22:53,+45,23:55,+49,-,-,01:27,+46,-,-,02:59,+35,04:01,+24
1224-Apr-05,N, 0.578,-0.371,15:58,-37,-,-,-,-,17:34,-17,-,-,-,-,19:10,+03
1225-Feb-24,P, 1.621, 0.616,21:00,+35,22:10,+49,-,-,23:32,+64,-,-,00:53,+69,02:04,+62
1225-Aug-19,P, 1.455, 0.455,23:02,+46,00:17,+51,-,-,01:30,+49,-,-,02:42,+40,03:58,+27
1226-Feb-14,T, 2.821, 1.756,04:24,+34,05:31,+19,06:34,+05,07:26,-06,08:17,-16,09:20,-29,10:27,-41
1227-Feb-03,P, 1.526, 0.427,05:35,+19,07:06,+00,-,-,08:22,-16,-,-,09:38,-30,11:08,-44
1228-Jan-23,N, 0.302,-0.780,06:49,+04,-,-,-,-,08:11,-13,-,-,-,-,09:33,-28
1228-Jul-18,N, 0.098,-0.886,23:04,+40,-,-,-,-,23:48,+43,-,-,-,-,00:32,+44
1228-Dec-12,P, 1.432, 0.430,22:27,+64,23:42,+80,-,-,00:51,+84,-,-,02:00,+69,03:15,+53
1229-Jun-08,T, 2.183, 1.126,16:37,-33,17:48,-18,19:08,-02,19:36,+03,20:04,+08,21:24,+22,22:35,+31
1229-Dec-02,T, 2.678, 1.707,12:49,-40,13:44,-37,14:40,-30,15:29,-23,16:17,-16,17:13,-05,18:08,+05
1230-May-28,T, 2.194, 1.127,17:18,-23,18:30,-08,19:51,+07,20:19,+12,20:48,+17,22:08,+30,23:21,+37
1230-Nov-22,P, 1.780, 0.794,04:24,+31,05:28,+18,-,-,06:56,+00,-,-,08:23,-16,09:27,-27
1231-May-17,N, 0.819,-0.212,21:21,+26,-,-,-,-,23:26,+41,-,-,-,-,01:30,+40
1231-Oct-13,N, 0.053,-1.007,03:12,+44,-,-,-,-,03:46,+37,-,-,-,-,04:20,+29
1231-Nov-11,N, 0.451,-0.585,17:00,-08,-,-,-,-,18:33,+11,-,-,-,-,20:07,+31
1232-Apr-06,P, 1.390, 0.427,22:43,+46,23:54,+52,-,-,01:02,+51,-,-,02:10,+45,03:21,+33
1232-Oct-01,P, 1.282, 0.191,02:44,+47,04:28,+25,-,-,05:21,+14,-,-,06:13,+03,07:57,-19
1233-Mar-27,T, 2.706, 1.753,14:56,-48,15:50,-38,16:46,-26,17:35,-16,18:24,-05,19:20,+07,20:14,+18
1233-Sep-20,T, 2.591, 1.518,02:16,+50,03:26,+37,04:31,+23,05:20,+13,06:09,+02,07:15,-12,08:24,-26
1235-Feb-05,N, 0.233,-0.847,01:55,+67,-,-,-,-,03:07,+52,-,-,-,-,04:20,+37
1235-Mar-06,N, 0.232,-0.814,17:37,-12,-,-,-,-,18:47,+03,-,-,-,-,19:57,+18
1235-Aug-29,N, 0.542,-0.424,22:06,+41,-,-,-,-,23:41,+53,-,-,-,-,01:16,+53
1236-Jan-25,P, 1.461, 0.359,00:09,+78,01:43,+72,-,-,02:53,+57,-,-,04:03,+42,05:37,+22
1237-Jan-13,T, 2.739, 1.669,00:44,+83,01:52,+71,02:55,+57,03:46,+46,04:37,+35,05:40,+22,06:47,+08
1237-Jul-09,T, 2.548, 1.549,19:50,+07,20:50,+18,21:51,+27,22:39,+34,23:27,+38,00:29,+41,01:29,+39
1238-Jun-29,P, 1.094, 0.044,03:20,+23,05:18,+03,-,-,05:43,-02,-,-,06:09,-07,08:07,-31
1238-Dec-22,N, 0.561,-0.414,23:40,+79,-,-,-,-,01:15,+79,-,-,-,-,02:51,+59
1239-Nov-13,P, 1.398, 0.401,03:09,+47,04:24,+31,-,-,05:31,+17,-,-,06:38,+03,07:54,-12
1240-May-07,T, 2.329, 1.312,18:12,-10,19:16,+03,20:24,+16,21:04,+23,21:44,+29,22:52,+38,23:55,+43
1240-Nov-01,T, 2.683, 1.631,12:27,-47,13:32,-43,14:34,-35,15:24,-27,16:14,-18,17:16,-06,18:21,+08
1241-Oct-21,P, 1.788, 0.694,15:11,-30,16:33,-15,-,-,18:05,+04,-,-,19:37,+24,20:58,+42
1242-Apr-16,N, 0.677,-0.270,23:41,+48,-,-,-,-,01:24,+46,-,-,-,-,03:07,+32
1242-Oct-10,N, 0.524,-0.563,15:42,-27,-,-,-,-,17:30,-05,-,-,-,-,19:17,+18
1243-Mar-08,P, 1.555, 0.550,05:04,+21,06:17,+05,-,-,07:34,-12,-,-,08:53,-29,10:05,-43
1244-Aug-19,T, 2.724, 1.769,20:48,+25,21:42,+35,22:39,+44,23:28,+49,00:17,+52,01:14,+51,02:08,+46
1245-Feb-13,P, 1.572, 0.476,13:13,-52,14:42,-43,-,-,16:01,-30,-,-,17:21,-14,18:49,+04
1246-Jan-03,N, 0.082,-0.973,23:11,+70,-,-,-,-,23:53,+79,-,-,-,-,00:35,+86
1246-Jun-30,N, 0.650,-0.363,19:09,-03,-,-,-,-,21:00,+17,-,-,-,-,22:50,+33
1246-Dec-24,P, 1.431, 0.431,07:13,+00,08:28,-14,-,-,09:37,-25,-,-,10:46,-34,12:00,-39
1247-Jun-19,P, 2.023, 0.964,23:09,+35,00:22,+38,-,-,02:05,+33,-,-,03:49,+20,05:02,+07
1247-Dec-13,T, 2.674, 1.703,21:43,+54,22:38,+66,23:35,+78,00:23,+87,01:11,+80,02:08,+67,03:03,+56
1248-Jun-07,T, 2.355, 1.289,23:42,+38,00:52,+39,02:04,+34,02:45,+29,03:25,+23,04:38,+11,05:48,-02
1248-Dec-02,P, 1.786, 0.797,13:11,-40,14:15,-34,-,-,15:43,-22,-,-,17:10,-06,18:14,+06
1249-May-28,N, 0.965,-0.062,04:04,+16,-,-,-,-,06:16,-09,-,-,-,-,08:29,-36
1249-Nov-22,N, 0.460,-0.581,01:23,+72,-,-,-,-,02:58,+52,-,-,-,-,04:33,+32
1251-Apr-07,T, 2.613, 1.662,22:53,+47,23:47,+52,00:44,+53,01:32,+49,02:20,+44,03:17,+34,04:11,+25
1252-Mar-27,P, 1.719, 0.732,14:18,-56,15:24,-43,-,-,16:51,-25,-,-,18:17,-07,19:23,+07
1252-Sep-19,P, 1.904, 0.886,15:59,-30,17:06,-16,-,-,18:41,+05,-,-,20:16,+25,21:23,+39
1253-Mar-17,N, 0.299,-0.747,01:03,+62,-,-,-,-,02:23,+52,-,-,-,-,03:42,+37
1253-Aug-10,N, 0.350,-0.598,22:15,+39,-,-,-,-,23:32,+48,-,-,-,-,00:49,+50
1253-Sep-09,N, 0.629,-0.337,05:58,+02,-,-,-,-,07:40,-20,-,-,-,-,09:21,-41
1255-Jul-21,T, 2.686, 1.683,02:55,+30,03:55,+21,04:56,+10,05:46,+00,06:37,-10,07:37,-23,08:37,-35
1256-Jan-13,P, 1.758, 0.748,17:29,-05,18:37,+08,-,-,20:04,+27,-,-,21:32,+45,22:40,+60
1256-Dec-03,N, 0.223,-0.748,22:30,+64,-,-,-,-,23:32,+77,-,-,-,-,00:34,+84
1257-May-29,N, 0.734,-0.325,20:43,+18,-,-,-,-,22:46,+35,-,-,-,-,00:49,+40
1258-May-19,T, 2.191, 1.179,01:17,+40,02:21,+33,03:34,+23,04:06,+17,04:37,+11,05:50,-03,06:55,-16
1258-Nov-12,T, 2.661, 1.605,20:39,+41,21:45,+55,22:48,+69,23:37,+79,00:27,+82,01:30,+72,02:35,+58
1259-Nov-01,P, 1.827, 0.730,22:57,+71,00:18,+80,-,-,01:52,+64,-,-,03:26,+44,04:47,+26
1260-Mar-29,N, 0.227,-0.732,00:24,+58,-,-,-,-,01:27,+55,-,-,-,-,02:30,+47
1260-Oct-20,N, 0.578,-0.511,23:19,+73,-,-,-,-,01:11,+70,-,-,-,-,03:03,+48
1261-Sep-10,P, 1.280, 0.281,14:32,-51,15:55,-34,-,-,16:53,-22,-,-,17:51,-10,19:13,+08
1262-Mar-07,T, 2.835, 1.771,19:46,+17,20:54,+31,21:57,+44,22:49,+54,23:41,+61,00:44,+64,01:51,+59
1262-Aug-31,T, 2.630, 1.674,04:43,+17,05:37,+06,06:34,-06,07:22,-17,08:10,-27,09:08,-39,10:02,-49
1263-Feb-24,P, 1.630, 0.536,20:44,+31,22:10,+49,-,-,23:33,+64,-,-,00:57,+68,02:23,+57
1263-Aug-20,P, 1.727, 0.772,21:40,+35,22:42,+45,-,-,00:08,+53,-,-,01:33,+50,02:35,+43
1264-Feb-13,N, 0.381,-0.692,22:29,+55,-,-,-,-,00:00,+70,-,-,-,-,01:30,+69
1264-Jul-11,N, 0.505,-0.512,02:18,+33,-,-,-,-,03:57,+19,-,-,-,-,05:36,+02
1265-Jan-03,P, 1.424, 0.428,15:57,-21,17:11,-08,-,-,18:20,+05,-,-,19:29,+19,20:43,+35
1265-Dec-24,T, 2.668, 1.697,06:37,+07,07:32,-04,08:29,-14,09:17,-22,10:05,-29,11:01,-36,11:56,-40
1266-Dec-13,P, 1.791, 0.799,21:58,+57,23:02,+71,-,-,00:30,+86,-,-,01:58,+69,03:03,+55
1268-Oct-22,P, 1.177, 0.078,17:57,+04,19:55,+29,-,-,20:29,+37,-,-,21:04,+44,23:01,+69
1269-Oct-11,T, 2.464, 1.389,17:28,-05,18:38,+10,19:46,+25,20:30,+35,21:15,+44,22:23,+58,23:33,+70
1270-Apr-07,P, 1.810, 0.823,21:59,+40,23:04,+49,-,-,00:34,+53,-,-,02:05,+46,03:09,+37
1270-Sep-30,P, 1.970, 0.953,23:55,+67,01:01,+65,-,-,02:38,+49,-,-,04:15,+29,05:21,+15
1271-Feb-26,N, 0.122,-0.957,17:40,-11,-,-,-,-,18:34,+00,-,-,-,-,19:27,+12
1272-Feb-15,P, 1.374, 0.280,15:39,-33,17:16,-14,-,-,18:19,-01,-,-,19:22,+12,20:59,+33
1272-Aug-10,P, 1.525, 0.563,21:35,+32,22:42,+42,-,-,23:59,+49,-,-,01:15,+49,02:22,+42
1273-Feb-03,T, 2.682, 1.622,16:59,-15,18:05,-02,19:09,+12,19:59,+22,20:49,+33,21:52,+47,22:58,+61
1274-Jan-24,P, 1.775, 0.770,02:02,+68,03:09,+54,-,-,04:37,+35,-,-,06:05,+16,07:12,+02
1274-Jul-20,P, 1.388, 0.331,16:21,-37,17:51,-18,-,-,18:58,-04,-,-,20:05,+09,21:35,+25
1275-Jan-13,N, 0.581,-0.390,17:19,-07,-,-,-,-,18:56,+12,-,-,-,-,20:33,+32
1275-Jun-10,N, 0.583,-0.473,03:26,+23,-,-,-,-,05:17,+03,-,-,-,-,07:08,-19
1275-Jul-09,N, 0.006,-1.063,19:34,+02,-,-,-,-,19:47,+04,-,-,-,-,19:59,+07
1275-Dec-04,P, 1.375, 0.371,20:31,+38,21:49,+55,-,-,22:53,+69,-,-,23:58,+82,01:16,+78
1276-Nov-23,T, 2.647, 1.586,04:56,+25,06:02,+11,07:05,-02,07:55,-11,08:44,-20,09:47,-29,10:53,-37
1277-May-18,T, 2.228, 1.269,21:19,+25,22:16,+33,23:21,+39,23:57,+40,00:33,+41,01:39,+37,02:36,+31
1279-Mar-29,P, 1.385, 0.380,20:46,+27,22:05,+42,-,-,23:12,+52,-,-,00:19,+57,01:38,+53
1279-Sep-21,P, 1.211, 0.212,22:31,+53,23:57,+63,-,-,00:48,+63,-,-,01:39,+58,03:05,+43
1280-Mar-18,T, 2.750, 1.687,03:12,+41,04:20,+27,05:23,+13,06:15,+02,07:06,-09,08:10,-23,09:17,-37
1281-Mar-07,P, 1.703, 0.613,04:03,+33,05:27,+15,-,-,06:55,-04,-,-,08:23,-23,09:47,-40
1281-Aug-31,P, 1.823, 0.863,05:30,+07,06:30,-06,-,-,08:00,-25,-,-,09:29,-43,10:30,-55
1282-Feb-24,N, 0.436,-0.631,06:08,+08,-,-,-,-,07:44,-13,-,-,-,-,09:21,-33
1282-Aug-20,N, 0.428,-0.572,20:26,+22,-,-,-,-,21:56,+38,-,-,-,-,23:25,+51
1283-Jan-15,P, 1.414, 0.422,00:40,+84,01:54,+71,-,-,03:02,+57,-,-,04:10,+42,05:24,+26
1284-Jan-04,T, 2.660, 1.690,15:30,-25,16:25,-16,17:22,-06,18:10,+03,18:58,+13,19:54,+24,20:49,+36
1284-Dec-24,P, 1.794, 0.800,06:45,+05,07:50,-08,-,-,09:18,-23,-,-,10:46,-35,11:51,-40
1285-Jun-18,P, 1.265, 0.246,17:32,-22,19:01,-04,-,-,19:58,+07,-,-,20:54,+17,22:23,+31
1285-Dec-13,N, 0.465,-0.583,18:17,+08,-,-,-,-,19:53,+28,-,-,-,-,21:29,+48
1286-May-09,P, 1.060, 0.109,21:55,+31,23:24,+40,-,-,00:00,+42,-,-,00:35,+42,02:04,+36
1286-Nov-03,P, 1.141, 0.039,01:44,+65,03:50,+38,-,-,04:15,+33,-,-,04:39,+28,06:45,+01
1287-Apr-29,T, 2.395, 1.446,14:25,-59,15:20,-47,16:20,-35,17:03,-26,17:46,-17,18:46,-04,19:40,+06
1287-Oct-23,T, 2.419, 1.344,01:18,+68,02:28,+54,03:37,+39,04:19,+30,05:02,+21,06:11,+06,07:20,-08
1288-Apr-18,P, 1.914, 0.926,05:30,+04,06:34,-09,-,-,08:08,-30,-,-,09:43,-50,10:47,-63
1289-Mar-09,N, 0.046,-1.032,01:28,+60,-,-,-,-,02:01,+56,-,-,-,-,02:34,+50
1289-Sep-30,N, 0.769,-0.200,22:10,+53,-,-,-,-,00:00,+67,-,-,-,-,01:50,+59
1290-Feb-25,P, 1.313, 0.223,23:12,+61,00:53,+68,-,-,01:50,+62,-,-,02:46,+52,04:27,+31
1290-Aug-22,P, 1.421, 0.454,05:20,+08,06:31,-07,-,-,07:41,-22,-,-,08:51,-36,10:02,-51
1291-Feb-15,T, 2.639, 1.584,00:58,+73,02:04,+63,03:07,+51,03:56,+40,04:46,+30,05:49,+16,06:55,+02
1291-Aug-11,T, 2.788, 1.774,17:17,-22,18:19,-08,19:19,+04,20:11,+15,21:02,+25,22:03,+35,23:04,+44
1292-Jul-30,P, 1.529, 0.468,22:56,+40,00:21,+45,-,-,01:39,+42,-,-,02:57,+33,04:22,+19
1292-Dec-25,N, 0.209,-0.763,16:18,-18,-,-,-,-,17:18,-07,-,-,-,-,18:19,+05
1293-Jan-24,N, 0.598,-0.371,02:03,+69,-,-,-,-,03:41,+48,-,-,-,-,05:19,+26
1293-Jul-20,N, 0.156,-0.914,01:16,+40,-,-,-,-,02:17,+35,-,-,-,-,03:18,+27
1293-Dec-15,P, 1.368, 0.360,05:14,+24,06:32,+08,-,-,07:36,-05,-,-,08:41,-17,09:59,-29
1294-Jun-09,P, 1.904, 0.901,15:23,-49,16:29,-35,-,-,18:05,-15,-,-,19:41,+03,20:47,+15
1294-Dec-04,T, 2.639, 1.574,13:15,-39,14:22,-33,15:26,-24,16:15,-16,17:04,-07,18:07,+06,19:14,+19
1295-May-30,T, 2.362, 1.407,04:42,+08,05:38,-03,06:39,-15,07:21,-23,08:04,-32,09:05,-45,10:01,-57
1295-Nov-23,P, 1.879, 0.776,14:47,-29,16:07,-16,-,-,17:44,+02,-,-,19:20,+22,20:40,+39
1296-May-18,P, 1.026, 0.084,22:18,+33,23:49,+40,-,-,00:20,+40,-,-,00:51,+40,02:23,+32
1296-Nov-11,N, 0.650,-0.440,15:03,-27,-,-,-,-,17:00,-06,-,-,-,-,18:58,+17
1297-Apr-09,P, 1.281, 0.275,04:24,+21,05:48,+03,-,-,06:46,-09,-,-,07:45,-22,09:09,-40
1298-Sep-21,T, 2.475, 1.515,20:55,+35,21:49,+46,22:48,+57,23:33,+63,00:18,+65,01:17,+62,02:11,+54
1299-Sep-11,P, 1.908, 0.944,13:26,-60,14:26,-51,-,-,15:58,-33,-,-,17:31,-13,18:31,+00
1300-Feb-06,N, 0.033,-1.007,00:13,+76,-,-,-,-,00:40,+78,-,-,-,-,01:06,+77
1300-Aug-31,N, 0.521,-0.485,03:50,+29,-,-,-,-,05:28,+09,-,-,-,-,07:07,-12
1301-Jul-21,P, 1.559, 0.491,18:52,-05,20:17,+12,-,-,21:38,+26,-,-,22:58,+37,00:23,+43
1302-Jan-15,T, 2.646, 1.677,00:19,+82,01:13,+79,02:10,+67,02:58,+57,03:46,+47,04:43,+34,05:37,+23
1302-Jul-10,T, 2.832, 1.769,19:03,-03,20:11,+10,21:15,+22,22:08,+30,23:01,+36,00:05,+41,01:14,+41
1303-Jan-04,P, 1.799, 0.804,15:30,-26,16:35,-15,-,-,18:03,+02,-,-,19:32,+20,20:37,+33
1303-Jun-30,P, 1.416, 0.400,00:19,+40,01:40,+37,-,-,02:50,+30,-,-,04:00,+19,05:21,+04
1303-Dec-25,N, 0.465,-0.586,02:44,+58,-,-,-,-,04:21,+37,-,-,-,-,05:57,+17
1305-May-09,T, 2.271, 1.323,22:02,+33,22:57,+39,00:00,+42,00:39,+42,01:17,+41,02:20,+35,03:15,+27
1306-Oct-22,T, 2.065, 1.048,16:14,-19,17:18,-06,18:41,+12,18:58,+15,19:14,+19,20:37,+37,21:42,+51
1307-Apr-18,N, 0.578,-0.468,22:24,+41,-,-,-,-,00:12,+50,-,-,-,-,02:01,+44
1307-Sep-12,N, 0.091,-0.863,22:40,+54,-,-,-,-,23:20,+59,-,-,-,-,00:00,+63
1309-Aug-22,T, 2.680, 1.660,00:36,+53,01:39,+49,02:40,+40,03:30,+32,04:20,+22,05:22,+10,06:24,-03
1310-Feb-14,P, 1.837, 0.842,18:51,+07,19:56,+21,-,-,21:27,+41,-,-,22:57,+59,00:02,+70
1310-Aug-11,P, 1.661, 0.595,05:39,+03,07:00,-14,-,-,08:27,-33,-,-,09:53,-51,11:14,-67
1311-Jan-06,N, 0.199,-0.774,01:11,+79,-,-,-,-,02:10,+67,-,-,-,-,03:09,+55
1311-Jul-01,N, 0.286,-0.766,17:03,-28,-,-,-,-,18:23,-12,-,-,-,-,19:42,+04
1311-Dec-26,P, 1.359, 0.350,13:55,-37,15:15,-28,-,-,16:18,-18,-,-,17:22,-06,18:41,+09
1312-Jun-19,P, 1.762, 0.762,22:28,+32,23:36,+38,-,-,01:06,+39,-,-,02:36,+31,03:44,+21
1312-Dec-14,T, 2.631, 1.563,21:34,+52,22:41,+66,23:45,+80,00:34,+86,01:23,+77,02:27,+63,03:34,+49
1313-Dec-03,P, 1.895, 0.791,22:47,+69,00:08,+86,-,-,01:45,+71,-,-,03:22,+49,04:42,+32
1314-Nov-22,N, 0.673,-0.416,23:04,+74,-,-,-,-,01:03,+78,-,-,-,-,03:03,+52
1315-Oct-13,P, 1.112, 0.113,14:54,-37,16:29,-19,-,-,17:07,-11,-,-,17:44,-03,19:19,+17
1316-Apr-08,T, 2.540, 1.478,17:35,-15,18:43,-01,19:50,+13,20:37,+22,21:25,+31,22:31,+42,23:40,+50
1316-Oct-02,T, 2.416, 1.455,05:13,+14,06:08,+02,07:08,-10,07:51,-19,08:34,-28,09:34,-39,10:29,-47
1317-Mar-28,P, 1.888, 0.805,18:16,-05,19:34,+11,-,-,21:12,+31,-,-,22:50,+48,00:09,+55
1317-Sep-21,T, 1.982, 1.013,21:30,+44,22:30,+55,23:56,+65,00:04,+65,00:13,+66,01:39,+59,02:38,+49
1318-Mar-17,N, 0.586,-0.469,21:00,+31,-,-,-,-,22:49,+51,-,-,-,-,00:39,+59
1318-Aug-13,N, 0.105,-0.929,00:13,+48,-,-,-,-,01:00,+48,-,-,-,-,01:48,+45
1319-Feb-05,P, 1.371, 0.387,17:52,-04,19:06,+11,-,-,20:12,+25,-,-,21:17,+39,22:31,+55
1319-Aug-02,P, 1.414, 0.343,01:32,+43,03:04,+32,-,-,04:13,+20,-,-,05:22,+07,06:54,-12
1320-Jul-21,T, 2.796, 1.733,01:38,+40,02:46,+32,03:50,+22,04:43,+13,05:36,+03,06:40,-10,07:48,-24
1321-Jan-15,P, 1.809, 0.813,00:11,+81,01:16,+78,-,-,02:45,+60,-,-,04:14,+40,05:19,+26
1322-Jun-29,N, 0.244,-0.717,21:02,+20,-,-,-,-,22:08,+30,-,-,-,-,23:14,+38
1322-Nov-24,N, 1.095,-0.010,17:35,+02,-,-,-,-,20:04,+32,-,-,-,-,22:32,+64
1323-Nov-13,T, 2.364, 1.289,17:22,-01,18:32,+13,19:43,+28,20:22,+36,21:02,+45,22:12,+60,23:22,+75
1324-May-09,T, 2.151, 1.161,20:11,+14,21:12,+25,22:25,+35,22:54,+39,23:24,+41,00:36,+43,01:38,+40
1324-Nov-02,T, 2.095, 1.078,00:36,+77,01:40,+66,02:59,+49,03:20,+45,03:41,+40,05:00,+23,06:04,+10
1325-Apr-29,N, 0.696,-0.350,05:12,+07,-,-,-,-,07:10,-18,-,-,-,-,09:08,-43
1325-Oct-22,N, 0.861,-0.110,14:58,-34,-,-,-,-,16:53,-12,-,-,-,-,18:48,+12
1326-Mar-19,P, 1.154, 0.072,13:57,-58,15:54,-37,-,-,16:26,-30,-,-,16:59,-23,18:56,+02
1326-Sep-12,P, 1.245, 0.268,21:10,+37,22:29,+52,-,-,23:25,+59,-,-,00:21,+63,01:40,+57
1327-Mar-08,T, 2.517, 1.475,16:35,-25,17:40,-12,18:45,+02,19:31,+12,20:18,+22,21:22,+36,22:27,+48
1328-Feb-26,P, 1.884, 0.895,03:06,+48,04:09,+35,-,-,05:41,+15,-,-,07:14,-05,08:17,-18
1329-Feb-14,N, 0.657,-0.307,19:11,+11,-,-,-,-,20:54,+33,-,-,-,-,22:36,+55
1329-Jul-12,N, 0.144,-0.906,00:03,+42,-,-,-,-,01:00,+42,-,-,-,-,01:57,+39
1330-Jan-05,P, 1.350, 0.338,22:35,+62,23:56,+79,-,-,00:58,+82,-,-,02:01,+70,03:21,+53
1330-Dec-26,T, 2.624, 1.553,05:53,+16,07:01,+03,08:05,-10,08:54,-18,09:42,-26,10:47,-34,11:54,-40
1331-Jun-20,T, 2.636, 1.686,19:27,+02,20:21,+12,21:19,+21,22:07,+28,22:56,+34,23:54,+38,00:48,+39
1331-Dec-15,P, 1.908, 0.802,06:50,+04,08:10,-11,-,-,09:48,-27,-,-,11:25,-37,12:46,-40
1333-Apr-30,P, 1.040, 0.032,19:16,+04,21:08,+25,-,-,21:29,+29,-,-,21:50,+32,23:42,+44
1333-Oct-23,P, 1.079, 0.080,23:17,+71,00:56,+73,-,-,01:28,+68,-,-,01:59,+62,03:38,+41
1334-Apr-20,T, 2.417, 1.356,00:33,+49,01:43,+44,02:52,+35,03:35,+28,04:19,+19,05:28,+06,06:37,-09
1334-Oct-13,T, 2.369, 1.405,13:38,-48,14:34,-40,15:34,-29,16:16,-21,16:57,-13,17:58,+00,18:53,+12
1335-Apr-09,P, 2.000, 0.921,01:09,+51,02:25,+42,-,-,04:08,+23,-,-,05:51,+02,07:07,-14
1335-Oct-03,T, 2.044, 1.070,05:42,+08,06:41,-05,07:58,-21,08:17,-24,08:37,-28,09:54,-42,10:53,-50
1336-Mar-28,N, 0.680,-0.368,04:14,+24,-,-,-,-,06:10,+00,-,-,-,-,08:07,-26
1336-Sep-21,N, 0.675,-0.345,19:03,+12,-,-,-,-,20:54,+36,-,-,-,-,22:45,+58
1337-Feb-16,P, 1.332, 0.352,02:19,+61,03:34,+45,-,-,04:36,+32,-,-,05:39,+18,06:54,+02
1338-Feb-05,T, 2.597, 1.631,17:43,-06,18:38,+05,19:35,+17,20:22,+27,21:09,+37,22:07,+50,23:01,+61
1339-Jul-21,P, 1.703, 0.691,14:11,-65,15:22,-50,-,-,16:50,-31,-,-,18:17,-13,19:28,+02
1340-Jan-15,N, 0.477,-0.578,19:27,+19,-,-,-,-,21:05,+40,-,-,-,-,22:43,+61
1340-Jun-10,N, 0.675,-0.269,20:40,+15,-,-,-,-,22:23,+30,-,-,-,-,00:07,+37
1340-Jul-10,N, 0.381,-0.579,04:08,+18,-,-,-,-,05:30,+03,-,-,-,-,06:51,-14
1340-Dec-05,N, 1.082,-0.024,01:37,+72,-,-,-,-,04:05,+39,-,-,-,-,06:32,+09
1341-Nov-24,T, 2.349, 1.274,01:34,+70,02:44,+55,03:54,+40,04:33,+32,05:12,+23,06:22,+09,07:32,-05
1342-May-21,T, 2.282, 1.291,03:22,+23,04:23,+13,05:30,+00,06:08,-07,06:46,-15,07:53,-29,08:54,-42
1343-Nov-02,N, 0.892,-0.080,23:33,+76,-,-,-,-,01:30,+69,-,-,-,-,03:27,+44
1344-Mar-29,N, 1.055,-0.021,21:09,+31,-,-,-,-,23:33,+52,-,-,-,-,01:57,+49
1344-Sep-23,P, 1.175, 0.193,05:14,+13,06:39,-05,-,-,07:27,-15,-,-,08:15,-25,09:40,-41
1345-Mar-19,T, 2.437, 1.402,00:13,+60,01:18,+58,02:24,+49,03:08,+41,03:52,+33,04:58,+19,06:03,+05
1345-Sep-12,T, 2.495, 1.462,15:32,-37,16:36,-24,17:40,-10,18:26,+00,19:12,+10,20:17,+24,21:21,+37
1346-Sep-01,P, 1.896, 0.820,19:23,+10,20:40,+26,-,-,22:18,+45,-,-,23:56,+56,01:13,+56
1347-Jan-27,N, 0.161,-0.810,18:48,+08,-,-,-,-,19:41,+19,-,-,-,-,20:34,+30
1347-Feb-26,N, 0.700,-0.260,03:35,+43,-,-,-,-,05:20,+20,-,-,-,-,07:04,-02
1347-Aug-21,N, 0.560,-0.514,20:33,+21,-,-,-,-,22:23,+41,-,-,-,-,00:14,+52
1348-Jan-17,P, 1.333, 0.320,07:10,+00,08:32,-16,-,-,09:33,-27,-,-,10:35,-36,11:56,-44
1349-Jan-05,T, 2.612, 1.540,14:08,-37,15:16,-29,16:21,-18,17:09,-09,17:58,+00,19:02,+13,20:10,+27
1349-Jul-01,T, 2.772, 1.822,02:52,+28,03:46,+20,04:43,+10,05:33,+01,06:23,-09,07:19,-20,08:13,-31
1349-Dec-25,P, 1.922, 0.817,14:51,-30,16:11,-17,-,-,17:49,+01,-,-,19:28,+21,20:48,+37
1350-Jun-20,P, 1.422, 0.479,20:27,+13,21:35,+24,-,-,22:45,+32,-,-,23:56,+37,01:03,+38
1350-Dec-14,N, 0.704,-0.382,15:22,-24,-,-,-,-,17:22,-03,-,-,-,-,19:23,+21
1351-May-12,N, 0.904,-0.105,02:32,+34,-,-,-,-,04:38,+12,-,-,-,-,06:44,-13
1352-Oct-23,T, 2.333, 1.368,22:12,+60,23:08,+70,00:09,+77,00:49,+74,01:29,+68,02:31,+56,03:26,+44
1353-Oct-13,T, 2.093, 1.115,14:01,-44,15:00,-35,16:13,-21,16:38,-16,17:02,-11,18:15,+04,19:15,+17
1354-Oct-03,N, 0.736,-0.290,02:50,+46,-,-,-,-,04:45,+22,-,-,-,-,06:42,-03
1355-Aug-23,P, 1.157, 0.079,15:14,-47,17:10,-22,-,-,17:44,-15,-,-,18:18,-08,20:14,+17
1356-Feb-17,T, 2.558, 1.595,02:16,+61,03:11,+50,04:08,+37,04:55,+27,05:42,+17,06:39,+04,07:34,-07
1356-Aug-11,T, 2.520, 1.457,15:09,-50,16:17,-35,17:24,-21,18:12,-11,18:59,-01,20:06,+13,21:15,+27
1357-Feb-05,P, 1.851, 0.854,17:16,-12,18:20,+01,-,-,19:51,+20,-,-,21:22,+40,22:27,+53
1357-Jul-31,P, 1.835, 0.825,21:18,+27,22:26,+37,-,-,23:59,+46,-,-,01:32,+45,02:41,+37
1358-Jan-26,N, 0.493,-0.562,03:38,+46,-,-,-,-,05:18,+24,-,-,-,-,06:58,+03
1358-Jun-22,N, 0.546,-0.397,04:17,+13,-,-,-,-,05:51,-04,-,-,-,-,07:25,-22
1359-Jun-11,P, 1.872, 0.923,20:33,+14,21:32,+23,-,-,23:03,+34,-,-,00:35,+38,01:34,+36
1360-Nov-23,T, 2.129, 1.115,17:41,+02,18:44,+15,19:59,+31,20:24,+36,20:50,+42,22:05,+58,23:08,+72
1361-May-20,N, 0.964,-0.084,18:27,-08,-,-,-,-,20:43,+18,-,-,-,-,22:59,+37
1362-Apr-10,N, 0.944,-0.127,04:13,+21,-,-,-,-,06:31,-07,-,-,-,-,08:48,-37
1363-Sep-23,T, 2.421, 1.382,23:09,+62,00:15,+66,01:21,+61,02:04,+55,02:47,+47,03:54,+33,04:59,+19
1364-Mar-18,T, 2.013, 1.034,19:13,+09,20:14,+21,21:36,+38,21:50,+40,22:04,+43,23:27,+56,00:27,+60
1364-Sep-12,P, 1.996, 0.915,02:27,+47,03:43,+32,-,-,05:25,+11,-,-,07:06,-11,08:22,-27
1365-Feb-07,N, 0.130,-0.840,03:30,+46,-,-,-,-,04:18,+36,-,-,-,-,05:06,+25
1365-Sep-01,N, 0.674,-0.401,03:22,+34,-,-,-,-,05:22,+10,-,-,-,-,07:21,-15
1366-Jan-27,P, 1.310, 0.296,15:41,-29,17:04,-14,-,-,18:03,-02,-,-,19:03,+10,20:26,+28
1366-Jul-22,P, 1.357, 0.365,20:04,+11,21:22,+25,-,-,22:28,+35,-,-,23:33,+42,00:52,+45
1367-Jan-16,T, 2.596, 1.523,22:20,+58,23:28,+72,00:33,+82,01:21,+77,02:10,+68,03:15,+54,04:23,+39
1368-Jan-05,P, 1.937, 0.832,22:51,+66,00:11,+83,-,-,01:50,+72,-,-,03:29,+51,04:49,+34
1368-Jul-01,P, 1.555, 0.610,03:50,+18,04:54,+07,-,-,06:12,-07,-,-,07:31,-23,08:35,-36
1368-Dec-24,N, 0.718,-0.366,23:32,+77,-,-,-,-,01:34,+76,-,-,-,-,03:35,+49
1369-Jun-20,N, 0.135,-0.847,20:35,+13,-,-,-,-,21:25,+21,-,-,-,-,22:16,+28
1369-Nov-14,P, 1.043, 0.045,16:25,-14,18:09,+07,-,-,18:33,+11,-,-,18:56,+16,20:41,+39
1370-May-11,T, 2.139, 1.078,14:07,-64,15:19,-49,16:43,-31,17:05,-26,17:28,-22,18:52,-04,20:04,+10
1371-Apr-30,T, 2.260, 1.188,14:35,-57,15:47,-42,17:03,-25,17:37,-18,18:11,-11,19:27,+04,20:40,+18
1371-Oct-24,T, 2.131, 1.149,22:27,+63,23:26,+74,00:37,+76,01:05,+72,01:32,+67,02:43,+53,03:42,+40
1372-Apr-18,N, 0.902,-0.134,18:24,-06,-,-,-,-,20:34,+20,-,-,-,-,22:44,+40
1373-Mar-09,P, 1.224, 0.254,18:55,+05,20:15,+22,-,-,21:08,+33,-,-,22:02,+44,23:21,+57
1373-Sep-02,N, 1.048,-0.035,22:16,+45,-,-,-,-,00:41,+57,-,-,-,-,03:05,+40
1374-Aug-22,T, 2.399, 1.336,22:07,+40,23:16,+49,00:26,+53,01:08,+52,01:51,+48,03:00,+38,04:10,+26
1375-Feb-17,P, 1.886, 0.889,01:37,+67,02:41,+55,-,-,04:13,+36,-,-,05:46,+15,06:50,+02
1375-Aug-12,P, 1.960, 0.951,04:31,+17,05:37,+04,-,-,07:15,-17,-,-,08:52,-37,09:58,-51
1376-Jul-31,N, 0.637,-0.321,18:47,-03,-,-,-,-,20:29,+17,-,-,-,-,22:11,+35
1376-Dec-26,N, 1.057,-0.048,17:43,+00,-,-,-,-,20:09,+30,-,-,-,-,22:35,+62
1377-Jun-22,P, 1.735, 0.783,03:59,+16,05:00,+05,-,-,06:27,-11,-,-,07:54,-29,08:55,-41
1377-Dec-15,T, 2.330, 1.260,18:09,+07,19:18,+21,20:29,+36,21:06,+44,21:44,+52,22:55,+68,00:04,+82
1378-Jun-11,T, 2.565, 1.567,17:30,-22,18:30,-10,19:32,+02,20:20,+11,21:08,+19,22:10,+29,23:10,+35
1378-Dec-05,T, 2.137, 1.125,02:20,+61,03:23,+47,04:37,+32,05:03,+26,05:29,+21,06:43,+06,07:46,-07
1379-Jun-01,P, 1.110, 0.060,00:57,+39,02:52,+28,-,-,03:21,+24,-,-,03:51,+19,05:46,-02
1379-Nov-24,N, 0.927,-0.046,17:03,-06,-,-,-,-,19:02,+18,-,-,-,-,21:00,+43
1380-Oct-14,P, 1.069, 0.076,21:43,+53,23:21,+71,-,-,23:52,+75,-,-,00:23,+75,02:01,+61
1381-Apr-09,T, 2.244, 1.221,15:11,-47,16:15,-34,17:26,-19,18:01,-11,18:36,-04,19:47,+11,20:52,+24
1382-Mar-30,T, 2.094, 1.121,03:07,+38,04:06,+26,05:19,+11,05:45,+06,06:10,+01,07:23,-15,08:22,-28
1383-Mar-19,N, 0.821,-0.133,19:57,+18,-,-,-,-,21:49,+40,-,-,-,-,23:41,+57
1384-Feb-08,P, 1.276, 0.261,00:04,+73,01:29,+71,-,-,02:25,+61,-,-,03:22,+49,04:47,+31
1384-Aug-02,P, 1.239, 0.248,03:28,+28,04:52,+13,-,-,05:47,+02,-,-,06:42,-10,08:06,-27
1385-Jan-27,T, 2.569, 1.496,06:24,+09,07:33,-05,08:38,-18,09:26,-27,10:13,-35,11:19,-43,12:27,-48
1385-Jul-22,T, 2.631, 1.682,17:52,-17,18:45,-05,19:43,+06,20:31,+15,21:20,+24,22:17,+33,23:11,+39
1386-Jan-16,P, 1.956, 0.853,06:48,+05,08:07,-10,-,-,09:47,-28,-,-,11:27,-41,12:46,-44
1387-Jun-02,N, 0.616,-0.398,16:51,-30,-,-,-,-,18:39,-08,-,-,-,-,20:27,+13
1387-Jul-02,N, 0.264,-0.722,03:24,+23,-,-,-,-,04:34,+11,-,-,-,-,05:45,-02
1387-Nov-26,P, 1.036, 0.039,01:07,+76,02:53,+54,-,-,03:15,+49,-,-,03:37,+44,05:22,+22
1388-May-21,P, 1.985, 0.924,20:44,+19,21:58,+30,-,-,23:40,+40,-,-,01:21,+39,02:35,+32
1388-Nov-14,T, 2.288, 1.319,15:36,-22,16:32,-12,17:35,+00,18:13,+08,18:51,+15,19:53,+29,20:50,+41
1389-May-10,T, 2.404, 1.335,21:09,+24,22:20,+35,23:30,+41,00:13,+42,00:56,+42,02:07,+36,03:17,+26
1390-Apr-30,N, 1.027,-0.003,01:22,+42,-,-,-,-,03:38,+24,-,-,-,-,05:54,-03
1390-Oct-24,N, 0.820,-0.218,18:49,+16,-,-,-,-,20:52,+42,-,-,-,-,22:54,+68
1391-Mar-21,P, 1.153, 0.188,03:04,+42,04:27,+26,-,-,05:14,+16,-,-,06:00,+06,07:23,-12
1391-Sep-14,N, 0.949,-0.137,05:25,+10,-,-,-,-,07:44,-20,-,-,-,-,10:04,-48
1392-Mar-09,T, 2.444, 1.485,18:59,+06,19:53,+18,20:53,+30,21:37,+39,22:21,+48,23:20,+57,00:15,+62
1392-Sep-02,T, 2.291, 1.227,05:15,+11,06:25,-04,07:38,-20,08:14,-28,08:50,-35,10:04,-50,11:14,-62
1394-Feb-16,N, 0.553,-0.504,19:38,+17,-,-,-,-,21:24,+40,-,-,-,-,23:10,+61
1394-Jul-13,N, 0.292,-0.651,19:38,+03,-,-,-,-,20:48,+16,-,-,-,-,21:59,+27
1394-Aug-12,N, 0.755,-0.204,02:17,+41,-,-,-,-,04:07,+23,-,-,-,-,05:56,+02
1395-Jan-07,N, 1.040,-0.063,01:44,+73,-,-,-,-,04:09,+42,-,-,-,-,06:34,+11
1395-Dec-27,T, 2.321, 1.254,02:28,+62,03:37,+47,04:48,+32,05:25,+24,06:02,+16,07:13,+02,08:22,-11
1396-Jun-22,T, 2.711, 1.710,00:30,+39,01:30,+37,02:31,+31,03:21,+24,04:12,+16,05:12,+05,06:13,-06
1397-Dec-05,N, 0.937,-0.036,01:53,+67,-,-,-,-,03:52,+42,-,-,-,-,05:51,+17
1398-May-01,N, 0.694,-0.369,18:06,-12,-,-,-,-,20:07,+12,-,-,-,-,22:07,+33
1398-Oct-26,P, 1.033, 0.035,06:07,+06,07:54,-16,-,-,08:15,-19,-,-,08:36,-23,10:23,-40
1399-Apr-20,T, 2.129, 1.113,22:30,+40,23:35,+47,00:52,+47,01:17,+46,01:43,+43,03:00,+33,04:06,+22
1399-Oct-15,T, 2.309, 1.257,14:46,-36,15:54,-24,17:04,-10,17:41,-02,18:19,+06,19:29,+21,20:36,+36
1400-Oct-03,T, 2.156, 1.066,17:02,-13,18:16,+03,19:42,+22,20:03,+27,20:24,+31,21:50,+50,23:05,+63
1401-Feb-28,N, 0.036,-0.931,20:45,+29,-,-,-,-,21:11,+35,-,-,-,-,21:36,+40
1401-Mar-30,N, 0.899,-0.052,03:55,+29,-,-,-,-,05:51,+05,-,-,-,-,07:48,-20
1401-Sep-22,N, 0.864,-0.215,17:34,-09,-,-,-,-,19:47,+20,-,-,-,-,22:00,+48
1403-Feb-07,T, 2.536, 1.462,14:23,-43,15:32,-33,16:38,-21,17:25,-12,18:12,-02,19:18,+12,20:27,+27
1403-Aug-03,T, 2.510, 1.561,01:29,+44,02:23,+38,03:21,+30,04:07,+22,04:53,+13,05:52,+02,06:46,-10
1404-Jan-27,P, 1.984, 0.882,14:39,-38,15:57,-26,-,-,17:39,-07,-,-,19:20,+14,20:38,+31
1404-Jul-22,P, 1.814, 0.864,18:42,-06,19:42,+06,-,-,21:11,+22,-,-,22:41,+36,23:41,+42
1405-Jan-15,N, 0.751,-0.326,15:50,-24,-,-,-,-,17:53,-02,-,-,-,-,19:56,+24
1405-Jun-12,N, 0.468,-0.549,23:59,+40,-,-,-,-,01:35,+37,-,-,-,-,03:11,+27
1406-Jun-02,P, 1.829, 0.767,03:19,+24,04:36,+10,-,-,06:11,-08,-,-,07:47,-28,09:04,-44
1406-Nov-26,T, 2.276, 1.306,00:25,+84,01:21,+74,02:24,+60,03:02,+52,03:39,+44,04:42,+31,05:38,+19
1407-May-22,T, 2.556, 1.490,03:39,+20,04:49,+08,05:56,-05,06:44,-15,07:33,-25,08:40,-39,09:49,-54
1407-Nov-15,T, 2.180, 1.189,15:35,-22,16:35,-11,17:44,+02,18:15,+09,18:46,+15,19:55,+30,20:55,+42
1408-Nov-04,N, 0.847,-0.197,03:00,+49,-,-,-,-,05:04,+22,-,-,-,-,07:09,-04
1410-Mar-21,T, 2.370, 1.413,03:08,+41,04:03,+30,05:04,+17,05:46,+08,06:28,-01,07:28,-14,08:23,-26
1411-Mar-10,P, 1.993, 0.996,17:52,-09,18:55,+05,-,-,20:32,+25,-,-,22:08,+44,23:11,+55
1411-Sep-02,T, 2.175, 1.168,19:27,+12,20:30,+25,21:43,+40,22:13,+45,22:43,+50,23:56,+58,00:59,+58
1412-Feb-28,N, 0.601,-0.455,03:23,+43,-,-,-,-,05:13,+20,-,-,-,-,07:03,-05
1412-Jul-24,N, 0.171,-0.773,03:27,+26,-,-,-,-,04:21,+17,-,-,-,-,05:16,+07
1413-Jul-13,P, 1.464, 0.507,18:54,-05,20:02,+08,-,-,21:15,+21,-,-,22:29,+32,23:37,+39
1414-Dec-26,T, 2.148, 1.141,19:44,+26,20:46,+39,21:59,+55,22:26,+61,22:54,+66,00:06,+82,01:08,+82
1416-May-12,N, 0.557,-0.502,00:59,+40,-,-,-,-,02:47,+30,-,-,-,-,04:36,+12
1416-Nov-05,P, 1.005, 0.002,14:36,-32,16:38,-12,-,-,16:43,-11,-,-,16:48,-10,18:50,+15
1417-Oct-25,T, 2.270, 1.212,22:45,+68,23:53,+78,01:06,+72,01:40,+66,02:15,+59,03:27,+43,04:36,+28
1418-Apr-20,T, 2.291, 1.328,18:34,-04,19:31,+08,20:34,+20,21:13,+27,21:52,+34,22:56,+42,23:53,+47
1418-Oct-15,T, 2.218, 1.124,00:31,+73,01:46,+62,03:07,+45,03:34,+39,04:02,+33,05:23,+16,06:38,+00
1419-Oct-04,N, 0.937,-0.143,00:58,+66,-,-,-,-,03:15,+42,-,-,-,-,05:32,+13
1420-Feb-29,P, 1.177, 0.161,16:28,-26,18:01,-07,-,-,18:46,+03,-,-,19:31,+12,21:04,+32
1420-Aug-23,P, 1.030, 0.040,18:37,-01,20:24,+22,-,-,20:46,+26,-,-,21:09,+30,22:55,+48
1421-Feb-17,T, 2.488, 1.415,22:12,+51,23:21,+64,00:28,+71,01:14,+70,01:59,+63,03:06,+51,04:16,+36
1422-Feb-06,P, 2.021, 0.922,22:23,+55,23:41,+70,-,-,01:23,+73,-,-,03:06,+54,04:23,+37
1422-Aug-03,P, 1.935, 0.982,02:14,+39,03:12,+30,-,-,04:46,+14,-,-,06:19,-05,07:18,-17
1423-Jan-26,N, 0.776,-0.296,23:54,+76,-,-,-,-,01:58,+70,-,-,-,-,04:03,+43
1423-Jul-23,N, 0.515,-0.480,17:18,-25,-,-,-,-,18:55,-05,-,-,-,-,20:33,+14
1423-Dec-17,P, 1.029, 0.036,18:39,+12,20:24,+34,-,-,20:45,+39,-,-,21:06,+43,22:52,+66
1425-Nov-26,T, 2.191, 1.197,00:17,+85,01:17,+75,02:26,+60,02:57,+53,03:29,+46,04:38,+32,05:37,+19
1426-May-21,P, 1.303, 0.283,15:07,-52,16:34,-33,-,-,17:34,-21,-,-,18:34,-09,20:02,+08
1427-Apr-11,P, 0.975, 0.018,19:01,+03,20:47,+24,-,-,21:02,+27,-,-,21:16,+30,23:03,+46
1427-May-11,N, 0.011,-0.957,04:50,+08,-,-,-,-,05:05,+05,-,-,-,-,05:19,+02
1427-Oct-05,N, 0.795,-0.299,20:11,+29,-,-,-,-,22:21,+56,-,-,-,-,00:31,+70
1428-Sep-23,T, 2.115, 1.049,19:59,+24,21:11,+39,22:37,+56,22:55,+59,23:13,+62,00:40,+66,01:52,+58
1429-Mar-21,T, 2.065, 1.068,01:46,+54,02:49,+44,04:08,+28,04:28,+24,04:47,+20,06:07,+03,07:09,-10
1429-Sep-13,T, 2.265, 1.258,03:09,+39,04:11,+26,05:19,+12,05:56,+04,06:32,-04,07:40,-18,08:43,-31
1430-Sep-02,P, 0.961, 0.001,17:44,-10,19:41,+15,-,-,19:44,+16,-,-,19:47,+16,21:45,+40
1431-Jan-28,N, 0.989,-0.109,17:37,-06,-,-,-,-,19:59,+23,-,-,-,-,22:20,+54
1431-Jul-25,P, 1.334, 0.374,02:24,+35,03:38,+25,-,-,04:42,+13,-,-,05:46,+01,07:00,-14
1432-Jan-17,T, 2.292, 1.233,19:03,+14,20:11,+28,21:22,+44,21:58,+51,22:34,+59,23:45,+74,00:53,+81
1432-Jul-13,T, 2.725, 1.715,14:31,-61,15:32,-48,16:33,-35,17:24,-25,18:15,-14,19:16,-02,20:17,+10
1433-Jan-06,T, 2.157, 1.154,04:25,+36,05:26,+23,06:38,+08,07:06,+02,07:35,-03,08:46,-17,09:48,-27
1433-Jul-02,P, 1.569, 0.511,20:16,+12,21:39,+26,-,-,23:00,+36,-,-,00:22,+41,01:44,+38
1433-Dec-26,N, 0.950,-0.022,19:39,+24,-,-,-,-,21:38,+50,-,-,-,-,23:37,+75
1434-Jun-21,N, 0.182,-0.885,22:40,+34,-,-,-,-,23:45,+39,-,-,-,-,00:51,+40
1434-Nov-16,N, 0.986,-0.022,23:10,+75,-,-,-,-,01:16,+75,-,-,-,-,03:23,+47
1436-May-01,T, 2.406, 1.447,02:09,+37,03:05,+29,04:05,+19,04:49,+11,05:32,+02,06:33,-10,07:29,-22
1437-Apr-20,P, 1.087, 0.140,19:31,+08,20:56,+25,-,-,21:36,+32,-,-,22:16,+38,23:41,+47
1438-Mar-12,P, 1.109, 0.094,00:28,+62,02:09,+53,-,-,02:43,+48,-,-,03:18,+41,04:59,+20
1438-Sep-04,N, 0.942,-0.047,02:24,+46,-,-,-,-,04:28,+22,-,-,-,-,06:32,-04
1439-Mar-01,T, 2.429, 1.357,05:53,+10,07:02,-05,08:11,-20,08:54,-29,09:38,-37,10:47,-49,11:56,-58
1439-Aug-24,T, 2.297, 1.345,17:01,-22,17:56,-10,18:58,+03,19:38,+11,20:17,+19,21:19,+32,22:14,+41
1440-Feb-18,P, 2.068, 0.973,06:00,+11,07:17,-05,-,-,09:01,-27,-,-,10:46,-45,12:02,-53
1441-Aug-03,N, 0.633,-0.368,00:24,+46,-,-,-,-,02:11,+40,-,-,-,-,03:58,+24
1441-Dec-28,P, 1.026, 0.036,03:26,+49,05:11,+26,-,-,05:32,+22,-,-,05:53,+18,07:38,-04
1442-Jun-23,P, 1.508, 0.443,16:21,-37,17:48,-19,-,-,19:05,-04,-,-,20:22,+11,21:48,+25
1442-Dec-17,T, 2.262, 1.291,18:11,+07,19:07,+18,20:10,+31,20:47,+39,21:24,+47,22:27,+61,23:23,+73
1443-Jun-12,T, 2.871, 1.810,16:36,-33,17:44,-19,18:48,-07,19:42,+04,20:35,+13,21:39,+24,22:47,+33
1444-May-31,P, 1.450, 0.435,21:57,+28,23:16,+36,-,-,00:29,+39,-,-,01:42,+35,03:01,+27
1444-Nov-25,N, 0.876,-0.176,19:34,+27,-,-,-,-,21:42,+54,-,-,-,-,23:49,+82
1445-Apr-22,N, 0.870,-0.082,02:51,+35,-,-,-,-,04:46,+14,-,-,-,-,06:42,-10
1445-Oct-16,N, 0.737,-0.359,03:46,+36,-,-,-,-,05:52,+09,-,-,-,-,07:58,-17
1446-Apr-11,T, 2.184, 1.230,19:04,+04,20:00,+15,21:06,+28,21:40,+34,22:13,+39,23:19,+47,00:15,+50
1446-Oct-05,P, 2.048, 0.982,03:37,+36,04:49,+21,-,-,06:31,-01,-,-,08:13,-22,09:26,-36
1448-Mar-20,N, 0.737,-0.318,18:20,-04,-,-,-,-,20:21,+21,-,-,-,-,22:22,+44
1448-Sep-13,P, 1.047, 0.085,01:41,+55,03:14,+39,-,-,03:45,+33,-,-,04:17,+26,05:50,+07
1449-Feb-08,N, 0.950,-0.144,01:26,+72,-,-,-,-,03:45,+45,-,-,-,-,06:04,+14
1450-Jan-28,T, 2.269, 1.215,03:17,+51,04:24,+36,05:36,+21,06:11,+13,06:45,+06,07:58,-09,09:05,-22
1450-Jul-24,T, 2.589, 1.574,21:33,+27,22:35,+36,23:37,+42,00:26,+44,01:15,+43,02:17,+38,03:19,+30
1451-Jan-17,T, 2.169, 1.170,13:04,-44,14:05,-40,15:15,-32,15:45,-27,16:15,-22,17:25,-09,18:26,+03
1451-Jul-14,P, 1.722, 0.661,02:44,+31,04:03,+19,-,-,05:33,+02,-,-,07:03,-16,08:23,-32
1452-Jan-07,N, 0.959,-0.012,04:30,+35,-,-,-,-,06:30,+09,-,-,-,-,08:29,-14
1452-Jul-02,N, 0.339,-0.728,04:44,+11,-,-,-,-,06:11,-06,-,-,-,-,07:39,-24
1453-May-22,P, 1.745, 0.745,20:08,+11,21:17,+23,-,-,22:46,+34,-,-,00:15,+40,01:24,+38
1453-Nov-16,T, 2.220, 1.153,14:58,-28,16:08,-16,17:25,-02,17:55,+04,18:25,+10,19:41,+26,20:51,+41
1454-Nov-05,T, 2.303, 1.203,15:57,-19,17:11,-05,18:27,+11,19:02,+18,19:36,+25,20:52,+42,22:07,+58
1455-May-02,P, 1.198, 0.252,03:08,+29,04:24,+16,-,-,05:17,+05,-,-,06:10,-05,07:27,-21
1455-Oct-25,N, 1.047,-0.035,16:17,-18,-,-,-,-,18:39,+11,-,-,-,-,21:02,+42
1457-Mar-11,T, 2.354, 1.282,13:23,-60,14:33,-51,15:44,-38,16:24,-30,17:03,-21,18:15,-06,19:25,+09
1457-Sep-04,T, 2.207, 1.253,00:59,+57,01:55,+51,03:00,+40,03:34,+34,04:09,+27,05:14,+13,06:10,+02
1458-Feb-28,T, 2.128, 1.036,13:29,-56,14:44,-46,16:15,-29,16:31,-26,16:46,-23,18:17,-04,19:33,+12
1458-Aug-24,T, 2.153, 1.191,17:33,-15,18:30,-03,19:39,+11,20:10,+18,20:41,+24,21:49,+37,22:46,+46
1459-Feb-17,N, 0.855,-0.207,15:43,-33,-,-,-,-,17:51,-07,-,-,-,-,20:00,+20
1459-Jul-15,N, 0.022,-1.007,21:47,+29,-,-,-,-,22:09,+32,-,-,-,-,22:31,+35
1460-Jul-03,P, 1.348, 0.281,22:53,+36,00:28,+41,-,-,01:30,+39,-,-,02:33,+33,04:08,+19
1460-Dec-28,T, 2.256, 1.285,03:04,+53,04:01,+41,05:05,+28,05:41,+20,06:17,+13,07:21,+00,08:17,-11
1461-Jun-22,T, 2.746, 1.687,23:06,+36,00:14,+39,01:18,+38,02:11,+34,03:03,+27,04:07,+17,05:15,+05
1461-Dec-17,T, 2.205, 1.205,17:45,+02,18:45,+14,19:54,+28,20:26,+35,20:58,+42,22:07,+56,23:07,+70
1462-Jun-12,P, 1.597, 0.586,04:49,+07,06:03,-07,-,-,07:25,-24,-,-,08:47,-41,10:01,-56
1462-Dec-07,N, 0.883,-0.174,03:56,+40,-,-,-,-,06:04,+14,-,-,-,-,08:13,-11
1463-Jun-01,N, 0.277,-0.684,18:39,-08,-,-,-,-,19:49,+05,-,-,-,-,21:00,+17
1464-Apr-22,T, 2.076, 1.124,02:52,+34,03:49,+24,05:01,+10,05:26,+05,05:52,+00,07:04,-16,08:00,-28
1465-Apr-11,T, 2.249, 1.252,17:05,-22,18:07,-09,19:15,+05,19:51,+12,20:27,+19,21:35,+32,22:36,+41
1465-Oct-04,T, 2.405, 1.398,19:04,+15,20:04,+28,21:08,+42,21:51,+51,22:33,+59,23:37,+69,00:38,+71
1466-Apr-01,N, 0.826,-0.229,01:33,+50,-,-,-,-,03:40,+30,-,-,-,-,05:48,+04
1467-Aug-15,P, 1.099, 0.129,17:39,-17,19:09,+02,-,-,19:48,+10,-,-,20:28,+18,21:58,+35
1468-Aug-04,T, 2.461, 1.440,04:39,+14,05:42,+02,06:47,-11,07:32,-21,08:18,-31,09:22,-44,10:25,-57
1469-Jan-27,T, 2.189, 1.194,21:39,+47,22:39,+60,23:48,+73,00:19,+77,00:51,+78,02:00,+68,03:00,+56
1470-Jun-13,N, 0.124,-0.924,21:42,+24,-,-,-,-,22:35,+31,-,-,-,-,23:28,+35
1470-Dec-08,N, 0.963,-0.052,16:26,-12,-,-,-,-,18:32,+11,-,-,-,-,20:39,+38
1471-Jun-03,P, 1.605, 0.609,03:16,+23,04:27,+11,-,-,05:49,-04,-,-,07:12,-20,08:23,-35
1471-Nov-27,T, 2.207, 1.135,23:12,+75,00:23,+86,01:40,+71,02:09,+64,02:37,+58,03:55,+41,05:05,+26
1472-May-22,T, 2.655, 1.703,17:09,-25,18:03,-14,19:00,-03,19:49,+07,20:38,+16,21:36,+25,22:30,+32
1472-Nov-15,T, 2.331, 1.228,23:49,+82,01:03,+76,02:18,+60,02:55,+52,03:31,+45,04:46,+28,06:00,+13
1473-Nov-05,P, 1.085, 0.002,00:10,+80,02:29,+57,-,-,02:35,+55,-,-,02:40,+54,04:59,+24
1474-Apr-02,N, 0.933,-0.083,16:00,-36,-,-,-,-,18:08,-09,-,-,-,-,20:15,+17
1474-Sep-25,N, 0.805,-0.184,18:25,+05,-,-,-,-,20:20,+30,-,-,-,-,22:16,+53
1475-Mar-22,T, 2.267, 1.197,20:44,+28,21:56,+41,23:11,+53,23:45,+56,00:19,+58,01:34,+55,02:45,+45
1476-Mar-10,T, 2.202, 1.114,20:49,+30,22:03,+45,23:25,+58,23:52,+61,00:18,+63,01:40,+59,02:54,+47
1476-Sep-04,T, 2.246, 1.280,01:23,+54,02:20,+46,03:25,+35,04:01,+28,04:38,+21,05:43,+07,06:40,-05
1477-Feb-27,N, 0.910,-0.145,23:27,+63,-,-,-,-,01:38,+64,-,-,-,-,03:49,+40
1477-Aug-24,N, 0.848,-0.164,14:50,-52,-,-,-,-,16:52,-26,-,-,-,-,18:55,+00
1478-Jan-18,P, 1.009, 0.025,20:55,+38,22:42,+61,-,-,23:00,+65,-,-,23:17,+68,01:04,+79
1478-Jul-15,P, 1.194, 0.125,05:28,+03,07:16,-19,-,-,07:59,-28,-,-,08:42,-37,10:30,-60
1479-Dec-29,T, 2.210, 1.208,02:28,+62,03:29,+49,04:37,+34,05:10,+27,05:43,+20,06:51,+06,07:52,-05
1481-May-13,N, 0.638,-0.309,18:20,-10,-,-,-,-,20:00,+10,-,-,-,-,21:41,+27
1481-Jun-12,N, 0.414,-0.544,01:46,+34,-,-,-,-,03:10,+24,-,-,-,-,04:35,+11
1481-Nov-06,N, 0.659,-0.443,19:19,+22,-,-,-,-,21:19,+48,-,-,-,-,23:19,+74
1482-Oct-26,P, 1.954, 0.887,19:20,+22,20:34,+38,-,-,22:12,+59,-,-,23:50,+77,01:04,+74
1483-Apr-23,T, 2.359, 1.361,00:32,+48,01:32,+44,02:37,+36,03:19,+29,04:00,+22,05:05,+09,06:06,-03
1483-Oct-16,T, 2.455, 1.448,03:15,+42,04:16,+29,05:18,+16,06:02,+06,06:47,-03,07:49,-15,08:50,-27
1484-Oct-04,P, 1.183, 0.219,18:02,+02,19:22,+19,-,-,20:12,+30,-,-,21:02,+41,22:22,+57
1485-Mar-01,N, 0.837,-0.248,16:45,-23,-,-,-,-,18:56,+05,-,-,-,-,21:08,+33
1485-Aug-26,P, 0.993, 0.018,01:24,+51,03:13,+36,-,-,03:28,+33,-,-,03:44,+30,05:33,+08
1486-Feb-18,T, 2.189, 1.147,19:27,+15,20:34,+29,21:49,+45,22:18,+51,22:47,+57,00:03,+68,01:10,+70
1487-Feb-08,T, 2.216, 1.226,06:09,+11,07:08,-02,08:16,-16,08:49,-23,09:23,-29,10:30,-41,11:30,-48
1487-Aug-04,P, 2.015, 0.947,15:50,-42,17:05,-26,-,-,18:48,-04,-,-,20:31,+17,21:45,+31
1488-Jan-28,P, 0.991, 0.024,22:01,+52,23:45,+72,-,-,00:02,+75,-,-,00:19,+76,02:03,+67
1488-Jul-23,N, 0.644,-0.422,17:16,-24,-,-,-,-,19:13,+01,-,-,-,-,21:10,+23
1488-Dec-19,N, 0.952,-0.066,01:04,+81,-,-,-,-,03:10,+53,-,-,-,-,05:17,+26
1490-Jun-03,T, 2.788, 1.839,00:36,+39,01:29,+36,02:26,+31,03:16,+24,04:06,+16,05:02,+06,05:56,-04
1491-May-23,P, 1.441, 0.496,18:08,-13,19:15,+01,-,-,20:27,+14,-,-,21:38,+26,22:45,+35
1492-Apr-12,N, 0.824,-0.192,23:33,+48,-,-,-,-,01:34,+46,-,-,-,-,03:36,+28
1492-Oct-06,N, 0.756,-0.233,02:39,+50,-,-,-,-,04:31,+26,-,-,-,-,06:23,+02
1493-Apr-02,T, 2.166, 1.096,03:56,+27,05:08,+12,06:30,-06,06:55,-11,07:20,-16,08:42,-34,09:54,-49
1493-Sep-25,T, 2.061, 1.103,17:16,-11,18:14,+02,19:26,+17,19:50,+22,20:13,+27,21:26,+43,22:23,+54
1494-Mar-22,T, 2.288, 1.205,04:00,+29,05:13,+14,06:29,-02,07:04,-10,07:39,-17,08:55,-34,10:08,-48
1495-Sep-04,N, 0.942,-0.076,22:13,+45,-,-,-,-,00:21,+58,-,-,-,-,02:29,+46
1496-Jan-30,P, 0.991, 0.011,05:36,+19,07:28,-05,-,-,07:39,-07,-,-,07:50,-09,09:42,-30
1497-Jan-18,T, 2.232, 1.262,20:44,+36,21:40,+48,22:45,+62,23:20,+69,23:55,+76,01:00,+80,01:56,+71
1498-Jul-03,P, 1.892, 0.887,18:39,-08,19:46,+05,-,-,21:22,+22,-,-,22:57,+34,00:04,+39
1498-Dec-28,N, 0.891,-0.171,20:40,+38,-,-,-,-,22:50,+66,-,-,-,-,00:59,+84
1499-May-25,N, 0.514,-0.430,02:01,+36,-,-,-,-,03:32,+23,-,-,-,-,05:04,+07
1499-Nov-18,N, 0.633,-0.470,03:15,+47,-,-,-,-,05:13,+22,-,-,-,-,07:11,-02
1500-May-13,P, 1.833, 0.880,18:09,-11,19:09,+01,-,-,20:39,+17,-,-,22:10,+31,23:10,+38
1500-Nov-06,P, 1.924, 0.858,03:25,+43,04:38,+27,-,-,06:15,+07,-,-,07:52,-13,09:06,-26
1502-Apr-22,N, 1.045,-0.010,15:29,-45,-,-,-,-,17:50,-15,-,-,-,-,20:10,+13
1502-Oct-16,P, 1.234, 0.268,02:25,+53,03:43,+37,-,-,04:37,+25,-,-,05:32,+14,06:49,-03
1503-Mar-13,N, 0.760,-0.320,00:12,+63,-,-,-,-,02:18,+53,-,-,-,-,04:24,+29
1504-Mar-01,T, 2.132, 1.096,03:22,+44,04:29,+29,05:48,+12,06:12,+07,06:35,+02,07:54,-15,09:01,-29
1504-Aug-25,T, 2.229, 1.197,19:05,+05,20:11,+19,21:24,+33,21:57,+39,22:31,+45,23:44,+54,00:50,+55
1505-Feb-18,T, 2.256, 1.271,14:31,-45,15:30,-36,16:36,-24,17:12,-16,17:48,-09,18:54,+05,19:53,+17
1505-Aug-14,T, 2.149, 1.077,22:32,+42,23:46,+50,01:10,+50,01:33,+48,01:55,+46,03:20,+34,04:33,+20
1506-Feb-08,P, 1.018, 0.053,06:39,+03,08:16,-17,-,-,08:41,-22,-,-,09:06,-27,10:43,-43
1506-Aug-03,N, 0.790,-0.278,23:44,+47,-,-,-,-,01:51,+44,-,-,-,-,03:59,+25
1507-Jun-24,P, 1.328, 0.339,17:38,-21,18:57,-06,-,-,20:01,+07,-,-,21:04,+18,22:24,+29
1507-Dec-19,T, 2.187, 1.109,15:42,-21,16:54,-09,18:14,+07,18:40,+12,19:06,+17,20:26,+34,21:37,+49
1508-Dec-07,T, 2.368, 1.262,15:47,-20,17:01,-07,18:14,+08,18:53,+16,19:32,+24,20:45,+39,21:59,+55
1509-Jun-03,P, 1.570, 0.625,01:33,+37,02:37,+30,-,-,03:56,+18,-,-,05:15,+04,06:19,-08
1509-Nov-26,P, 1.133, 0.051,16:19,-14,18:18,+09,-,-,18:45,+14,-,-,19:12,+20,21:11,+45
1510-May-23,N, 0.152,-0.832,18:11,-12,-,-,-,-,19:05,-02,-,-,-,-,19:59,+09
1511-Oct-07,T, 2.006, 1.046,01:37,+61,02:35,+50,03:53,+34,04:09,+31,04:25,+27,05:44,+10,06:41,-02
1512-Sep-25,T, 2.399, 1.423,17:23,-09,18:20,+03,19:22,+16,20:04,+25,20:47,+34,21:48,+47,22:45,+58
1513-Mar-21,P, 1.059, 0.016,14:31,-52,16:35,-28,-,-,16:50,-25,-,-,17:05,-22,19:08,+04
1513-Sep-15,N, 1.024,-0.000,05:44,+06,-,-,-,-,07:57,-23,-,-,-,-,10:11,-49
1514-Aug-05,N, 0.906,-0.169,18:51,-02,-,-,-,-,21:07,+26,-,-,-,-,23:23,+46
1515-Jan-30,T, 2.209, 1.241,05:27,+21,06:24,+09,07:29,-05,08:03,-12,08:37,-18,09:42,-30,10:39,-39
1515-Jul-25,T, 2.289, 1.234,18:57,-02,20:07,+12,21:20,+25,21:57,+31,22:34,+37,23:47,+44,00:57,+45
1516-Jan-19,T, 2.230, 1.225,19:46,+23,20:47,+36,21:55,+51,22:29,+58,23:03,+65,00:11,+78,01:12,+79
1516-Jul-14,T, 2.033, 1.031,01:41,+38,02:46,+31,04:12,+18,04:25,+15,04:39,+13,06:05,-04,07:10,-17
1517-Jan-08,N, 0.897,-0.167,04:59,+29,-,-,-,-,07:09,+02,-,-,-,-,09:19,-22
1517-Jul-03,N, 0.689,-0.265,16:10,-41,-,-,-,-,17:55,-19,-,-,-,-,19:41,+02
1518-May-25,P, 1.700, 0.747,01:40,+37,02:43,+30,-,-,04:08,+16,-,-,05:33,+01,06:35,-12
1519-May-14,T, 2.611, 1.610,15:02,-52,16:02,-39,17:03,-27,17:52,-17,18:42,-07,19:43,+05,20:43,+16
1519-Nov-06,T, 2.522, 1.516,20:03,+33,21:03,+46,22:03,+59,22:50,+69,23:36,+78,00:36,+81,01:36,+70
1520-May-02,P, 1.171, 0.116,22:14,+35,00:01,+43,-,-,00:41,+43,-,-,01:22,+41,03:09,+28
1521-Sep-16,N, 0.817,-0.170,17:12,-15,-,-,-,-,19:08,+10,-,-,-,-,21:04,+35
1521-Oct-16,N, 0.039,-0.934,04:42,+24,-,-,-,-,05:09,+18,-,-,-,-,05:35,+13
1522-Sep-06,T, 2.127, 1.089,02:26,+45,03:34,+33,04:55,+17,05:18,+12,05:41,+07,07:01,-10,08:09,-25
1523-Mar-01,T, 2.304, 1.324,22:49,+56,23:46,+64,00:50,+66,01:29,+63,02:08,+58,03:12,+46,04:10,+34
1523-Aug-26,T, 2.273, 1.197,05:21,+08,06:34,-07,07:50,-23,08:24,-31,08:59,-38,10:15,-53,11:27,-65
1524-Feb-19,P, 1.055, 0.093,15:08,-40,16:40,-23,-,-,17:12,-16,-,-,17:45,-10,19:16,+09
1525-Jan-09,N, 0.928,-0.094,18:18,+05,-,-,-,-,20:24,+31,-,-,-,-,22:30,+58
1525-Jul-05,P, 1.194, 0.208,00:54,+39,02:20,+33,-,-,03:11,+27,-,-,04:01,+19,05:27,+03
1525-Dec-29,T, 2.175, 1.095,23:56,+81,01:08,+81,02:29,+63,02:53,+58,03:18,+53,04:39,+35,05:51,+20
1526-Jun-24,T, 2.602, 1.656,15:28,-49,16:21,-38,17:19,-26,18:07,-16,18:55,-06,19:52,+05,20:46,+14
1526-Dec-18,T, 2.382, 1.275,23:48,+81,01:03,+81,02:15,+65,02:55,+56,03:34,+48,04:47,+32,06:02,+16
1527-Dec-08,P, 1.148, 0.068,00:31,+85,02:26,+61,-,-,02:57,+54,-,-,03:28,+48,05:24,+23
1528-Jun-03,N, 0.277,-0.709,01:04,+39,-,-,-,-,02:17,+33,-,-,-,-,03:29,+24
1528-Oct-27,N, 0.690,-0.300,19:28,+25,-,-,-,-,21:16,+48,-,-,-,-,23:03,+71
1529-Apr-23,P, 1.924, 0.856,17:53,-13,19:08,+02,-,-,20:48,+22,-,-,22:27,+37,23:43,+45
1530-Apr-12,T, 2.501, 1.426,17:58,-11,19:09,+04,20:17,+18,21:04,+27,21:50,+35,22:58,+45,00:09,+50
1530-Oct-07,T, 2.458, 1.477,01:34,+62,02:32,+51,03:32,+38,04:16,+29,05:01,+19,06:01,+06,06:59,-06
1531-Apr-01,P, 1.152, 0.115,21:53,+39,23:36,+53,-,-,00:15,+55,-,-,00:55,+55,02:37,+44
1532-Feb-20,N, 0.926,-0.046,22:40,+56,-,-,-,-,00:39,+69,-,-,-,-,02:38,+55
1532-Aug-16,N, 0.776,-0.302,01:41,+48,-,-,-,-,03:49,+28,-,-,-,-,05:57,+02
1533-Feb-09,T, 2.180, 1.213,14:06,-47,15:02,-39,16:09,-28,16:41,-22,17:13,-15,18:20,-02,19:17,+10
1533-Aug-05,T, 2.152, 1.097,01:46,+44,02:57,+34,04:19,+20,04:43,+15,05:08,+10,06:30,-06,07:40,-21
1534-Jan-30,T, 2.248, 1.242,04:18,+37,05:19,+23,06:27,+09,07:02,+02,07:37,-06,08:45,-19,09:46,-30
1535-Jun-15,N, 0.255,-0.686,17:23,-24,-,-,-,-,18:29,-11,-,-,-,-,19:35,+02
1535-Jul-14,N, 0.824,-0.129,23:28,+39,-,-,-,-,01:21,+40,-,-,-,-,03:15,+28
1535-Dec-09,N, 0.601,-0.503,19:18,+21,-,-,-,-,21:13,+46,-,-,-,-,23:08,+71
1536-Nov-27,P, 1.889, 0.825,19:52,+30,21:06,+46,-,-,22:41,+67,-,-,00:16,+85,01:30,+74
1537-May-24,T, 2.748, 1.745,22:09,+31,23:09,+37,00:10,+40,01:01,+39,01:52,+36,02:52,+29,03:52,+19
1537-Nov-17,T, 2.542, 1.536,04:37,+28,05:36,+16,06:37,+03,07:23,-06,08:10,-14,09:10,-24,10:09,-33
1538-May-14,P, 1.309, 0.254,04:52,+07,06:26,-12,-,-,07:25,-24,-,-,08:25,-36,09:59,-57
1538-Nov-06,P, 1.302, 0.333,19:35,+27,20:49,+43,-,-,21:49,+56,-,-,22:49,+69,00:04,+82
1539-Sep-28,N, 0.746,-0.245,01:17,+62,-,-,-,-,03:09,+42,-,-,-,-,05:02,+19
1540-Mar-22,P, 1.982, 0.959,18:53,+03,20:00,+18,-,-,21:38,+37,-,-,23:17,+53,00:24,+57
1542-Mar-01,P, 1.103, 0.143,23:31,+62,00:57,+65,-,-,01:37,+61,-,-,02:18,+55,03:43,+39
1543-Jan-21,N, 0.909,-0.114,02:50,+58,-,-,-,-,04:55,+31,-,-,-,-,07:00,+04
1544-Jul-04,T, 2.467, 1.522,22:56,+35,23:50,+39,00:49,+40,01:34,+38,02:20,+34,03:19,+27,04:12,+18
1545-Jun-24,P, 1.839, 0.892,16:19,-38,17:18,-25,-,-,18:48,-07,-,-,20:19,+10,21:18,+21
1546-May-15,N, 0.442,-0.578,21:35,+26,-,-,-,-,23:08,+37,-,-,-,-,00:42,+40
1546-Nov-08,N, 0.671,-0.319,04:03,+35,-,-,-,-,05:49,+13,-,-,-,-,07:35,-08
1547-May-05,P, 1.787, 0.720,00:40,+43,01:59,+37,-,-,03:32,+24,-,-,05:05,+07,06:24,-09
1547-Oct-28,P, 1.930, 0.965,18:40,+14,19:39,+27,-,-,21:11,+47,-,-,22:43,+66,23:42,+77
1548-Apr-23,T, 2.625, 1.554,00:47,+47,01:56,+41,03:02,+32,03:52,+23,04:42,+14,05:49,+00,06:58,-14
1549-Apr-12,P, 1.256, 0.225,05:08,+10,06:40,-09,-,-,07:34,-21,-,-,08:29,-33,10:00,-52
1549-Oct-06,P, 1.154, 0.117,21:09,+43,22:51,+63,-,-,23:30,+68,-,-,00:09,+71,01:51,+61
1551-Feb-20,T, 2.138, 1.173,22:36,+55,23:33,+65,00:41,+70,01:11,+68,01:40,+65,02:49,+53,03:46,+42
1552-Aug-04,T, 2.297, 1.298,16:03,-39,17:05,-26,18:11,-12,18:50,-03,19:29,+05,20:36,+18,21:37,+29
1553-Jan-29,N, 0.930,-0.136,21:18,+42,-,-,-,-,23:31,+70,-,-,-,-,01:45,+72
1553-Jun-26,N, 0.126,-0.815,01:10,+40,-,-,-,-,01:57,+37,-,-,-,-,02:43,+31
1553-Dec-20,N, 0.590,-0.513,03:23,+49,-,-,-,-,05:17,+25,-,-,-,-,07:11,+01
1554-Jun-15,P, 1.425, 0.469,16:35,-34,17:45,-20,-,-,18:56,-05,-,-,20:06,+08,21:16,+20
1554-Dec-09,P, 1.881, 0.819,04:14,+36,05:27,+21,-,-,07:02,+02,-,-,08:37,-16,09:50,-28
1555-Jun-05,T, 2.829, 1.824,05:10,+03,06:11,-09,07:11,-21,08:02,-32,08:54,-43,09:54,-55,10:55,-68
1555-Nov-28,T, 2.553, 1.550,13:17,-39,14:16,-33,15:16,-25,16:02,-18,16:49,-09,17:49,+02,18:48,+14
1556-Nov-17,P, 1.322, 0.352,04:19,+32,05:33,+17,-,-,06:34,+04,-,-,07:36,-07,08:50,-20
1557-Apr-13,N, 0.464,-0.600,22:01,+38,-,-,-,-,23:42,+49,-,-,-,-,01:22,+49
1557-Nov-06,N, 0.095,-0.886,21:31,+53,-,-,-,-,22:13,+62,-,-,-,-,22:54,+71
1558-Apr-03,P, 1.891, 0.874,02:30,+43,03:38,+31,-,-,05:13,+12,-,-,06:48,-08,07:56,-23
1558-Sep-27,P, 1.962, 0.911,17:31,-08,18:42,+08,-,-,20:21,+29,-,-,21:59,+50,23:11,+63
1559-Mar-23,T, 2.440, 1.470,15:00,-47,15:56,-36,16:57,-24,17:41,-14,18:25,-05,19:25,+08,20:22,+20
1559-Sep-16,T, 2.489, 1.404,19:23,+15,20:34,+30,21:43,+44,22:29,+53,23:14,+60,00:23,+64,01:35,+59
1560-Sep-04,P, 1.161, 0.091,20:08,+22,22:00,+45,-,-,22:36,+51,-,-,23:13,+56,01:05,+59
1561-Jul-26,N, 0.940,-0.042,15:37,-47,-,-,-,-,17:41,-20,-,-,-,-,19:45,+05
1562-Jan-20,T, 2.138, 1.056,16:13,-21,17:26,-08,18:52,+10,19:11,+14,19:30,+18,20:56,+36,22:09,+52
1563-Jan-09,T, 2.413, 1.308,15:49,-23,17:03,-10,18:15,+04,18:56,+12,19:37,+21,20:49,+36,22:03,+52
1563-Jul-05,T, 1.974, 1.024,23:41,+40,00:39,+41,02:02,+36,02:14,+35,02:26,+34,03:49,+22,04:47,+12
1563-Dec-29,P, 1.172, 0.097,17:01,-09,18:50,+13,-,-,19:28,+20,-,-,20:04,+28,21:54,+52
1564-May-26,N, 0.297,-0.725,04:47,+07,-,-,-,-,06:05,-08,-,-,-,-,07:23,-23
1564-Dec-18,N, 0.007,-1.011,02:33,+61,-,-,-,-,02:44,+58,-,-,-,-,02:56,+56
1565-Nov-08,P, 1.906, 0.939,03:21,+44,04:20,+31,-,-,05:52,+12,-,-,07:23,-06,08:22,-17
1566-Oct-28,T, 2.541, 1.550,18:18,+09,19:16,+21,20:15,+34,21:02,+44,21:48,+54,22:48,+67,23:46,+77
1567-Oct-18,P, 1.201, 0.158,05:03,+19,06:41,-02,-,-,07:27,-12,-,-,08:13,-21,09:50,-38
1568-Mar-13,N, 0.817,-0.146,15:19,-43,-,-,-,-,17:12,-20,-,-,-,-,19:05,+04
1568-Apr-12,N, 0.098,-0.876,01:24,+49,-,-,-,-,02:07,+45,-,-,-,-,02:49,+38
1568-Sep-06,N, 0.552,-0.532,15:46,-35,-,-,-,-,17:36,-11,-,-,-,-,19:27,+13
1569-Aug-26,P, 1.911, 0.856,15:49,-37,17:02,-22,-,-,18:40,+00,-,-,20:18,+20,21:32,+35
1570-Feb-20,T, 2.314, 1.308,20:59,+35,22:00,+48,23:06,+60,23:44,+66,00:23,+70,01:29,+67,02:30,+58
1570-Aug-15,T, 2.417, 1.418,23:25,+48,00:25,+51,01:28,+48,02:12,+44,02:56,+37,04:00,+26,05:00,+15
1571-Feb-10,N, 0.958,-0.108,05:17,+23,-,-,-,-,07:32,-06,-,-,-,-,09:47,-33
1572-Jun-26,P, 1.287, 0.329,00:01,+40,01:17,+39,-,-,02:17,+34,-,-,03:18,+26,04:33,+14
1572-Dec-19,P, 1.874, 0.815,12:37,-41,13:50,-37,-,-,15:24,-26,-,-,16:58,-10,18:11,+04
1573-Dec-08,T, 2.562, 1.560,21:59,+58,22:57,+71,23:57,+83,00:44,+84,01:31,+75,02:31,+62,03:29,+49
1574-Jun-04,P, 1.607, 0.549,17:52,-17,19:14,-01,-,-,20:37,+14,-,-,22:01,+27,23:22,+36
1574-Nov-28,P, 1.336, 0.366,13:08,-39,14:21,-32,-,-,15:24,-24,-,-,16:26,-13,17:39,+00
1575-Apr-25,N, 0.342,-0.717,05:07,+09,-,-,-,-,06:34,-09,-,-,-,-,08:01,-28
1575-May-24,N, 0.224,-0.844,20:07,+10,-,-,-,-,21:19,+22,-,-,-,-,22:32,+32
1575-Oct-19,N, 0.638,-0.365,17:44,-01,-,-,-,-,19:30,+22,-,-,-,-,21:16,+45
1575-Nov-18,N, 0.110,-0.875,06:08,+10,-,-,-,-,06:53,+01,-,-,-,-,07:38,-08
1576-Oct-08,P, 1.899, 0.842,01:14,+66,02:27,+52,-,-,04:03,+32,-,-,05:39,+11,06:52,-04
1577-Apr-02,T, 2.525, 1.560,22:55,+48,23:51,+53,00:50,+53,01:36,+50,02:23,+44,03:21,+34,04:17,+24
1577-Sep-27,T, 2.576, 1.487,02:37,+48,03:48,+33,04:56,+19,05:44,+08,06:32,-02,07:40,-16,08:51,-31
1578-Mar-23,P, 1.232, 0.277,15:52,-37,17:08,-21,-,-,18:03,-09,-,-,18:58,+02,20:15,+18
1578-Sep-16,P, 1.261, 0.190,03:17,+38,04:57,+17,-,-,05:49,+06,-,-,06:41,-05,08:22,-26
1579-Feb-11,N, 0.842,-0.183,19:34,+17,-,-,-,-,21:36,+43,-,-,-,-,23:39,+67
1579-Aug-06,N, 0.825,-0.156,23:08,+43,-,-,-,-,01:06,+47,-,-,-,-,03:03,+35
1580-Feb-01,T, 2.108, 1.026,00:14,+77,01:27,+74,02:58,+56,03:12,+53,03:25,+50,04:56,+30,06:09,+14
1581-Jan-19,T, 2.435, 1.332,23:46,+75,00:59,+79,02:10,+67,02:53,+58,03:35,+48,04:46,+33,06:00,+17
1582-Jan-09,P, 1.187, 0.115,01:15,+78,03:02,+55,-,-,03:42,+47,-,-,04:22,+38,06:09,+15
1582-Jul-05,N, 0.672,-0.325,21:46,+28,-,-,-,-,23:36,+40,-,-,-,-,01:26,+41
1582-Dec-09,N, 0.654,-0.334,21:29,+52,-,-,-,-,23:13,+74,-,-,-,-,00:57,+82
1583-Jun-05,P, 1.487, 0.420,13:57,-68,15:25,-49,-,-,16:40,-33,-,-,17:55,-18,19:23,+00
1584-May-24,T, 2.878, 1.815,14:08,-64,15:16,-50,16:20,-36,17:13,-25,18:06,-14,19:10,-01,20:19,+12
1584-Nov-18,T, 2.568, 1.573,02:48,+51,03:46,+39,04:45,+26,05:32,+16,06:19,+07,07:19,-05,08:17,-16
1585-May-13,P, 1.496, 0.476,19:21,+05,20:39,+19,-,-,21:55,+32,-,-,23:10,+41,00:29,+44
1585-Nov-07,P, 1.238, 0.189,13:04,-46,14:40,-35,-,-,15:30,-27,-,-,16:20,-18,17:56,+02
1586-Apr-03,N, 0.745,-0.215,23:29,+54,-,-,-,-,01:17,+54,-,-,-,-,03:05,+39
1586-Sep-27,N, 0.460,-0.627,23:01,+60,-,-,-,-,00:42,+65,-,-,-,-,02:24,+51
1587-Mar-24,T, 2.021, 1.059,15:14,-43,16:12,-32,17:30,-16,17:48,-12,18:06,-08,19:23,+08,20:21,+21
1587-Sep-16,P, 1.811, 0.755,23:04,+55,00:20,+60,-,-,01:53,+53,-,-,03:26,+37,04:42,+21
1588-Mar-13,T, 2.366, 1.360,05:05,+20,06:06,+07,07:10,-07,07:52,-16,08:33,-25,09:37,-38,10:38,-49
1589-Aug-25,P, 1.189, 0.235,21:58,+37,23:17,+47,-,-,00:08,+51,-,-,01:00,+50,02:19,+43
1590-Jan-20,N, 0.562,-0.537,19:30,+20,-,-,-,-,21:21,+44,-,-,-,-,23:13,+68
1591-Jan-09,P, 1.867, 0.812,21:01,+42,22:13,+58,-,-,23:47,+78,-,-,01:21,+79,02:34,+63
1591-Jul-06,T, 2.538, 1.526,19:04,-03,20:07,+09,21:10,+20,21:57,+27,22:45,+33,23:48,+39,00:50,+40
1591-Dec-30,T, 2.567, 1.567,06:44,+05,07:42,-06,08:42,-17,09:29,-24,10:15,-31,11:15,-37,12:13,-40
1592-Jun-25,P, 1.762, 0.703,00:18,+38,01:36,+36,-,-,03:08,+25,-,-,04:41,+10,05:58,-04
1592-Dec-18,P, 1.346, 0.375,21:59,+58,23:12,+74,-,-,00:15,+87,-,-,01:18,+78,02:31,+62
1593-Jun-14,N, 0.377,-0.689,02:16,+31,-,-,-,-,03:48,+18,-,-,-,-,05:20,+02
1593-Nov-09,N, 0.600,-0.409,02:07,+60,-,-,-,-,03:50,+38,-,-,-,-,05:33,+16
1594-May-04,P, 1.675, 0.670,17:25,-19,18:35,-05,-,-,20:01,+12,-,-,21:26,+28,22:37,+38
1596-Apr-12,P, 1.315, 0.362,23:49,+53,01:01,+52,-,-,02:03,+46,-,-,03:06,+36,04:18,+22
1597-Mar-04,N, 0.792,-0.233,03:46,+41,-,-,-,-,05:45,+15,-,-,-,-,07:44,-11
1597-Sep-25,N, 0.092,-0.924,18:25,+02,-,-,-,-,19:09,+12,-,-,-,-,19:52,+21
1598-Aug-16,T, 2.090, 1.143,21:43,+32,22:39,+40,23:49,+47,00:16,+48,00:43,+48,01:53,+44,02:49,+38
1599-Aug-06,T, 2.235, 1.279,14:33,-60,15:29,-48,16:34,-34,17:10,-26,17:47,-18,18:51,-05,19:48,+07
1600-Jul-26,N, 0.803,-0.198,04:42,+12,-,-,-,-,06:41,-11,-,-,-,-,08:41,-36
1600-Dec-20,N, 0.651,-0.336,06:16,+11,-,-,-,-,08:00,-09,-,-,-,-,09:44,-26
1601-Jan-18,N, 0.033,-0.978,19:35,+20,-,-,-,-,20:00,+26,-,-,-,-,20:26,+31
1601-Jun-15,P, 1.329, 0.262,20:31,+14,22:07,+28,-,-,23:08,+35,-,-,00:08,+38,01:45,+35
1601-Dec-09,P, 1.880, 0.909,20:56,+45,21:56,+58,-,-,23:27,+77,-,-,00:57,+82,01:57,+69
1602-Jun-04,T, 2.724, 1.664,20:42,+17,21:50,+28,22:54,+35,23:46,+39,00:38,+40,01:43,+37,02:51,+29
1603-May-25,P, 1.629, 0.615,02:22,+33,03:35,+22,-,-,04:59,+07,-,-,06:23,-09,07:36,-24
1603-Nov-18,P, 1.264, 0.209,21:11,+48,22:46,+68,-,-,23:39,+78,-,-,00:31,+81,02:06,+63
1605-Apr-03,P, 1.947, 0.986,23:23,+54,00:22,+57,-,-,01:55,+50,-,-,03:29,+35,04:28,+24
1606-Sep-16,T, 2.619, 1.622,14:36,-50,15:35,-38,16:35,-26,17:23,-15,18:12,-05,19:12,+08,20:12,+21
1607-Mar-13,N, 1.051,-0.014,20:46,+31,-,-,-,-,23:07,+58,-,-,-,-,01:28,+64
1607-Sep-06,P, 1.292, 0.338,05:43,+04,06:56,-12,-,-,07:57,-25,-,-,08:57,-37,10:11,-52
1608-Feb-01,N, 0.541,-0.556,03:29,+48,-,-,-,-,05:19,+24,-,-,-,-,07:08,+01
1608-Aug-26,N, 0.006,-0.947,00:38,+50,-,-,-,-,00:48,+50,-,-,-,-,00:59,+50
1609-Jan-20,P, 1.855, 0.803,05:22,+23,06:35,+08,-,-,08:08,-11,-,-,09:41,-27,10:54,-37
1609-Jul-17,T, 2.395, 1.378,02:01,+36,03:05,+28,04:11,+17,04:54,+10,05:37,+01,06:43,-12,07:46,-25
1610-Jan-09,T, 2.572, 1.575,15:28,-25,16:26,-16,17:26,-05,18:13,+04,19:00,+14,19:59,+26,20:57,+38
1610-Dec-30,P, 1.353, 0.382,06:52,+04,08:04,-10,-,-,09:08,-20,-,-,10:12,-30,11:24,-37
1611-May-26,N, 0.082,-0.969,19:23,+03,-,-,-,-,20:06,+11,-,-,-,-,20:49,+19
1611-Dec-19,N, 0.121,-0.870,23:36,+79,-,-,-,-,00:23,+88,-,-,-,-,01:10,+80
1612-May-15,P, 1.553, 0.553,00:45,+44,01:58,+39,-,-,03:17,+28,-,-,04:35,+14,05:48,-01
1612-Nov-08,P, 1.807, 0.739,17:00,-08,18:16,+08,-,-,19:48,+28,-,-,21:20,+48,22:37,+64
1613-May-04,T, 2.727, 1.771,14:27,-58,15:21,-47,16:18,-35,17:07,-25,17:57,-14,18:54,-03,19:48,+08
1613-Oct-28,T, 2.712, 1.615,17:31,-03,18:43,+13,19:49,+27,20:40,+38,21:31,+50,22:37,+63,23:49,+75
1614-Oct-17,P, 1.419, 0.346,18:08,+04,19:39,+23,-,-,20:47,+38,-,-,21:54,+53,23:25,+70
1615-Apr-14,N, 0.040,-0.949,00:39,+52,-,-,-,-,01:07,+51,-,-,-,-,01:35,+48
1615-Oct-07,N, 0.173,-0.843,02:00,+56,-,-,-,-,02:59,+45,-,-,-,-,03:57,+33
1616-Mar-03,P, 2.014, 0.934,15:51,-32,17:06,-17,-,-,18:48,+04,-,-,20:30,+26,21:45,+42
1616-Aug-27,T, 1.980, 1.032,05:29,+06,06:26,-06,07:47,-23,08:00,-26,08:13,-29,09:34,-46,10:32,-57
1617-Feb-20,T, 2.506, 1.409,15:20,-35,16:33,-22,17:42,-09,18:27,+01,19:13,+11,20:22,+26,21:34,+41
1617-Aug-16,T, 2.357, 1.397,22:04,+36,23:00,+44,00:02,+48,00:44,+49,01:25,+47,02:27,+41,03:23,+32
1618-Feb-09,P, 1.233, 0.171,17:34,-08,19:14,+13,-,-,20:02,+23,-,-,20:50,+34,22:29,+55
1618-Dec-31,N, 0.649,-0.336,15:05,-27,-,-,-,-,16:48,-11,-,-,-,-,18:32,+09
1619-Jan-30,N, 0.052,-0.955,04:04,+41,-,-,-,-,04:36,+34,-,-,-,-,05:07,+27
1619-Jun-27,P, 1.169, 0.102,03:03,+25,04:54,+07,-,-,05:33,+00,-,-,06:12,-08,08:03,-30
1619-Dec-21,P, 1.872, 0.900,05:48,+16,06:48,+04,-,-,08:18,-12,-,-,09:48,-27,10:48,-34
1620-Jun-15,T, 2.568, 1.511,03:16,+23,04:24,+12,05:30,+00,06:19,-10,07:08,-20,08:14,-33,09:23,-48
1620-Dec-09,T, 2.599, 1.595,20:02,+32,21:01,+45,22:00,+58,22:48,+68,23:35,+78,00:35,+85,01:34,+74
1621-Nov-29,P, 1.283, 0.224,05:22,+19,06:57,-01,-,-,07:52,-11,-,-,08:46,-21,10:21,-35
1622-May-24,N, 0.444,-0.516,23:20,+41,-,-,-,-,00:47,+42,-,-,-,-,02:14,+36
1623-Oct-08,P, 1.651, 0.594,14:04,-47,15:23,-34,-,-,16:47,-17,-,-,18:12,+01,19:31,+18
1624-Apr-03,T, 2.504, 1.498,20:52,+29,21:52,+40,22:54,+50,23:41,+55,00:27,+57,01:29,+54,02:30,+46
1624-Sep-26,T, 2.701, 1.704,22:25,+53,23:24,+61,00:23,+64,01:13,+61,02:03,+54,03:02,+43,04:01,+32
1625-Mar-24,P, 1.117, 0.052,04:16,+29,06:13,+04,-,-,06:40,-02,-,-,07:08,-08,09:05,-33
1626-Aug-07,N, 0.887,-0.082,22:26,+38,-,-,-,-,00:25,+47,-,-,-,-,02:24,+40
1627-Jan-31,P, 1.840, 0.793,13:43,-44,14:55,-36,-,-,16:28,-21,-,-,18:00,-03,19:13,+12
1628-Jan-21,T, 2.580, 1.586,00:12,+82,01:10,+79,02:09,+68,02:56,+57,03:43,+47,04:42,+34,05:40,+22
1629-Jan-09,P, 1.358, 0.388,15:45,-22,16:57,-10,-,-,18:01,+02,-,-,19:06,+15,20:18,+30
1629-Nov-30,N, 0.550,-0.468,19:06,+19,-,-,-,-,20:46,+41,-,-,-,-,22:26,+63
1630-Nov-20,P, 1.776, 0.702,01:01,+75,02:19,+59,-,-,03:50,+39,-,-,05:20,+20,06:38,+04
1631-May-15,T, 2.825, 1.872,22:04,+34,22:58,+40,23:55,+43,00:44,+43,01:34,+40,02:31,+34,03:25,+26
1631-Nov-09,T, 2.760, 1.661,01:11,+71,02:23,+56,03:29,+42,04:20,+31,05:12,+20,06:18,+06,07:29,-08
1632-May-04,P, 1.512, 0.563,15:23,-46,16:28,-33,-,-,17:44,-17,-,-,18:59,-01,20:05,+11
1632-Oct-28,P, 1.479, 0.405,01:49,+62,03:17,+43,-,-,04:29,+28,-,-,05:42,+12,07:10,-06
1633-Mar-25,N, 0.654,-0.372,19:44,+15,-,-,-,-,21:34,+38,-,-,-,-,23:25,+56
1633-Sep-17,N, 0.540,-0.440,22:27,+48,-,-,-,-,00:04,+59,-,-,-,-,01:40,+55
1634-Mar-14,P, 1.947, 0.867,23:26,+61,00:42,+66,-,-,02:22,+55,-,-,04:01,+35,05:17,+19
1635-Mar-03,T, 2.558, 1.465,22:57,+59,00:08,+69,01:16,+67,02:04,+61,02:51,+52,03:59,+38,05:11,+22
1635-Aug-28,T, 2.471, 1.506,05:41,+03,06:37,-08,07:36,-21,08:22,-31,09:07,-40,10:07,-52,11:03,-63
1636-Feb-21,P, 1.270, 0.213,01:35,+68,03:10,+50,-,-,04:04,+38,-,-,04:57,+27,06:32,+06
1636-Aug-16,P, 1.055, 0.043,18:45,-02,20:35,+20,-,-,20:59,+25,-,-,21:23,+29,23:13,+46
1637-Jan-10,N, 0.646,-0.337,23:55,+81,-,-,-,-,01:38,+75,-,-,-,-,03:21,+53
1637-Dec-31,P, 1.866, 0.893,14:41,-30,15:41,-22,-,-,17:11,-07,-,-,18:41,+11,19:42,+23
1638-Dec-21,T, 2.606, 1.599,04:43,+30,05:42,+18,06:42,+06,07:30,-04,08:17,-12,09:17,-22,10:16,-31
1639-Jun-15,P, 1.910, 0.906,16:19,-37,17:26,-23,-,-,19:02,-04,-,-,20:38,+14,21:44,+25
1639-Dec-10,P, 1.295, 0.231,13:39,-38,15:13,-26,-,-,16:09,-17,-,-,17:04,-07,18:39,+12
1640-May-05,N, 0.465,-0.483,23:25,+43,-,-,-,-,00:53,+44,-,-,-,-,02:20,+36
1640-Oct-29,N, 0.266,-0.830,21:37,+53,-,-,-,-,22:56,+69,-,-,-,-,00:15,+78
1641-Apr-25,P, 1.759, 0.800,15:15,-47,16:16,-34,-,-,17:44,-16,-,-,19:11,+02,20:12,+14
1641-Oct-18,P, 1.591, 0.534,21:48,+53,23:09,+68,-,-,00:29,+73,-,-,01:50,+62,03:11,+45
1642-Apr-15,T, 2.593, 1.586,04:31,+19,05:32,+06,06:33,-07,07:21,-17,08:10,-28,09:11,-41,10:11,-53
1643-Sep-27,P, 1.466, 0.508,21:37,+44,22:45,+55,-,-,23:57,+63,-,-,01:10,+61,02:17,+52
1644-Feb-22,N, 0.473,-0.615,19:16,+12,-,-,-,-,20:58,+34,-,-,-,-,22:41,+55
1645-Feb-10,P, 1.817, 0.775,21:59,+51,23:11,+65,-,-,00:43,+76,-,-,02:14,+65,03:26,+50
1645-Aug-07,T, 2.116, 1.090,15:58,-41,17:05,-26,18:25,-09,18:49,-04,19:12,+00,20:32,+16,21:39,+28
1646-Jul-27,T, 2.233, 1.167,19:34,+04,20:46,+18,22:04,+31,22:36,+35,23:08,+38,00:25,+43,01:37,+41
1647-Jan-21,P, 1.367, 0.398,00:36,+84,01:47,+72,-,-,02:52,+59,-,-,03:57,+44,05:09,+29
1647-Jul-16,N, 0.853,-0.210,20:57,+18,-,-,-,-,23:08,+36,-,-,-,-,01:20,+39
1647-Dec-12,N, 0.536,-0.486,03:41,+43,-,-,-,-,05:20,+22,-,-,-,-,07:00,+02
1648-Jan-10,N, 0.122,-0.873,17:08,-08,-,-,-,-,17:55,+01,-,-,-,-,18:43,+11
1648-Jun-05,P, 1.294, 0.304,15:19,-50,16:40,-33,-,-,17:41,-20,-,-,18:41,-08,20:02,+08
1650-May-15,P, 1.627, 0.678,22:59,+40,00:02,+43,-,-,01:24,+40,-,-,02:45,+31,03:48,+21
1651-Apr-06,N, 0.567,-0.459,03:30,+35,-,-,-,-,05:15,+14,-,-,-,-,06:59,-09
1651-Oct-28,N, 0.296,-0.719,17:51,+02,-,-,-,-,19:07,+18,-,-,-,-,20:22,+35
1652-Sep-17,P, 1.791, 0.838,21:21,+37,22:21,+48,-,-,23:49,+59,-,-,01:17,+58,02:17,+50
1653-Mar-14,T, 2.620, 1.532,06:27,+01,07:38,-14,08:44,-28,09:34,-38,10:23,-47,11:30,-57,12:41,-62
1653-Sep-07,T, 2.577, 1.608,13:22,-65,14:18,-56,15:17,-44,16:05,-34,16:52,-24,17:51,-12,18:47,+01
1654-Aug-28,P, 1.170, 0.153,01:53,+47,03:29,+32,-,-,04:13,+23,-,-,04:58,+14,06:34,-05
1655-Feb-20,N, 0.111,-0.886,20:47,+33,-,-,-,-,21:33,+42,-,-,-,-,22:19,+52
1655-Jul-18,N, 0.851,-0.219,16:10,-41,-,-,-,-,18:22,-13,-,-,-,-,20:35,+13
1656-Jan-11,P, 1.857, 0.884,23:33,+76,00:33,+86,-,-,02:03,+69,-,-,03:32,+50,04:33,+37
1656-Jul-06,T, 2.253, 1.201,16:26,-37,17:36,-22,18:50,-07,19:25,+00,19:59,+07,21:14,+20,22:24,+30
1656-Dec-31,T, 2.613, 1.604,13:23,-39,14:23,-33,15:23,-26,16:10,-18,16:58,-10,17:58,+01,18:58,+13
1657-Jun-25,T, 2.054, 1.054,23:19,+37,00:23,+39,01:45,+36,02:03,+34,02:21,+32,03:44,+21,04:48,+10
1657-Dec-20,P, 1.303, 0.235,21:56,+57,23:31,+77,-,-,00:27,+86,-,-,01:23,+76,02:58,+56
1658-Nov-10,N, 0.227,-0.871,05:26,+16,-,-,-,-,06:39,+01,-,-,-,-,07:52,-13
1658-Dec-10,N, 0.014,-1.090,01:22,+75,-,-,-,-,01:40,+71,-,-,-,-,01:59,+67
1659-May-06,P, 1.647, 0.689,22:59,+41,00:03,+45,-,-,01:26,+42,-,-,02:48,+33,03:52,+23
1659-Oct-30,P, 1.545, 0.488,05:43,+10,07:05,-07,-,-,08:22,-22,-,-,09:40,-35,11:02,-45
1660-Oct-18,T, 2.829, 1.832,14:33,-40,15:31,-30,16:29,-18,17:20,-08,18:10,+03,19:08,+15,20:07,+28
1661-Apr-14,P, 1.292, 0.229,18:43,+00,20:20,+20,-,-,21:16,+31,-,-,22:12,+40,23:49,+52
1661-Oct-08,P, 1.537, 0.577,05:47,+06,06:52,-08,-,-,08:08,-23,-,-,09:25,-38,10:30,-49
1662-Mar-05,N, 0.425,-0.658,03:02,+48,-,-,-,-,04:40,+28,-,-,-,-,06:17,+06
1662-Sep-27,N, 0.262,-0.704,23:21,+60,-,-,-,-,00:29,+63,-,-,-,-,01:37,+58
1663-Feb-22,P, 1.784, 0.748,06:11,+09,07:23,-06,-,-,08:53,-25,-,-,10:23,-41,11:35,-51
1663-Aug-18,P, 1.986, 0.954,23:01,+45,00:10,+50,-,-,01:50,+45,-,-,03:29,+31,04:38,+18
1664-Feb-11,T, 2.612, 1.626,17:30,-09,18:27,+03,19:25,+15,20:13,+26,21:00,+36,21:59,+48,22:56,+60
1664-Aug-07,T, 2.383, 1.314,02:06,+39,03:17,+29,04:28,+17,05:10,+09,05:51,+01,07:03,-14,08:13,-29
1665-Jul-27,N, 1.006,-0.055,03:21,+26,-,-,-,-,05:41,+01,-,-,-,-,08:02,-28
1666-Jan-21,N, 0.125,-0.872,01:51,+72,-,-,-,-,02:39,+62,-,-,-,-,03:27,+51
1666-Jun-16,P, 1.158, 0.173,22:35,+34,00:04,+40,-,-,00:50,+40,-,-,01:36,+37,03:05,+27
1666-Dec-11,P, 1.735, 0.654,17:17,-03,18:37,+13,-,-,20:05,+31,-,-,21:34,+51,22:54,+68
1667-Nov-30,T, 2.827, 1.723,16:52,-07,18:03,+07,19:09,+20,20:01,+32,20:53,+43,21:59,+57,23:10,+73
1668-Nov-18,P, 1.561, 0.487,17:40,+02,19:04,+20,-,-,20:22,+37,-,-,21:40,+54,23:04,+72
1669-May-15,N, 0.333,-0.657,22:23,+35,-,-,-,-,23:42,+41,-,-,-,-,01:01,+41
1669-Nov-08,N, 0.341,-0.674,02:03,+61,-,-,-,-,03:24,+44,-,-,-,-,04:44,+26
1670-Apr-05,P, 1.772, 0.696,14:09,-58,15:29,-43,-,-,17:01,-23,-,-,18:33,-04,19:53,+13
1670-Sep-29,P, 1.714, 0.758,05:28,+09,06:30,-04,-,-,07:55,-21,-,-,09:19,-38,10:21,-49
1671-Mar-25,T, 2.699, 1.615,13:46,-59,14:57,-47,16:02,-34,16:53,-24,17:44,-13,18:50,+01,20:00,+16
1671-Sep-18,T, 2.670, 1.696,21:12,+36,22:08,+47,23:06,+56,23:55,+60,00:44,+61,01:42,+56,02:38,+47
1672-Mar-13,P, 1.374, 0.329,17:19,-16,18:46,+03,-,-,19:50,+17,-,-,20:55,+30,22:22,+48
1673-Feb-01,N, 0.625,-0.353,17:27,-08,-,-,-,-,19:08,+12,-,-,-,-,20:49,+34
1673-Mar-03,N, 0.154,-0.838,05:00,+23,-,-,-,-,05:54,+11,-,-,-,-,06:47,-01
1673-Jul-28,N, 0.697,-0.374,22:48,+36,-,-,-,-,00:50,+42,-,-,-,-,02:52,+33
1674-Jul-17,T, 2.098, 1.048,23:04,+37,00:15,+41,01:42,+38,02:00,+36,02:17,+35,03:45,+23,04:56,+11
1675-Jan-11,T, 2.619, 1.607,22:04,+56,23:03,+69,00:03,+81,00:51,+83,01:39,+75,02:39,+62,03:39,+49
1676-Jan-01,P, 1.309, 0.239,06:14,+11,07:50,-07,-,-,08:46,-18,-,-,09:43,-27,11:18,-38
1676-Jun-25,N, 0.843,-0.109,21:07,+21,-,-,-,-,23:02,+36,-,-,-,-,00:56,+40
1677-Nov-09,P, 1.510, 0.453,13:45,-40,15:07,-28,-,-,16:22,-15,-,-,17:37,-01,19:00,+17
1678-May-06,T, 2.810, 1.802,19:22,+05,20:23,+17,21:23,+28,22:14,+36,23:05,+41,00:06,+45,01:06,+44
1678-Oct-29,T, 2.839, 1.842,22:50,+67,23:48,+76,00:46,+74,01:36,+66,02:26,+56,03:25,+43,04:23,+31
1679-Apr-26,P, 1.401, 0.338,01:40,+45,03:11,+32,-,-,04:18,+20,-,-,05:26,+07,06:56,-12
1679-Oct-19,P, 1.594, 0.632,14:05,-45,15:10,-34,-,-,16:29,-19,-,-,17:48,-03,18:52,+11
1680-Apr-14,N, 0.056,-1.025,04:11,+25,-,-,-,-,04:48,+17,-,-,-,-,05:25,+10
1680-Sep-08,N, 0.553,-0.432,21:27,+37,-,-,-,-,23:05,+53,-,-,-,-,00:44,+59
1681-Mar-04,P, 1.741, 0.710,14:16,-49,15:28,-38,-,-,16:56,-21,-,-,18:24,-02,19:36,+13
1682-Feb-22,T, 2.641, 1.659,02:00,+64,02:57,+53,03:55,+40,04:43,+30,05:31,+19,06:29,+07,07:26,-05
1683-Feb-11,P, 1.401, 0.434,18:05,-01,19:15,+13,-,-,20:22,+28,-,-,21:30,+42,22:40,+57
1684-Jan-02,N, 0.512,-0.517,20:52,+40,-,-,-,-,22:30,+61,-,-,-,-,00:09,+82
1684-Dec-22,P, 1.723, 0.639,01:29,+74,02:49,+56,-,-,04:17,+37,-,-,05:45,+19,07:06,+02
1685-Jun-16,T, 2.431, 1.487,20:38,+16,21:32,+24,22:31,+32,23:16,+36,00:00,+39,00:59,+39,01:53,+35
1685-Dec-11,T, 2.848, 1.742,00:50,+81,02:02,+66,03:07,+51,03:59,+40,04:52,+29,05:57,+15,07:09,+01
1686-Nov-30,P, 1.586, 0.513,01:47,+67,03:10,+49,-,-,04:30,+32,-,-,05:49,+15,07:12,-01
1687-Apr-27,N, 0.353,-0.674,18:41,-03,-,-,-,-,20:06,+14,-,-,-,-,21:30,+30
1687-May-27,N, 0.451,-0.541,05:27,+00,-,-,-,-,06:58,-19,-,-,-,-,08:30,-38
1687-Oct-20,N, 0.361,-0.620,23:00,+65,-,-,-,-,00:20,+72,-,-,-,-,01:40,+64
1688-Apr-15,P, 1.666, 0.591,21:18,+32,22:41,+45,-,-,00:07,+52,-,-,01:34,+49,02:56,+38
1688-Oct-09,P, 1.647, 0.689,13:43,-51,14:46,-41,-,-,16:07,-26,-,-,17:29,-09,18:32,+05
1689-Apr-04,T, 2.788, 1.709,21:00,+30,22:09,+43,23:14,+52,00:06,+56,00:59,+55,02:04,+49,03:13,+38
1689-Sep-29,T, 2.754, 1.775,05:07,+14,06:04,+02,07:01,-10,07:51,-21,08:41,-31,09:39,-42,10:35,-51
1690-Mar-25,P, 1.444, 0.406,01:00,+60,02:22,+50,-,-,03:33,+37,-,-,04:44,+22,06:06,+04
1690-Sep-18,P, 1.374, 0.344,16:28,-25,17:53,-07,-,-,18:58,+07,-,-,20:04,+22,21:28,+39
1691-Feb-13,N, 0.603,-0.371,02:07,+66,-,-,-,-,03:46,+45,-,-,-,-,05:26,+23
1691-Aug-09,N, 0.553,-0.521,05:32,+04,-,-,-,-,07:22,-19,-,-,-,-,09:12,-42
1692-Feb-02,P, 1.828, 0.856,17:09,-11,18:10,+01,-,-,19:39,+19,-,-,21:07,+38,22:08,+51
1693-Jan-22,T, 2.630, 1.617,06:40,+06,07:40,-06,08:40,-17,09:28,-25,10:17,-33,11:17,-40,12:17,-44
1694-Jan-11,P, 1.317, 0.244,14:30,-34,16:06,-20,-,-,17:03,-10,-,-,18:00,+01,19:35,+20
1694-Jun-07,N, 0.108,-0.833,22:55,+34,-,-,-,-,23:38,+37,-,-,-,-,00:22,+38
1694-Jul-07,P, 0.981, 0.032,04:24,+13,06:06,-06,-,-,06:25,-10,-,-,06:45,-14,08:27,-34
1694-Dec-01,N, 0.177,-0.924,21:20,+50,-,-,-,-,22:24,+64,-,-,-,-,23:29,+78
1694-Dec-31,N, 0.041,-1.065,17:12,-07,-,-,-,-,17:44,-01,-,-,-,-,18:15,+06
1695-Nov-20,P, 1.486, 0.430,21:56,+59,23:19,+76,-,-,00:32,+82,-,-,01:45,+68,03:08,+50
1696-May-17,T, 2.791, 1.781,02:35,+32,03:36,+22,04:37,+12,05:28,+02,06:20,-09,07:20,-21,08:21,-34
1697-Oct-29,P, 1.640, 0.676,22:31,+63,23:35,+74,-,-,00:56,+73,-,-,02:17,+58,03:21,+45
1698-Mar-26,N, 0.292,-0.781,18:15,-05,-,-,-,-,19:36,+12,-,-,-,-,20:57,+29
1698-Sep-20,N, 0.460,-0.531,05:18,+12,-,-,-,-,06:49,-08,-,-,-,-,08:20,-27
1698-Oct-19,N, 0.378,-0.597,15:29,-31,-,-,-,-,16:50,-15,-,-,-,-,18:11,+02
1699-Mar-15,P, 1.686, 0.662,22:16,+49,23:28,+60,-,-,00:54,+63,-,-,02:19,+54,03:32,+41
1699-Sep-09,P, 1.755, 0.712,13:22,-64,14:37,-51,-,-,16:07,-33,-,-,17:37,-14,18:52,+02
1700-Aug-29,T, 2.660, 1.583,15:24,-44,16:34,-30,17:40,-15,18:31,-04,19:22,+07,20:28,+20,21:38,+34
1701-Feb-23,P, 1.428, 0.463,02:41,+56,03:50,+42,-,-,05:00,+27,-,-,06:09,+11,07:18,-03
1701-Aug-18,P, 1.296, 0.234,16:28,-33,18:05,-12,-,-,19:02,+00,-,-,19:59,+11,21:36,+30
1702-Jan-14,N, 0.499,-0.532,05:26,+22,-,-,-,-,07:03,+02,-,-,-,-,08:41,-16
1702-Feb-12,N, 0.145,-0.853,18:59,+10,-,-,-,-,19:51,+21,-,-,-,-,20:44,+32
1703-Jun-29,T, 2.295, 1.352,04:06,+15,05:01,+06,06:03,-06,06:43,-14,07:22,-22,08:24,-35,09:19,-46
1704-Jun-17,T, 2.008, 1.058,21:22,+23,22:20,+30,23:38,+37,23:56,+38,00:13,+38,01:31,+36,02:29,+31
1705-May-09,N, 0.229,-0.799,02:09,+39,-,-,-,-,03:18,+29,-,-,-,-,04:27,+17
1705-Nov-30,N, 0.399,-0.615,18:54,+18,-,-,-,-,20:20,+36,-,-,-,-,21:46,+55
1706-Apr-28,P, 1.544, 0.470,04:16,+20,05:43,+02,-,-,07:02,-15,-,-,08:20,-32,09:47,-50
1706-Oct-21,P, 1.593, 0.632,22:05,+56,23:09,+67,-,-,00:28,+73,-,-,01:47,+62,02:51,+50
1707-Apr-17,T, 2.892, 1.818,04:03,+24,05:12,+10,06:17,-04,07:09,-15,08:02,-26,09:07,-40,10:16,-55
1707-Oct-11,T, 2.825, 1.840,13:10,-54,14:07,-47,15:05,-37,15:55,-28,16:45,-17,17:43,-05,18:40,+07
1708-Sep-29,P, 1.459, 0.422,23:57,+65,01:19,+61,-,-,02:31,+49,-,-,03:43,+35,05:05,+18
1709-Mar-25,N, 0.272,-0.708,21:03,+32,-,-,-,-,22:13,+45,-,-,-,-,23:23,+55
1709-Sep-19,N, 0.064,-1.014,05:22,+11,-,-,-,-,06:01,+03,-,-,-,-,06:40,-06
1710-Feb-14,P, 1.804, 0.833,01:51,+68,02:52,+56,-,-,04:20,+37,-,-,05:48,+18,06:50,+05
1711-Feb-03,T, 2.646, 1.631,15:12,-33,16:13,-23,17:13,-12,18:01,-02,18:50,+08,19:50,+21,20:50,+34
1711-Jul-29,T, 2.481, 1.489,20:32,+16,21:32,+26,22:34,+35,23:20,+40,00:06,+43,01:08,+43,02:08,+39
1712-Jan-23,P, 1.327, 0.254,22:44,+63,00:19,+81,-,-,01:17,+78,-,-,02:15,+66,03:50,+46
1712-Dec-13,N, 0.160,-0.940,05:22,+22,-,-,-,-,06:24,+10,-,-,-,-,07:25,-02
1713-Jan-12,N, 0.054,-1.051,01:08,+79,-,-,-,-,01:45,+72,-,-,-,-,02:21,+64
1713-Jun-08,P, 1.269, 0.309,21:43,+26,22:59,+35,-,-,23:58,+38,-,-,00:57,+38,02:13,+33
1713-Dec-02,P, 1.470, 0.415,06:12,+09,07:35,-07,-,-,08:47,-20,-,-,09:59,-31,11:22,-39
1714-Nov-21,T, 2.780, 1.784,15:46,-20,16:44,-10,17:42,+02,18:32,+12,19:21,+22,20:19,+35,21:17,+47
1715-May-18,P, 1.653, 0.591,15:12,-50,16:33,-33,-,-,17:59,-15,-,-,19:25,+03,20:46,+18
1716-Apr-07,N, 0.207,-0.861,01:44,+50,-,-,-,-,02:52,+40,-,-,-,-,04:01,+27
1716-May-06,N, 0.291,-0.783,17:06,-24,-,-,-,-,18:28,-07,-,-,-,-,19:49,+10
1716-Oct-30,N, 0.419,-0.561,23:47,+75,-,-,-,-,01:12,+70,-,-,-,-,02:37,+53
1717-Mar-27,P, 1.619, 0.601,06:08,+02,07:21,-14,-,-,08:44,-31,-,-,10:06,-48,11:19,-61
1717-Sep-20,P, 1.655, 0.606,20:41,+31,21:59,+46,-,-,23:24,+59,-,-,00:49,+62,02:07,+53
1718-Mar-16,T, 2.730, 1.758,18:43,+03,19:38,+15,20:35,+27,21:24,+37,22:14,+47,23:11,+56,00:06,+62
1718-Sep-09,T, 2.782, 1.702,22:15,+45,23:25,+54,00:30,+57,01:22,+54,02:15,+48,03:20,+37,04:30,+23
1719-Aug-29,P, 1.426, 0.364,23:15,+49,00:44,+52,-,-,01:54,+47,-,-,03:04,+37,04:33,+21
1720-Feb-24,N, 0.166,-0.832,03:23,+48,-,-,-,-,04:18,+36,-,-,-,-,05:14,+24
1720-Jul-19,N, 0.760,-0.216,20:32,+15,-,-,-,-,22:25,+33,-,-,-,-,00:18,+43
1721-Jan-13,P, 1.697, 0.609,17:49,+00,19:11,+17,-,-,20:38,+35,-,-,22:05,+54,23:27,+72
1722-Jan-02,T, 2.877, 1.771,16:53,-09,18:05,+05,19:10,+18,20:03,+29,20:55,+40,22:00,+54,23:12,+70
1722-Jun-29,T, 2.145, 1.194,04:43,+08,05:40,-02,06:48,-16,07:19,-22,07:50,-28,08:59,-42,09:55,-54
1722-Dec-22,P, 1.619, 0.548,18:16,+09,19:37,+25,-,-,20:58,+43,-,-,22:20,+60,23:41,+78
1723-Jun-18,N, 0.707,-0.290,19:23,+01,-,-,-,-,21:15,+20,-,-,-,-,23:08,+34
1723-Nov-12,N, 0.298,-0.684,16:00,-21,-,-,-,-,17:12,-07,-,-,-,-,18:25,+08
1723-Dec-12,N, 0.417,-0.594,03:28,+46,-,-,-,-,04:56,+28,-,-,-,-,06:23,+10
1725-Oct-21,T, 2.821, 1.830,21:19,+47,22:16,+58,23:14,+69,00:05,+74,00:55,+71,01:53,+62,02:50,+50
1726-Apr-16,P, 1.622, 0.597,15:59,-37,17:13,-21,-,-,18:36,-03,-,-,19:59,+14,21:14,+28
1727-Mar-07,N, 0.530,-0.436,19:13,+10,-,-,-,-,20:46,+30,-,-,-,-,22:20,+49
1727-Apr-06,N, 0.351,-0.625,04:53,+16,-,-,-,-,06:12,-01,-,-,-,-,07:30,-18
1727-Aug-31,N, 0.288,-0.791,19:20,+06,-,-,-,-,20:42,+23,-,-,-,-,22:03,+38
1728-Aug-19,P, 1.676, 0.629,19:34,+07,20:52,+23,-,-,22:18,+38,-,-,23:45,+48,01:03,+49
1729-Feb-13,T, 2.671, 1.655,23:38,+71,00:38,+76,01:38,+70,02:28,+61,03:17,+51,04:17,+38,05:17,+25
1729-Aug-09,T, 2.614, 1.623,03:47,+24,04:46,+13,05:46,+01,06:35,-09,07:24,-19,08:24,-32,09:23,-44
1730-Feb-03,P, 1.345, 0.270,06:51,+03,08:25,-16,-,-,09:26,-27,-,-,10:26,-37,12:00,-47
1730-Jul-29,P, 1.250, 0.302,19:07,-01,20:22,+14,-,-,21:20,+24,-,-,22:17,+34,23:32,+42
1731-Jun-20,P, 1.131, 0.169,05:09,+03,06:35,-14,-,-,07:20,-23,-,-,08:04,-32,09:30,-49
1731-Dec-13,P, 1.460, 0.407,14:34,-30,15:57,-18,-,-,17:08,-05,-,-,18:19,+09,19:42,+26
1732-Jun-08,T, 2.518, 1.505,16:43,-32,17:45,-19,18:49,-06,19:36,+03,20:23,+12,21:27,+22,22:29,+31
1732-Dec-02,T, 2.764, 1.768,00:24,+84,01:22,+73,02:20,+61,03:10,+50,03:59,+39,04:57,+27,05:55,+15
1733-May-28,P, 1.794, 0.732,21:47,+29,23:04,+38,-,-,00:38,+41,-,-,02:12,+35,03:29,+24
1733-Nov-21,P, 1.702, 0.734,15:44,-21,16:47,-10,-,-,18:11,+07,-,-,19:34,+25,20:37,+38
1734-May-17,N, 0.425,-0.645,23:30,+43,-,-,-,-,01:08,+43,-,-,-,-,02:45,+33
1734-Oct-12,N, 0.312,-0.691,21:21,+46,-,-,-,-,22:38,+61,-,-,-,-,23:55,+71
1735-Apr-07,P, 1.541, 0.529,13:55,-61,15:09,-47,-,-,16:27,-31,-,-,17:44,-15,18:59,+01
1735-Oct-02,P, 1.569, 0.513,04:08,+28,05:29,+11,-,-,06:49,-07,-,-,08:09,-23,09:30,-39
1736-Mar-27,T, 2.790, 1.822,02:54,+43,03:49,+33,04:46,+21,05:36,+10,06:25,+00,07:22,-13,08:17,-24
1736-Sep-20,T, 2.893, 1.809,05:13,+12,06:23,-03,07:28,-17,08:21,-28,09:14,-39,10:19,-51,11:29,-61
1737-Mar-16,P, 1.515, 0.554,19:31,+14,20:37,+28,-,-,21:52,+43,-,-,23:07,+56,00:13,+63
1738-Feb-04,N, 0.460,-0.575,22:25,+57,-,-,-,-,23:59,+74,-,-,-,-,01:33,+73
1738-Jul-31,N, 0.635,-0.339,03:59,+21,-,-,-,-,05:43,+02,-,-,-,-,07:27,-20
1739-Jan-25,P, 1.678, 0.589,01:55,+69,03:18,+51,-,-,04:44,+33,-,-,06:10,+14,07:33,-03
1739-Jul-20,T, 2.026, 1.084,19:07,-02,20:03,+09,21:18,+23,21:39,+26,22:00,+29,23:15,+38,00:11,+42
1740-Jan-14,T, 2.893, 1.789,00:54,+82,02:06,+68,03:11,+53,04:03,+42,04:56,+31,06:01,+17,07:13,+02
1741-Jan-02,P, 1.630, 0.562,02:34,+60,03:55,+43,-,-,05:17,+25,-,-,06:39,+08,07:59,-07
1741-Jun-29,N, 0.843,-0.157,02:16,+31,-,-,-,-,04:18,+14,-,-,-,-,06:19,-09
1741-Nov-23,N, 0.280,-0.702,00:39,+80,-,-,-,-,01:49,+67,-,-,-,-,03:00,+52
1742-May-19,P, 1.271, 0.200,17:54,-15,19:35,+06,-,-,20:28,+16,-,-,21:22,+25,23:03,+39
1742-Nov-12,P, 1.518, 0.552,15:10,-29,16:17,-17,-,-,17:32,-02,-,-,18:46,+13,19:53,+28
1743-May-08,T, 2.648, 1.583,17:51,-14,19:00,+00,20:05,+13,20:56,+22,21:46,+31,22:52,+39,00:00,+44
1743-Nov-02,T, 2.779, 1.783,05:36,+12,06:34,-01,07:32,-12,08:22,-22,09:12,-30,10:11,-39,11:08,-45
1744-Apr-26,P, 1.728, 0.709,23:19,+46,00:30,+48,-,-,01:59,+42,-,-,03:27,+29,04:39,+15
1744-Oct-21,P, 1.595, 0.546,15:17,-31,16:35,-16,-,-,17:56,+01,-,-,19:17,+19,20:36,+36
1745-Mar-18,N, 0.479,-0.484,03:38,+39,-,-,-,-,05:07,+20,-,-,-,-,06:36,+01
1745-Sep-11,N, 0.172,-0.909,02:28,+45,-,-,-,-,03:32,+34,-,-,-,-,04:36,+21
1745-Oct-10,N, 0.239,-0.849,19:12,+17,-,-,-,-,20:27,+33,-,-,-,-,21:41,+49
1746-Mar-07,P, 1.724, 0.755,18:54,+06,19:57,+20,-,-,21:22,+38,-,-,22:47,+55,23:50,+64
1746-Aug-31,P, 1.554, 0.507,02:38,+40,03:59,+26,-,-,05:18,+10,-,-,06:37,-07,07:58,-24
1748-Feb-14,P, 1.371, 0.296,14:52,-39,16:25,-23,-,-,17:28,-11,-,-,18:31,+02,20:04,+22
1748-Aug-09,P, 1.377, 0.429,02:36,+36,03:46,+25,-,-,04:53,+13,-,-,06:01,-01,07:10,-15
1749-Jan-03,N, 0.140,-0.959,21:35,+50,-,-,-,-,22:33,+62,-,-,-,-,23:30,+75
1749-Feb-02,N, 0.093,-1.010,16:52,-16,-,-,-,-,17:39,-07,-,-,-,-,18:27,+03
1749-Jul-29,N, 0.064,-0.884,21:27,+27,-,-,-,-,22:01,+32,-,-,-,-,22:35,+37
1749-Dec-23,P, 1.453, 0.402,22:58,+71,00:22,+87,-,-,01:32,+75,-,-,02:42,+60,04:06,+42
1750-Jun-19,T, 2.374, 1.357,23:40,+38,00:44,+38,01:51,+35,02:33,+30,03:15,+25,04:22,+14,05:25,+03
1751-Jun-09,P, 1.945, 0.882,04:16,+14,05:31,+00,-,-,07:12,-21,-,-,08:52,-42,10:07,-58
1751-Dec-03,P, 1.720, 0.751,00:30,+83,01:32,+71,-,-,02:57,+53,-,-,04:21,+35,05:23,+21
1752-Oct-23,N, 0.255,-0.754,05:33,+12,-,-,-,-,06:43,-02,-,-,-,-,07:53,-16
1752-Nov-21,N, 0.470,-0.519,16:44,-11,-,-,-,-,18:14,+07,-,-,-,-,19:44,+26
1753-Apr-17,P, 1.451, 0.445,21:35,+34,22:51,+45,-,-,00:03,+51,-,-,01:15,+49,02:32,+41
1754-Oct-01,T, 2.814, 1.727,12:20,-61,13:31,-55,14:36,-45,15:28,-36,16:21,-25,17:26,-11,18:37,+04
1755-Mar-28,P, 1.576, 0.618,03:43,+34,04:48,+21,-,-,06:06,+04,-,-,07:25,-13,08:29,-27
1755-Sep-20,P, 1.652, 0.589,13:18,-62,14:39,-49,-,-,16:04,-32,-,-,17:29,-14,18:50,+04
1756-Feb-16,N, 0.428,-0.607,06:46,+02,-,-,-,-,08:18,-17,-,-,-,-,09:49,-34
1756-Mar-16,N, 0.241,-0.758,19:40,+15,-,-,-,-,20:48,+29,-,-,-,-,21:55,+43
1756-Sep-08,N, 0.355,-0.651,21:27,+35,-,-,-,-,22:49,+49,-,-,-,-,00:12,+56
1757-Jul-31,P, 1.896, 0.953,02:40,+34,03:38,+25,-,-,05:10,+08,-,-,06:42,-10,07:39,-22
1758-Jul-20,T, 2.417, 1.462,19:27,+02,20:22,+13,21:22,+23,22:06,+30,22:51,+35,23:51,+40,00:46,+42
1760-Jan-02,N, 0.441,-0.566,20:48,+40,-,-,-,-,22:17,+59,-,-,-,-,23:46,+79
1760-May-30,P, 1.123, 0.053,00:35,+42,02:35,+32,-,-,03:03,+28,-,-,03:32,+23,05:31,+02
1760-Nov-22,P, 1.493, 0.524,23:51,+81,00:58,+77,-,-,02:11,+62,-,-,03:24,+46,04:32,+32
1761-May-19,T, 2.510, 1.449,00:39,+43,01:47,+38,02:55,+30,03:42,+22,04:29,+14,05:36,+01,06:45,-13
1761-Nov-12,T, 2.746, 1.745,13:59,-39,14:57,-30,15:56,-20,16:46,-11,17:35,-01,18:34,+11,19:32,+24
1762-Nov-01,P, 1.646, 0.590,23:08,+72,00:26,+77,-,-,01:50,+64,-,-,03:13,+46,04:32,+29
1763-Apr-27,N, 0.537,-0.428,20:15,+17,-,-,-,-,21:50,+33,-,-,-,-,23:25,+45
1763-Oct-22,N, 0.307,-0.784,02:28,+53,-,-,-,-,03:53,+35,-,-,-,-,05:17,+17
1764-Mar-18,P, 1.666, 0.698,03:14,+43,04:18,+30,-,-,05:41,+12,-,-,07:04,-06,08:08,-20
1765-Mar-07,T, 2.748, 1.732,16:08,-29,17:08,-17,18:08,-05,18:59,+06,19:49,+17,20:49,+30,21:50,+42
1765-Aug-30,T, 2.851, 1.863,18:38,-02,19:36,+11,20:35,+23,21:25,+32,22:16,+41,23:15,+50,00:13,+54
1766-Feb-24,P, 1.406, 0.332,22:45,+58,00:16,+71,-,-,01:23,+69,-,-,02:29,+58,04:00,+39
1767-Jan-15,N, 0.128,-0.968,05:43,+21,-,-,-,-,06:38,+09,-,-,-,-,07:33,-02
1767-Feb-14,N, 0.124,-0.976,00:34,+75,-,-,-,-,01:29,+71,-,-,-,-,02:24,+61
1767-Jul-11,N, 0.851,-0.116,20:00,+07,-,-,-,-,21:57,+26,-,-,-,-,23:54,+38
1767-Aug-10,N, 0.183,-0.769,04:36,+16,-,-,-,-,05:33,+05,-,-,-,-,06:29,-07
1768-Dec-23,T, 2.745, 1.752,17:53,+04,18:50,+15,19:48,+27,20:37,+38,21:26,+48,22:24,+61,23:21,+73
1770-Dec-03,N, 0.483,-0.510,01:21,+73,-,-,-,-,02:52,+54,-,-,-,-,04:24,+34
1771-Apr-29,P, 1.351, 0.352,05:10,+07,06:29,-09,-,-,07:34,-23,-,-,08:38,-37,09:58,-54
1771-Oct-23,P, 1.432, 0.365,19:22,+22,20:51,+41,-,-,22:00,+56,-,-,23:09,+69,00:38,+74
1772-Apr-17,T, 2.725, 1.766,18:54,+02,19:48,+13,20:45,+24,21:34,+33,22:24,+41,23:21,+48,00:15,+51
1772-Oct-11,T, 2.734, 1.643,19:36,+22,20:47,+37,21:53,+51,22:44,+61,23:36,+68,00:42,+70,01:53,+60
1773-Sep-30,P, 1.747, 0.683,20:35,+32,21:53,+47,-,-,23:23,+62,-,-,00:53,+64,02:11,+54
1774-Mar-28,N, 0.295,-0.703,03:34,+37,-,-,-,-,04:49,+21,-,-,-,-,06:03,+06
1774-Aug-21,N, 0.409,-0.564,19:11,+04,-,-,-,-,20:36,+21,-,-,-,-,22:01,+37
1774-Sep-20,N, 0.454,-0.552,04:55,+16,-,-,-,-,06:27,-03,-,-,-,-,07:59,-23
1775-Feb-15,P, 1.620, 0.531,17:53,-05,19:18,+13,-,-,20:41,+31,-,-,22:03,+49,23:28,+66
1776-Feb-04,T, 2.885, 1.785,16:51,-15,18:02,-01,19:07,+12,20:00,+24,20:52,+35,21:57,+49,23:08,+64
1776-Jul-31,T, 2.550, 1.591,02:50,+32,03:46,+23,04:44,+13,05:32,+04,06:19,-06,07:18,-18,08:13,-29
1777-Jan-23,P, 1.655, 0.594,19:12,+16,20:30,+33,-,-,21:54,+51,-,-,23:18,+69,00:36,+82
1777-Jul-20,P, 1.117, 0.109,16:01,-42,17:41,-21,-,-,18:18,-14,-,-,18:57,-06,20:36,+13
1777-Dec-14,N, 0.264,-0.718,18:10,+07,-,-,-,-,19:19,+21,-,-,-,-,20:27,+35
1778-Jan-13,N, 0.452,-0.552,05:29,+23,-,-,-,-,06:59,+04,-,-,-,-,08:29,-13
1779-Nov-23,T, 2.723, 1.717,22:27,+66,23:26,+78,00:25,+83,01:14,+74,02:04,+64,03:03,+51,04:02,+39
1781-Apr-08,N, 0.339,-0.616,20:09,+18,-,-,-,-,21:25,+33,-,-,-,-,22:40,+46
1781-May-08,N, 0.646,-0.315,03:48,+21,-,-,-,-,05:31,+01,-,-,-,-,07:14,-20
1782-Sep-21,P, 1.350, 0.303,17:15,-15,18:44,+04,-,-,19:47,+18,-,-,20:50,+31,22:19,+48
1783-Mar-19,T, 2.805, 1.789,00:10,+64,01:11,+62,02:10,+55,03:01,+45,03:52,+35,04:52,+23,05:53,+10
1783-Sep-11,T, 2.747, 1.759,02:16,+46,03:14,+36,04:13,+25,05:03,+15,05:53,+04,06:52,-08,07:50,-21
1784-Mar-07,P, 1.454, 0.379,06:30,+02,07:59,-17,-,-,09:09,-32,-,-,10:20,-45,11:49,-57
1784-Aug-30,P, 1.610, 0.660,17:52,-11,18:55,+02,-,-,20:16,+19,-,-,21:36,+35,22:39,+46
1785-Jul-22,N, 0.713,-0.257,03:26,+24,-,-,-,-,05:15,+06,-,-,-,-,07:05,-16
1786-Jan-14,P, 1.442, 0.398,15:54,-22,17:16,-07,-,-,18:26,+06,-,-,19:35,+21,20:58,+38
1787-Jan-04,T, 2.738, 1.746,02:40,+59,03:37,+47,04:34,+34,05:23,+24,06:12,+14,07:10,+02,08:07,-09
1787-Jun-30,T, 2.259, 1.195,17:08,-27,18:19,-13,19:35,+02,20:09,+09,20:44,+15,22:00,+27,23:11,+36
1787-Dec-24,P, 1.740, 0.770,18:11,+07,19:13,+20,-,-,20:38,+38,-,-,22:03,+56,23:05,+69
1788-Jun-18,N, 0.873,-0.188,18:32,-09,-,-,-,-,20:45,+16,-,-,-,-,22:58,+35
1788-Nov-13,N, 0.173,-0.847,22:14,+62,-,-,-,-,23:12,+75,-,-,-,-,00:11,+83
1789-Nov-03,P, 1.382, 0.309,03:10,+45,04:43,+25,-,-,05:47,+11,-,-,06:51,-02,08:23,-20
1790-Apr-29,T, 2.623, 1.668,02:44,+35,03:38,+26,04:35,+15,05:23,+05,06:12,-05,07:09,-17,08:03,-28
1790-Oct-23,T, 2.668, 1.573,03:02,+45,04:14,+30,05:20,+15,06:10,+04,07:01,-06,08:07,-19,09:19,-33
1791-Apr-18,P, 1.733, 0.778,19:44,+12,20:45,+25,-,-,22:11,+40,-,-,23:37,+50,00:39,+52
1791-Oct-12,P, 1.826, 0.761,04:03,+30,05:19,+14,-,-,06:53,-06,-,-,08:27,-26,09:43,-40
1792-Mar-08,N, 0.335,-0.701,23:10,+59,-,-,-,-,00:32,+66,-,-,-,-,01:54,+59
1792-Sep-01,N, 0.309,-0.663,02:58,+38,-,-,-,-,04:12,+25,-,-,-,-,05:27,+09
1793-Feb-26,P, 1.578, 0.490,01:43,+65,03:09,+49,-,-,04:29,+32,-,-,05:49,+14,07:16,-04
1793-Aug-21,P, 1.658, 0.712,18:01,-11,19:02,+02,-,-,20:25,+19,-,-,21:48,+34,22:50,+44
1794-Feb-15,T, 2.851, 1.755,00:43,+76,01:54,+67,02:59,+54,03:51,+43,04:43,+31,05:48,+17,06:59,+02
1795-Feb-04,P, 1.673, 0.617,03:27,+49,04:45,+32,-,-,06:09,+14,-,-,07:34,-04,08:52,-19
1795-Jul-31,P, 1.251, 0.239,22:57,+38,00:25,+43,-,-,01:20,+42,-,-,02:16,+37,03:44,+25
1795-Dec-26,N, 0.259,-0.721,03:00,+54,-,-,-,-,04:07,+39,-,-,-,-,05:15,+25
1796-Dec-14,P, 1.465, 0.491,17:26,-02,18:35,+12,-,-,19:46,+27,-,-,20:58,+42,22:07,+57
1797-Jun-09,T, 2.212, 1.159,14:02,-67,15:12,-52,16:29,-36,17:00,-29,17:31,-23,18:48,-07,19:58,+06
1798-May-29,T, 2.101, 1.099,20:52,+20,21:55,+29,23:13,+37,23:37,+39,00:01,+40,01:19,+38,02:23,+33
1798-Nov-23,P, 1.713, 0.647,15:10,-26,16:28,-12,-,-,17:55,+05,-,-,19:22,+23,20:40,+40
1799-Apr-20,N, 0.251,-0.700,04:16,+22,-,-,-,-,05:22,+09,-,-,-,-,06:27,-05
1799-Nov-12,N, 0.409,-0.690,17:31,+00,-,-,-,-,19:08,+20,-,-,-,-,20:45,+41
1800-Apr-09,P, 1.516, 0.550,19:33,+11,20:40,+25,-,-,21:56,+39,-,-,23:11,+50,00:19,+55
1800-Oct-03,P, 1.267, 0.220,00:48,+64,02:22,+51,-,-,03:16,+40,-,-,04:11,+29,05:45,+09
1802-Mar-19,P, 1.516, 0.442,14:03,-55,15:29,-40,-,-,16:45,-25,-,-,18:01,-09,19:27,+10
1802-Sep-12,P, 1.713, 0.762,01:40,+52,02:42,+43,-,-,04:07,+27,-,-,05:32,+09,06:33,-04
1803-Feb-06,N, 0.092,-0.998,21:54,+49,-,-,-,-,22:40,+59,-,-,-,-,23:27,+69
1803-Sep-01,N, 0.400,-0.559,19:26,+10,-,-,-,-,20:49,+27,-,-,-,-,22:12,+42
1804-Jan-27,P, 1.432, 0.392,00:20,+82,01:42,+73,-,-,02:51,+59,-,-,04:00,+44,05:22,+26
1804-Jul-22,P, 1.928, 0.901,20:20,+12,21:30,+24,-,-,23:08,+37,-,-,00:46,+42,01:55,+39
1805-Jul-11,T, 2.421, 1.355,23:31,+38,00:41,+40,01:51,+37,02:35,+32,03:18,+26,04:28,+15,05:39,+02
1806-Jan-05,P, 1.746, 0.775,03:04,+53,04:07,+40,-,-,05:32,+22,-,-,06:57,+04,07:59,-08
1806-Jul-01,N, 1.032,-0.028,00:53,+39,-,-,-,-,03:14,+26,-,-,-,-,05:36,+01
1806-Nov-26,N, 0.145,-0.880,06:42,+03,-,-,-,-,07:35,-08,-,-,-,-,08:29,-17
1806-Dec-25,N, 0.492,-0.507,18:45,+14,-,-,-,-,20:18,+33,-,-,-,-,21:51,+53
1807-May-21,P, 1.123, 0.135,20:06,+12,21:38,+27,-,-,22:19,+33,-,-,23:00,+37,00:33,+41
1809-Apr-30,P, 1.828, 0.873,03:33,+27,04:33,+16,-,-,06:03,-03,-,-,07:33,-22,08:32,-34
1810-Apr-19,N, 0.441,-0.557,18:54,+01,-,-,-,-,20:24,+20,-,-,-,-,21:54,+36
1810-Oct-12,N, 0.617,-0.389,20:24,+31,-,-,-,-,22:09,+53,-,-,-,-,23:54,+68
1811-Sep-03,P, 1.552, 0.604,01:50,+48,02:54,+39,-,-,04:12,+25,-,-,05:29,+09,06:33,-05
1812-Aug-22,T, 2.800, 1.832,17:48,-14,18:43,-02,19:41,+09,20:31,+20,21:21,+29,22:19,+39,23:14,+46
1814-Feb-04,N, 0.484,-0.512,22:44,+62,-,-,-,-,00:17,+79,-,-,-,-,01:49,+72
1814-Jul-02,N, 0.650,-0.420,20:23,+13,-,-,-,-,22:21,+31,-,-,-,-,00:20,+40
1814-Dec-27,P, 1.457, 0.483,02:18,+63,03:27,+48,-,-,04:38,+33,-,-,05:49,+18,06:58,+04
1815-Jun-21,T, 2.058, 1.008,20:41,+16,21:53,+27,23:29,+37,23:36,+38,23:44,+38,01:20,+38,02:31,+32
1815-Dec-16,T, 2.699, 1.685,15:36,-21,16:36,-11,17:36,+00,18:25,+10,19:14,+20,20:14,+32,21:13,+45
1816-Jun-10,T, 2.239, 1.241,03:58,+16,04:59,+05,06:09,-08,06:44,-15,07:20,-22,08:29,-37,09:31,-50
1816-Dec-04,P, 1.734, 0.664,23:19,+77,00:37,+83,-,-,02:05,+65,-,-,03:33,+46,04:51,+29
1817-May-30,N, 0.888,-0.065,18:40,-06,-,-,-,-,20:37,+15,-,-,-,-,22:34,+32
1817-Nov-24,N, 0.444,-0.658,01:16,+73,-,-,-,-,02:57,+52,-,-,-,-,04:37,+30
1818-Apr-21,P, 1.422, 0.457,03:30,+30,04:40,+17,-,-,05:50,+02,-,-,07:00,-13,08:11,-28
1819-Apr-10,T, 2.775, 1.757,15:45,-39,16:46,-26,17:47,-13,18:38,-02,19:29,+08,20:29,+21,21:30,+32
1819-Oct-03,T, 2.575, 1.587,17:58,-03,18:56,+10,19:56,+23,20:43,+33,21:31,+43,22:31,+55,23:28,+64
1820-Mar-29,P, 1.589, 0.517,21:28,+37,22:51,+51,-,-,00:13,+58,-,-,01:34,+55,02:58,+42
1821-Feb-17,N, 0.063,-1.023,05:57,+15,-,-,-,-,06:35,+07,-,-,-,-,07:13,-01
1821-Mar-18,N, 0.281,-0.810,22:54,+54,-,-,-,-,00:15,+62,-,-,-,-,01:36,+58
1821-Aug-13,N, 0.450,-0.529,18:27,-09,-,-,-,-,19:57,+09,-,-,-,-,21:26,+26
1821-Sep-12,N, 0.497,-0.467,03:03,+39,-,-,-,-,04:35,+21,-,-,-,-,06:06,+02
1822-Aug-03,P, 1.785, 0.753,03:15,+28,04:28,+16,-,-,06:00,-02,-,-,07:32,-21,08:45,-36
1823-Jan-26,T, 2.717, 1.731,20:12,+29,21:08,+41,22:06,+54,22:55,+64,23:44,+74,00:41,+81,01:38,+75
1825-Jan-05,N, 0.494,-0.508,03:28,+48,-,-,-,-,05:02,+28,-,-,-,-,06:35,+08
1825-Jun-01,P, 0.998, 0.015,03:29,+21,05:22,+01,-,-,05:36,-01,-,-,05:50,-04,07:43,-27
1825-Nov-25,P, 1.314, 0.231,19:05,+21,20:43,+42,-,-,21:39,+54,-,-,22:36,+66,00:14,+85
1826-May-21,T, 2.394, 1.446,18:08,-12,19:02,-01,20:02,+10,20:45,+18,21:29,+25,22:28,+34,23:23,+39
1826-Nov-14,T, 2.571, 1.471,18:18,+10,19:30,+25,20:38,+40,21:26,+51,22:14,+61,23:22,+75,00:34,+81
1827-Nov-03,P, 1.946, 0.880,19:30,+24,20:44,+40,-,-,22:22,+61,-,-,00:00,+77,01:13,+72
1828-Apr-30,N, 0.532,-0.467,02:20,+40,-,-,-,-,03:58,+23,-,-,-,-,05:37,+04
1828-Sep-23,N, 0.142,-0.830,18:58,+09,-,-,-,-,19:50,+20,-,-,-,-,20:40,+31
1828-Oct-23,N, 0.679,-0.326,04:25,+27,-,-,-,-,06:15,+03,-,-,-,-,08:04,-19
1829-Mar-20,P, 1.453, 0.368,16:56,-22,18:27,-02,-,-,19:38,+13,-,-,20:49,+28,22:20,+46
1830-Mar-09,T, 2.751, 1.663,16:06,-30,17:16,-16,18:21,-02,19:13,+09,20:04,+20,21:10,+34,22:20,+48
1830-Sep-03,T, 2.776, 1.803,01:24,+51,02:20,+44,03:18,+35,04:08,+25,04:58,+15,05:56,+03,06:52,-09
1831-Feb-26,P, 1.735, 0.690,19:44,+19,20:58,+35,-,-,22:26,+53,-,-,23:54,+68,01:09,+71
1832-Jan-17,N, 0.253,-0.724,20:42,+36,-,-,-,-,21:48,+50,-,-,-,-,22:54,+64
1832-Jul-13,N, 0.493,-0.577,03:01,+29,-,-,-,-,04:46,+11,-,-,-,-,06:31,-09
1832-Aug-11,N, 0.066,-1.000,19:05,-01,-,-,-,-,19:45,+07,-,-,-,-,20:24,+15
1833-Jul-02,P, 1.904, 0.857,03:22,+24,04:35,+11,-,-,06:13,-07,-,-,07:51,-27,09:04,-43
1833-Dec-27,T, 2.692, 1.675,00:14,+86,01:14,+78,02:14,+65,03:03,+54,03:52,+44,04:52,+31,05:52,+18
1835-May-12,N, 0.049,-0.897,20:29,+17,-,-,-,-,20:59,+23,-,-,-,-,21:28,+28
1835-Jun-11,P, 1.018, 0.068,02:03,+33,03:37,+20,-,-,04:06,+15,-,-,04:34,+10,06:09,-07
1836-Oct-24,P, 1.143, 0.097,16:23,-19,18:08,+03,-,-,18:45,+11,-,-,19:21,+19,21:06,+42
1837-Apr-20,T, 2.677, 1.660,23:18,+49,00:19,+51,01:21,+49,02:11,+43,03:01,+36,04:02,+24,05:04,+12
1837-Oct-14,T, 2.507, 1.519,02:03,+56,03:01,+44,04:01,+32,04:47,+22,05:33,+12,06:33,-01,07:31,-13
1838-Apr-10,P, 1.679, 0.608,04:41,+18,06:02,+01,-,-,07:29,-18,-,-,08:56,-37,10:17,-54
1838-Oct-03,P, 1.885, 0.929,17:41,-06,18:40,+07,-,-,20:11,+27,-,-,21:42,+46,22:41,+57
1839-Mar-30,N, 0.360,-0.727,06:02,+03,-,-,-,-,07:33,-17,-,-,-,-,09:04,-37
1839-Aug-25,N, 0.328,-0.656,02:04,+43,-,-,-,-,03:22,+32,-,-,-,-,04:40,+18
1840-Feb-17,P, 1.392, 0.362,17:04,-15,18:26,+02,-,-,19:32,+16,-,-,20:39,+30,22:01,+48
1841-Feb-06,T, 2.700, 1.718,04:55,+29,05:51,+16,06:48,+04,07:37,-06,08:26,-16,09:23,-26,10:20,-36
1842-Jan-26,P, 1.763, 0.793,20:46,+37,21:48,+50,-,-,23:14,+68,-,-,00:40,+81,01:42,+73
1842-Dec-17,N, 0.108,-0.925,23:45,+81,-,-,-,-,00:32,+87,-,-,-,-,01:20,+77
1843-Jul-11,N, 0.023,-0.983,21:58,+29,-,-,-,-,22:20,+32,-,-,-,-,22:41,+35
1843-Dec-07,P, 1.290, 0.203,03:07,+50,04:48,+28,-,-,05:41,+17,-,-,06:35,+06,08:16,-13
1844-Jun-01,T, 2.271, 1.326,01:45,+36,02:39,+29,03:42,+20,04:21,+14,04:59,+07,06:02,-05,06:57,-16
1844-Nov-25,T, 2.538, 1.436,02:07,+62,03:20,+46,04:28,+31,05:15,+21,06:01,+11,07:10,-02,08:22,-16
1845-May-21,T, 2.049, 1.096,18:50,-03,19:48,+08,21:02,+22,21:24,+25,21:47,+29,23:01,+38,23:59,+42
1845-Nov-14,P, 1.987, 0.922,03:28,+42,04:40,+26,-,-,06:20,+05,-,-,07:59,-14,09:12,-27
1846-Apr-11,N, 0.100,-0.937,22:55,+47,-,-,-,-,23:41,+51,-,-,-,-,00:28,+53
1846-Oct-05,N, 0.078,-0.895,03:14,+41,-,-,-,-,03:52,+33,-,-,-,-,04:29,+25
1847-Apr-01,P, 1.368, 0.286,00:18,+58,01:54,+52,-,-,02:57,+42,-,-,04:00,+30,05:36,+10
1847-Sep-24,P, 1.371, 0.418,17:47,-06,18:57,+09,-,-,20:04,+23,-,-,21:10,+37,22:20,+50
1848-Mar-19,T, 2.682, 1.599,23:36,+60,00:46,+63,01:51,+57,02:42,+49,03:33,+39,04:38,+25,05:48,+10
1849-Mar-09,P, 1.780, 0.741,03:43,+39,04:55,+24,-,-,06:26,+04,-,-,07:56,-15,09:08,-30
1849-Sep-02,P, 1.624, 0.594,20:01,+17,21:17,+32,-,-,22:40,+46,-,-,00:04,+54,01:19,+53
1850-Jan-28,N, 0.244,-0.731,05:31,+21,-,-,-,-,06:36,+07,-,-,-,-,07:41,-06
1850-Feb-26,N, 0.542,-0.445,15:42,-33,-,-,-,-,17:18,-15,-,-,-,-,18:54,+05
1850-Aug-23,N, 0.200,-0.870,01:17,+48,-,-,-,-,02:25,+41,-,-,-,-,03:33,+30
1851-Jan-17,P, 1.441, 0.464,20:01,+27,21:11,+43,-,-,22:21,+58,-,-,23:30,+72,00:41,+83
1852-Jul-01,T, 2.523, 1.533,18:08,-14,19:07,-03,20:09,+09,20:56,+17,21:43,+24,22:45,+32,23:44,+37
1852-Dec-26,P, 1.759, 0.682,15:45,-20,17:03,-07,-,-,18:33,+11,-,-,20:03,+29,21:21,+46
1853-Dec-15,N, 0.492,-0.614,17:03,-05,-,-,-,-,18:49,+16,-,-,-,-,20:34,+38
1854-May-12,P, 1.203, 0.239,19:03,+01,20:24,+16,-,-,21:16,+26,-,-,22:09,+34,23:29,+42
1854-Nov-05,P, 1.100, 0.054,00:23,+77,02:15,+58,-,-,02:43,+52,-,-,03:10,+47,05:02,+22
1856-Oct-14,P, 1.955, 0.996,01:53,+58,02:51,+46,-,-,04:24,+27,-,-,05:58,+07,06:56,-05
1857-Oct-03,N, 0.658,-0.315,18:43,+08,-,-,-,-,20:27,+31,-,-,-,-,22:11,+53
1858-Feb-28,P, 1.356, 0.332,01:18,+70,02:41,+56,-,-,03:44,+42,-,-,04:48,+29,06:11,+11
1858-Aug-24,P, 1.513, 0.471,17:12,-23,18:34,-05,-,-,19:51,+11,-,-,21:07,+26,22:29,+41
1859-Feb-17,T, 2.673, 1.694,13:32,-49,14:27,-43,15:25,-35,16:13,-26,17:02,-17,17:59,-06,18:55,+06
1859-Aug-13,T, 2.888, 1.815,18:57,-01,20:06,+13,21:11,+25,22:04,+34,22:58,+42,00:02,+47,01:12,+48
1860-Feb-07,P, 1.780, 0.811,05:31,+20,06:33,+07,-,-,08:00,-11,-,-,09:26,-28,10:28,-38
1860-Aug-01,P, 1.500, 0.445,20:14,+13,21:39,+29,-,-,22:55,+39,-,-,00:11,+45,01:36,+43
1861-Jan-26,N, 0.500,-0.505,20:50,+37,-,-,-,-,22:24,+57,-,-,-,-,23:59,+76
1861-Jun-22,N, 0.740,-0.236,18:13,-14,-,-,-,-,20:05,+07,-,-,-,-,21:57,+25
1861-Jul-22,N, 0.170,-0.833,04:22,+16,-,-,-,-,05:21,+05,-,-,-,-,06:19,-06
1863-Jun-02,T, 2.173, 1.219,02:20,+32,03:16,+24,04:23,+13,04:56,+07,05:29,+01,06:36,-12,07:33,-24
1864-May-21,N, 0.748,-0.253,16:47,-29,-,-,-,-,18:42,-06,-,-,-,-,20:37,+17
1864-Nov-13,N, 0.768,-0.237,20:57,+44,-,-,-,-,22:51,+69,-,-,-,-,00:46,+78
1865-Oct-05,P, 1.297, 0.341,01:56,+56,03:09,+42,-,-,04:10,+29,-,-,05:11,+16,06:24,+01
1866-Sep-24,T, 2.590, 1.607,16:52,-19,17:50,-06,18:49,+06,19:37,+17,20:25,+27,21:24,+39,22:22,+50
1867-Sep-14,P, 1.731, 0.696,03:14,+36,04:28,+22,-,-,05:56,+03,-,-,07:25,-16,08:39,-32
1868-Mar-09,N, 0.585,-0.397,00:00,+67,-,-,-,-,01:40,+64,-,-,-,-,03:19,+46
1869-Jan-28,P, 1.427, 0.451,04:49,+30,05:59,+15,-,-,07:08,+01,-,-,08:17,-13,09:28,-26
1869-Jul-23,P, 1.602, 0.560,16:51,-30,18:10,-14,-,-,19:33,+03,-,-,20:56,+19,22:15,+31
1870-Jan-17,T, 2.679, 1.657,17:26,-05,18:27,+07,19:27,+19,20:17,+30,21:06,+40,22:06,+53,23:07,+67
1870-Jul-13,T, 2.664, 1.677,01:16,+39,02:15,+34,03:15,+26,04:04,+18,04:54,+09,05:54,-02,06:52,-14
1871-Jan-06,P, 1.769, 0.689,23:58,+82,01:16,+79,-,-,02:47,+59,-,-,04:17,+39,05:36,+23
1871-Jul-02,P, 1.289, 0.343,16:44,-33,17:57,-18,-,-,18:58,-06,-,-,19:59,+06,21:12,+18
1871-Dec-27,N, 0.507,-0.599,01:03,+81,-,-,-,-,02:50,+57,-,-,-,-,04:37,+34
1872-May-23,P, 1.080, 0.115,02:40,+32,04:11,+17,-,-,04:48,+10,-,-,05:26,+03,06:56,-16
1873-May-12,T, 2.448, 1.429,13:58,-65,15:01,-52,16:06,-39,16:50,-29,17:35,-20,18:40,-06,19:43,+06
1873-Nov-04,T, 2.410, 1.422,18:38,+13,19:37,+25,20:38,+39,21:21,+48,22:04,+58,23:06,+70,00:04,+78
1874-May-01,P, 1.897, 0.828,18:39,-03,19:55,+12,-,-,21:33,+30,-,-,23:11,+43,00:28,+46
1875-Apr-20,N, 0.554,-0.524,19:55,+14,-,-,-,-,21:45,+34,-,-,-,-,23:36,+48
1875-Sep-15,N, 0.111,-0.884,17:41,-12,-,-,-,-,18:28,-02,-,-,-,-,19:14,+08
1875-Oct-15,N, 0.723,-0.256,02:44,+48,-,-,-,-,04:33,+25,-,-,-,-,06:22,+02
1876-Sep-04,P, 1.390, 0.342,00:18,+54,01:46,+49,-,-,02:53,+40,-,-,04:00,+28,05:27,+10
1877-Feb-27,T, 2.639, 1.664,22:04,+50,23:00,+60,23:58,+69,00:46,+71,01:34,+67,02:31,+57,03:27,+46
1877-Aug-24,T, 2.761, 1.685,01:34,+47,02:44,+38,03:49,+27,04:42,+17,05:34,+06,06:39,-07,07:49,-22
1878-Feb-17,P, 1.802, 0.834,14:12,-45,15:13,-37,-,-,16:41,-21,-,-,18:09,-04,19:10,+09
1878-Aug-13,P, 1.646, 0.591,02:53,+34,04:13,+21,-,-,05:38,+04,-,-,07:04,-14,08:24,-31
1879-Jan-08,N, 0.081,-0.959,16:53,-10,-,-,-,-,17:34,-03,-,-,-,-,18:16,+05
1879-Feb-07,N, 0.511,-0.496,05:23,+22,-,-,-,-,06:59,+01,-,-,-,-,08:34,-18
1879-Jul-04,N, 0.610,-0.362,01:38,+35,-,-,-,-,03:21,+24,-,-,-,-,05:03,+07
1879-Dec-28,P, 1.259, 0.166,19:23,+22,21:08,+45,-,-,21:56,+55,-,-,22:45,+66,00:30,+87
1880-Jun-22,T, 2.006, 1.064,16:49,-31,17:45,-20,19:02,-05,19:21,-01,19:39,+02,20:56,+16,21:52,+25
1880-Dec-16,T, 2.495, 1.391,18:02,+07,19:15,+21,20:24,+36,21:09,+46,21:54,+55,23:03,+71,00:16,+85
1881-Dec-05,P, 2.039, 0.975,19:47,+29,20:58,+45,-,-,22:39,+67,-,-,00:19,+85,01:31,+74
1882-Jun-01,N, 0.872,-0.131,23:49,+41,-,-,-,-,01:52,+37,-,-,-,-,03:55,+20
1882-Nov-25,N, 0.797,-0.207,05:25,+17,-,-,-,-,07:21,-06,-,-,-,-,09:17,-27
1883-Apr-22,P, 1.164, 0.085,14:38,-55,16:33,-31,-,-,17:09,-23,-,-,17:44,-16,19:39,+08
1884-Apr-10,T, 2.506, 1.434,14:13,-58,15:23,-45,16:30,-30,17:17,-20,18:03,-10,19:11,+04,20:21,+18
1884-Oct-05,T, 2.515, 1.526,00:47,+65,01:45,+58,02:46,+47,03:32,+37,04:18,+28,05:19,+15,06:17,+02
1885-Mar-30,P, 1.907, 0.880,19:20,+10,20:29,+24,-,-,22:04,+42,-,-,23:40,+56,00:48,+58
1886-Feb-18,N, 0.206,-0.763,22:59,+61,-,-,-,-,23:59,+70,-,-,-,-,00:59,+72
1886-Aug-14,N, 0.049,-1.025,23:38,+48,-,-,-,-,00:12,+49,-,-,-,-,00:46,+50
1887-Aug-03,P, 1.459, 0.419,23:42,+44,01:06,+45,-,-,02:19,+39,-,-,03:32,+28,04:56,+13
1888-Jan-29,T, 2.669, 1.645,01:59,+68,03:01,+55,04:01,+42,04:50,+31,05:39,+21,06:40,+08,07:41,-05
1889-Jul-13,P, 1.426, 0.481,00:06,+39,01:13,+38,-,-,02:24,+33,-,-,03:35,+23,04:42,+12
1890-Jul-02,N, 0.102,-0.844,18:56,-06,-,-,-,-,19:39,+02,-,-,-,-,20:21,+10
1890-Nov-26,P, 1.047, 0.002,16:48,-09,18:59,+17,-,-,19:04,+18,-,-,19:09,+19,21:20,+48
1891-May-23,T, 2.320, 1.300,21:07,+23,22:11,+33,23:20,+40,23:59,+42,00:39,+42,01:47,+38,02:51,+30
1891-Nov-16,T, 2.377, 1.388,03:07,+47,04:05,+34,05:07,+21,05:49,+12,06:30,+04,07:33,-09,08:31,-19
1892-May-12,P, 2.024, 0.956,01:26,+41,02:40,+33,-,-,04:23,+15,-,-,06:07,-05,07:21,-21
1892-Nov-04,T, 2.057, 1.093,18:42,+14,19:39,+27,20:53,+43,21:15,+47,21:37,+52,22:51,+68,23:48,+78
1893-May-01,N, 0.671,-0.402,02:39,+35,-,-,-,-,04:39,+13,-,-,-,-,06:39,-11
1893-Sep-26,N, 0.019,-0.982,01:50,+55,-,-,-,-,02:09,+52,-,-,-,-,02:29,+49
1894-Mar-21,P, 1.255, 0.242,17:29,-14,18:56,+04,-,-,19:51,+16,-,-,20:45,+27,22:12,+45
1895-Mar-11,T, 2.590, 1.620,06:29,+02,07:24,-10,08:22,-22,09:09,-32,09:57,-41,10:54,-51,11:50,-58
1896-Feb-28,P, 1.834, 0.867,22:46,+58,23:47,+67,-,-,01:16,+68,-,-,02:45,+54,03:46,+42
1897-Jan-19,N, 0.066,-0.976,01:26,+78,-,-,-,-,02:03,+70,-,-,-,-,02:41,+62
1897-Aug-12,N, 0.447,-0.552,18:07,-11,-,-,-,-,19:39,+08,-,-,-,-,21:10,+26
1898-Jan-08,P, 1.246, 0.152,03:31,+48,05:18,+25,-,-,06:05,+16,-,-,06:52,+06,08:38,-14
1898-Jul-04,P, 1.869, 0.928,00:18,+39,01:16,+37,-,-,02:47,+29,-,-,04:19,+15,05:17,+05
1898-Dec-28,T, 2.481, 1.378,02:05,+66,03:18,+50,04:28,+35,05:12,+26,05:56,+17,07:06,+03,08:19,-11
1899-Jun-23,T, 2.438, 1.482,17:08,-27,18:03,-16,19:03,-04,19:48,+05,20:33,+13,21:33,+23,22:28,+30
1899-Dec-17,P, 2.054, 0.992,04:04,+38,05:15,+23,-,-,06:56,+02,-,-,08:37,-16,09:48,-28
1900-Dec-06,N, 0.818,-0.185,14:00,-36,-,-,-,-,15:57,-19,-,-,-,-,17:53,+02
1901-May-03,N, 1.043,-0.033,21:37,+31,-,-,-,-,00:01,+46,-,-,-,-,02:25,+37
1901-Oct-27,P, 1.184, 0.221,18:36,+12,19:56,+29,-,-,20:45,+40,-,-,21:35,+51,22:55,+67
1902-Apr-22,T, 2.400, 1.333,21:21,+31,22:30,+42,23:40,+49,00:23,+50,01:05,+49,02:15,+42,03:25,+31
1903-Apr-12,P, 1.988, 0.968,02:58,+38,04:05,+26,-,-,05:43,+06,-,-,07:21,-16,08:28,-30
1903-Oct-06,P, 1.913, 0.865,17:59,-02,19:11,+14,-,-,20:48,+35,-,-,22:24,+54,23:36,+65
1904-Mar-31,N, 0.704,-0.269,16:15,-32,-,-,-,-,18:02,-09,-,-,-,-,19:49,+14
1904-Sep-24,N, 0.544,-0.538,21:15,+37,-,-,-,-,23:05,+57,-,-,-,-,00:54,+61
1905-Feb-19,P, 1.381, 0.405,22:11,+52,23:24,+66,-,-,00:30,+73,-,-,01:36,+69,02:49,+56
1906-Aug-04,T, 2.762, 1.779,15:43,-45,16:41,-32,17:39,-20,18:30,-09,19:21,+01,20:19,+13,21:17,+23
1907-Jan-29,P, 1.794, 0.711,16:17,-20,17:36,-05,-,-,19:08,+13,-,-,20:40,+33,21:58,+50
1908-Jan-18,N, 0.537,-0.568,17:02,-10,-,-,-,-,18:51,+12,-,-,-,-,20:41,+35
1908-Jun-14,N, 0.813,-0.154,17:41,-19,-,-,-,-,19:36,+03,-,-,-,-,21:31,+23
1908-Jul-14,N, 0.229,-0.720,02:01,+34,-,-,-,-,03:04,+27,-,-,-,-,04:07,+17
1908-Dec-08,N, 1.034,-0.010,01:10,+76,-,-,-,-,03:25,+47,-,-,-,-,05:40,+18
1909-Jun-04,T, 2.180, 1.158,04:08,+15,05:14,+03,06:28,-12,06:59,-18,07:29,-24,08:44,-40,09:49,-54
1910-Nov-17,T, 2.090, 1.125,03:17,+45,04:14,+32,05:25,+17,05:51,+12,06:16,+07,07:27,-07,08:25,-18
1911-Nov-06,N, 0.815,-0.173,19:11,+21,-,-,-,-,21:07,+46,-,-,-,-,23:02,+71
1912-Apr-02,P, 1.188, 0.182,01:26,+56,02:56,+43,-,-,03:44,+34,-,-,04:32,+24,06:02,+05
1912-Sep-26,P, 1.178, 0.118,14:48,-45,16:34,-24,-,-,17:15,-15,-,-,17:56,-06,19:42,+17
1913-Mar-22,T, 2.534, 1.568,14:48,-48,15:43,-37,16:41,-26,17:28,-16,18:14,-06,19:12,+06,20:07,+18
1913-Sep-15,T, 2.512, 1.430,15:12,-43,16:23,-28,17:31,-14,18:18,-03,19:05,+07,20:13,+22,21:25,+36
1914-Sep-04,P, 1.913, 0.858,16:33,-28,17:47,-12,-,-,19:25,+09,-,-,21:03,+29,22:16,+43
1915-Mar-01,N, 0.555,-0.453,22:09,+50,-,-,-,-,23:49,+66,-,-,-,-,01:29,+66
1915-Aug-25,N, 0.575,-0.423,01:15,+50,-,-,-,-,02:57,+37,-,-,-,-,04:39,+19
1917-Jul-05,T, 2.576, 1.618,00:27,+39,01:22,+38,02:21,+33,03:09,+26,03:57,+19,04:55,+09,05:50,-01
1917-Dec-28,T, 2.065, 1.006,12:25,-41,13:35,-38,15:10,-27,15:16,-27,15:22,-26,16:57,-10,18:08,+04
1918-Dec-17,N, 0.834,-0.168,22:38,+67,-,-,-,-,00:36,+84,-,-,-,-,02:33,+61
1919-May-15,N, 0.910,-0.164,04:27,+13,-,-,-,-,06:44,-14,-,-,-,-,09:00,-43
1919-Nov-08,P, 1.145, 0.178,03:06,+46,04:29,+28,-,-,05:14,+19,-,-,05:59,+09,07:23,-07
1920-May-03,T, 2.282, 1.219,04:21,+16,05:31,+03,06:45,-13,07:21,-21,07:57,-28,09:11,-44,10:21,-59
1920-Oct-27,T, 2.399, 1.399,16:56,-10,17:56,+02,18:59,+16,19:41,+25,20:24,+34,21:27,+48,22:27,+61
1921-Oct-17,P, 1.986, 0.932,01:33,+62,02:44,+48,-,-,04:24,+27,-,-,06:03,+06,07:15,-09
1922-Apr-12,N, 0.781,-0.186,00:10,+55,-,-,-,-,02:02,+49,-,-,-,-,03:53,+30
1922-Oct-06,N, 0.636,-0.451,04:16,+27,-,-,-,-,06:13,+01,-,-,-,-,08:11,-23
1924-Feb-20,T, 2.626, 1.599,18:47,+07,19:49,+20,20:50,+33,21:39,+44,22:27,+54,23:28,+66,00:30,+73
1924-Aug-14,T, 2.633, 1.652,23:04,+43,00:02,+48,01:01,+47,01:50,+44,02:39,+38,03:39,+29,04:36,+18
1925-Feb-09,P, 1.813, 0.730,00:21,+78,01:39,+72,-,-,03:12,+53,-,-,04:45,+32,06:03,+15
1925-Aug-04,P, 1.691, 0.746,14:57,-55,15:58,-42,-,-,17:23,-24,-,-,18:47,-07,19:48,+06
1926-Jan-29,N, 0.555,-0.549,00:59,+81,-,-,-,-,02:50,+59,-,-,-,-,04:41,+35
1926-Jun-26,N, 0.675,-0.295,01:08,+39,-,-,-,-,02:55,+29,-,-,-,-,04:41,+12
1927-Dec-08,T, 2.339, 1.351,20:24,+37,21:22,+50,22:25,+64,23:05,+72,23:45,+81,00:48,+83,01:46,+71
1928-Jun-03,T, 2.309, 1.242,14:37,-59,15:48,-44,17:02,-28,17:40,-20,18:17,-13,19:31,+02,20:42,+15
1929-May-23,N, 0.937,-0.129,15:50,-42,-,-,-,-,18:07,-14,-,-,-,-,20:24,+13
1929-Nov-17,N, 0.846,-0.147,03:35,+41,-,-,-,-,05:33,+16,-,-,-,-,07:30,-08
1930-Oct-07,P, 1.091, 0.025,22:13,+53,00:18,+67,-,-,00:37,+67,-,-,00:56,+66,03:00,+46
1931-Apr-02,T, 2.464, 1.502,22:59,+52,23:54,+57,00:53,+58,01:38,+54,02:22,+48,03:21,+38,04:16,+27
1931-Sep-26,T, 2.406, 1.321,22:12,+50,23:25,+60,00:36,+63,01:18,+60,02:00,+54,03:12,+41,04:24,+26
1932-Mar-22,P, 1.930, 0.967,15:30,-40,16:30,-28,-,-,18:02,-08,-,-,19:35,+11,20:34,+24
1932-Sep-14,P, 2.030, 0.975,23:37,+58,00:49,+58,-,-,02:31,+46,-,-,04:13,+27,05:24,+12
1933-Feb-10,N, 0.018,-1.027,18:28,+03,-,-,-,-,18:47,+07,-,-,-,-,19:07,+11
1933-Mar-12,N, 0.592,-0.415,06:20,+03,-,-,-,-,08:03,-19,-,-,-,-,09:46,-40
1933-Aug-06,N, 0.232,-0.734,00:11,+44,-,-,-,-,01:16,+43,-,-,-,-,02:20,+38
1934-Jan-30,P, 1.207, 0.112,19:40,+21,21:32,+45,-,-,22:12,+54,-,-,22:53,+63,00:44,+81
1934-Jul-26,P, 1.602, 0.661,15:22,-51,16:25,-37,-,-,17:45,-20,-,-,19:06,-04,20:08,+08
1935-Jan-19,T, 2.450, 1.350,18:11,+04,19:24,+19,20:34,+34,21:17,+43,22:00,+53,23:11,+68,00:23,+82
1936-Jan-08,T, 2.074, 1.017,20:49,+40,21:58,+55,23:29,+75,23:40,+77,23:50,+79,01:21,+78,02:31,+64
1936-Jul-04,P, 1.278, 0.267,20:30,+14,21:57,+28,-,-,22:55,+35,-,-,23:53,+39,01:20,+39
1938-Nov-08,T, 2.358, 1.352,01:11,+71,02:11,+59,03:16,+45,03:56,+36,04:37,+27,05:41,+14,06:42,+01
1939-May-03,T, 2.184, 1.176,17:55,-13,18:58,+00,20:10,+15,20:41,+21,21:12,+26,22:25,+37,23:28,+44
1940-Mar-24,N, 0.079,-0.880,00:41,+60,-,-,-,-,01:18,+58,-,-,-,-,01:55,+54
1941-Mar-13,P, 1.297, 0.323,15:09,-42,16:26,-28,-,-,17:25,-16,-,-,18:25,-03,19:41,+13
1941-Sep-05,P, 1.088, 0.051,20:57,+30,22:50,+49,-,-,23:17,+53,-,-,23:43,+55,01:36,+53
1942-Mar-03,T, 2.588, 1.561,02:59,+50,04:02,+37,05:04,+23,05:51,+13,06:39,+02,07:41,-11,08:44,-24
1943-Aug-15,P, 1.815, 0.870,22:30,+39,23:29,+45,-,-,00:58,+47,-,-,02:28,+40,03:27,+31
1944-Aug-04,N, 0.478,-0.476,16:27,-36,-,-,-,-,17:56,-17,-,-,-,-,19:26,+01
1944-Dec-29,N, 1.022,-0.018,18:06,+05,-,-,-,-,20:19,+33,-,-,-,-,22:32,+62
1945-Jun-25,P, 1.886, 0.859,17:57,-16,19:08,-02,-,-,20:44,+15,-,-,22:20,+30,23:31,+37
1945-Dec-19,T, 2.329, 1.342,05:10,+24,06:08,+12,07:11,-01,07:50,-08,08:30,-15,09:33,-25,10:31,-33
1946-Jun-14,T, 2.465, 1.398,21:04,+20,22:14,+30,23:23,+37,00:09,+39,00:54,+38,02:03,+34,03:13,+25
1946-Dec-08,T, 2.134, 1.164,20:43,+42,21:41,+54,22:49,+69,23:18,+76,23:47,+82,00:55,+82,01:53,+69
1947-Jun-03,P, 1.082, 0.020,22:21,+32,00:28,+39,-,-,00:45,+39,-,-,01:03,+38,03:10,+26
1948-Apr-23,P, 1.017, 0.023,17:00,-24,18:52,-01,-,-,19:09,+03,-,-,19:26,+06,21:18,+28
1948-Oct-18,N, 1.014,-0.057,05:45,+08,-,-,-,-,08:05,-21,-,-,-,-,10:25,-45
1949-Oct-07,T, 2.312, 1.224,05:22,+12,06:35,-04,07:50,-20,08:26,-27,09:03,-34,10:18,-47,11:31,-56
1950-Apr-02,T, 1.995, 1.033,23:41,+56,00:39,+57,02:01,+50,02:14,+48,02:28,+46,03:49,+32,04:47,+20
1951-Sep-15,N, 0.803,-0.193,15:59,-32,-,-,-,-,17:57,-07,-,-,-,-,19:54,+18
1952-Feb-11,P, 1.178, 0.083,03:38,+46,05:34,+21,-,-,06:09,+13,-,-,06:44,+06,08:40,-18
1952-Aug-05,P, 1.474, 0.532,22:58,+39,00:04,+44,-,-,01:17,+44,-,-,02:31,+37,03:37,+28
1953-Jan-30,T, 2.429, 1.331,02:12,+66,03:24,+50,04:35,+35,05:17,+25,06:00,+16,07:10,+01,08:23,-13
1953-Jul-26,T, 2.827, 1.863,15:07,-53,16:03,-42,17:00,-29,17:51,-19,18:41,-08,19:39,+03,20:34,+14
1954-Jan-19,T, 2.085, 1.032,05:11,+25,06:20,+11,07:48,-07,08:02,-09,08:16,-12,09:43,-27,10:52,-37
1954-Jul-16,P, 1.420, 0.405,03:20,+25,04:40,+12,-,-,05:50,-02,-,-,07:01,-16,08:21,-32
1955-Jan-08,N, 0.856,-0.142,16:05,-20,-,-,-,-,18:03,+02,-,-,-,-,20:01,+27
1955-Jun-05,N, 0.622,-0.450,17:57,-16,-,-,-,-,19:53,+06,-,-,-,-,21:49,+26
1955-Nov-29,P, 1.092, 0.119,20:23,+38,21:52,+57,-,-,22:29,+65,-,-,23:07,+73,00:36,+84
1956-May-24,P, 2.017, 0.965,18:07,-12,19:19,+02,-,-,21:01,+21,-,-,22:44,+35,23:56,+40
1957-May-14,T, 2.300, 1.298,01:13,+42,02:15,+36,03:22,+26,04:01,+20,04:40,+12,05:47,-01,06:48,-13
1957-Nov-07,T, 2.096, 1.031,17:02,-07,18:14,+07,19:43,+27,19:57,+30,20:11,+33,21:40,+52,22:52,+67
1958-May-03,P, 0.968, 0.009,15:42,-42,17:32,-19,-,-,17:43,-17,-,-,17:53,-14,19:44,+08
1958-Oct-27,N, 0.782,-0.312,18:48,+13,-,-,-,-,20:57,+41,-,-,-,-,23:06,+68
1959-Mar-24,P, 1.238, 0.264,23:27,+57,00:47,+60,-,-,01:41,+56,-,-,02:36,+48,03:56,+33
1959-Sep-17,N, 0.987,-0.050,04:19,+24,-,-,-,-,06:33,-05,-,-,-,-,08:47,-33
1960-Sep-05,T, 2.403, 1.424,14:08,-58,15:06,-47,16:08,-34,16:51,-25,17:35,-15,18:37,-02,19:35,+10
1961-Mar-02,P, 1.883, 0.801,16:04,-29,17:22,-14,-,-,18:58,+07,-,-,20:35,+27,21:52,+44
1962-Feb-19,N, 0.612,-0.487,16:37,-21,-,-,-,-,18:33,+03,-,-,-,-,20:29,+28
1962-Aug-15,N, 0.596,-0.362,23:48,+46,-,-,-,-,01:27,+45,-,-,-,-,03:06,+34
1963-Jan-10,N, 1.018,-0.018,02:36,+60,-,-,-,-,04:49,+31,-,-,-,-,07:02,+04
1963-Jul-07,P, 1.736, 0.706,00:49,+40,02:02,+35,-,-,03:32,+23,-,-,05:02,+08,06:16,-06
1963-Dec-30,T, 2.321, 1.335,13:57,-36,14:55,-29,15:58,-20,16:37,-13,17:16,-06,18:19,+06,19:17,+18
1964-Jun-25,T, 2.624, 1.556,03:30,+22,04:40,+10,05:46,-03,06:36,-13,07:27,-23,08:33,-37,09:42,-51
1964-Dec-19,T, 2.146, 1.175,05:32,+19,06:30,+07,07:38,-06,08:07,-11,08:37,-16,09:45,-27,10:42,-34
1965-Jun-14,P, 1.235, 0.177,04:47,+07,06:29,-12,-,-,07:19,-23,-,-,08:09,-33,09:50,-54
1965-Dec-08,N, 0.882,-0.120,20:40,+41,-,-,-,-,22:40,+67,-,-,-,-,00:40,+85
1966-May-05,N, 0.916,-0.073,00:38,+48,-,-,-,-,02:41,+36,-,-,-,-,04:44,+14
1966-Oct-29,N, 0.952,-0.125,13:25,-47,-,-,-,-,15:42,-26,-,-,-,-,17:59,+01
1967-Apr-24,T, 2.289, 1.336,15:00,-50,15:55,-39,16:57,-26,17:36,-17,18:15,-09,19:18,+04,20:13,+15
1967-Oct-18,T, 2.234, 1.143,12:42,-54,13:56,-47,15:15,-34,15:45,-28,16:15,-22,17:35,-06,18:49,+10
1968-Oct-06,T, 2.224, 1.169,14:16,-47,15:25,-34,16:40,-19,17:12,-12,17:43,-05,18:59,+11,20:08,+26
1969-Apr-02,N, 0.703,-0.305,22:11,+43,-,-,-,-,00:02,+56,-,-,-,-,01:54,+50
1969-Sep-25,N, 0.901,-0.095,23:37,+63,-,-,-,-,01:40,+57,-,-,-,-,03:42,+35
1971-Aug-06,T, 2.696, 1.728,22:29,+37,23:25,+43,00:23,+45,01:13,+44,02:03,+41,03:01,+33,03:57,+25
1972-Jan-30,T, 2.099, 1.050,13:33,-44,14:42,-37,16:06,-24,16:23,-21,16:41,-18,18:05,-01,19:14,+13
1973-Jan-19,N, 0.866,-0.129,00:49,+82,-,-,-,-,02:47,+58,-,-,-,-,04:45,+33
1973-Jun-16,N, 0.469,-0.602,00:38,+38,-,-,-,-,02:20,+31,-,-,-,-,04:02,+17
1973-Dec-10,P, 1.076, 0.101,05:08,+23,06:40,+05,-,-,07:14,-02,-,-,07:49,-08,09:20,-23
1974-Jun-05,P, 1.875, 0.827,00:55,+39,02:09,+33,-,-,03:46,+20,-,-,05:23,+02,06:37,-12
1974-Nov-29,T, 2.306, 1.290,17:57,+06,18:59,+19,20:06,+33,20:43,+41,21:21,+49,22:28,+64,23:30,+77
1975-Nov-19,T, 2.135, 1.064,00:57,+75,02:09,+61,03:33,+42,03:53,+38,04:14,+34,05:38,+16,06:49,+01
1976-May-13,P, 1.076, 0.122,23:18,+43,00:47,+44,-,-,01:24,+42,-,-,02:02,+39,03:30,+26
1976-Nov-07,N, 0.838,-0.259,02:18,+57,-,-,-,-,04:31,+28,-,-,-,-,06:44,+00
1978-Mar-24,T, 2.479, 1.452,19:00,+06,20:03,+19,21:07,+32,21:52,+41,22:38,+49,23:42,+58,00:45,+60
1978-Sep-16,T, 2.306, 1.327,21:52,+44,22:51,+53,23:55,+60,00:34,+60,01:14,+58,02:18,+50,03:16,+39
1979-Mar-13,P, 1.935, 0.854,23:43,+64,00:59,+66,-,-,02:38,+52,-,-,04:17,+32,05:33,+16
1979-Sep-06,T, 2.042, 1.094,13:52,-61,14:48,-51,16:02,-36,16:24,-31,16:46,-26,18:00,-11,18:57,+02
1980-Mar-02,N, 0.655,-0.440,00:16,+71,-,-,-,-,02:15,+60,-,-,-,-,04:14,+36
1980-Jul-27,N, 0.254,-0.726,23:29,+42,-,-,-,-,00:38,+45,-,-,-,-,01:47,+41
1982-Jan-09,T, 2.315, 1.331,22:46,+66,23:44,+78,00:47,+84,01:26,+77,02:05,+69,03:08,+55,04:05,+43
1982-Dec-30,T, 2.155, 1.182,14:23,-33,15:21,-25,16:29,-14,16:59,-09,17:29,-03,18:37,+10,19:34,+22
1983-Dec-20,N, 0.889,-0.117,05:18,+23,-,-,-,-,07:19,-01,-,-,-,-,09:20,-22
1984-Jun-13,N, 0.065,-0.941,19:19,-01,-,-,-,-,19:56,+06,-,-,-,-,20:32,+12
1984-Nov-08,N, 0.899,-0.183,21:11,+47,-,-,-,-,23:25,+74,-,-,-,-,01:39,+68
1985-May-04,T, 2.187, 1.237,22:51,+42,23:47,+46,00:53,+46,01:26,+44,02:00,+41,03:06,+31,04:02,+22
1985-Oct-28,T, 2.167, 1.074,20:10,+32,21:25,+49,22:50,+66,23:12,+70,23:34,+73,01:00,+72,02:15,+59
1986-Apr-24,T, 2.162, 1.202,15:36,-42,16:33,-30,17:41,-16,18:13,-09,18:44,-03,19:52,+11,20:49,+22
1986-Oct-17,T, 2.301, 1.245,21:51,+53,23:00,+66,00:11,+72,00:48,+70,01:25,+65,02:36,+52,03:45,+38
1987-Apr-14,N, 0.777,-0.231,05:52,+01,-,-,-,-,07:49,-24,-,-,-,-,09:46,-49
1988-Mar-03,N, 1.091,-0.002,19:16,+11,-,-,-,-,21:43,+43,-,-,-,-,00:10,+68
1989-Feb-20,T, 2.365, 1.275,18:02,-03,19:14,+12,20:26,+28,21:05,+36,21:45,+45,22:57,+60,00:09,+71
1990-Feb-09,T, 2.119, 1.075,21:51,+50,22:59,+64,00:20,+76,00:41,+77,01:02,+76,02:23,+63,03:31,+49
1990-Aug-06,P, 1.700, 0.677,17:01,-27,18:15,-11,-,-,19:42,+07,-,-,21:10,+24,22:23,+36
1991-Jul-26,N, 0.254,-0.811,22:22,+34,-,-,-,-,23:38,+42,-,-,-,-,00:54,+44
1991-Dec-21,P, 1.065, 0.088,13:57,-34,15:31,-23,-,-,16:03,-17,-,-,16:35,-12,18:09,+05
1992-Dec-10,T, 2.292, 1.271,02:27,+59,03:30,+45,04:37,+31,05:14,+23,05:51,+16,06:58,+02,08:01,-10
1993-Jun-04,T, 2.553, 1.562,15:42,-44,16:42,-32,17:43,-19,18:30,-10,19:18,+00,20:19,+11,21:19,+21
1995-Apr-15,P, 1.084, 0.111,15:40,-41,17:12,-22,-,-,17:48,-14,-,-,18:25,-06,19:56,+13
1995-Oct-08,N, 0.825,-0.211,19:30,+20,-,-,-,-,21:34,+47,-,-,-,-,23:38,+68
1996-Apr-04,T, 2.407, 1.379,02:47,+42,03:51,+30,04:57,+16,05:40,+07,06:23,-02,07:28,-16,08:32,-30
1996-Sep-27,T, 2.219, 1.240,05:44,+06,06:43,-07,07:50,-21,08:24,-28,08:59,-35,10:06,-47,11:05,-56
1997-Sep-16,T, 2.142, 1.191,21:43,+41,22:38,+51,23:46,+59,00:17,+60,00:47,+59,01:55,+53,02:51,+44
1999-Jan-31,N, 1.003,-0.026,19:37,+20,-,-,-,-,21:48,+48,-,-,-,-,23:58,+75
1999-Jul-28,P, 1.434, 0.397,14:28,-61,15:53,-44,-,-,17:04,-28,-,-,18:15,-13,19:39,+04
2000-Jul-16,T, 2.837, 1.768,16:18,-38,17:28,-23,18:32,-10,19:26,+01,20:19,+11,21:24,+22,22:33,+32
2001-Jan-09,T, 2.162, 1.189,23:15,+73,00:12,+84,01:20,+78,01:51,+72,02:21,+65,03:29,+51,04:26,+38
2001-Jul-05,P, 1.548, 0.495,17:43,-20,19:06,-04,-,-,20:25,+11,-,-,21:45,+24,23:08,+35
2001-Dec-30,N, 0.893,-0.116,13:58,-35,-,-,-,-,15:59,-19,-,-,-,-,18:01,+03
2002-May-26,N, 0.689,-0.289,15:45,-44,-,-,-,-,17:33,-21,-,-,-,-,19:22,+01
2002-Jun-25,N, 0.209,-0.792,01:52,+34,-,-,-,-,02:57,+26,-,-,-,-,04:02,+17
2002-Nov-20,N, 0.860,-0.226,05:04,+21,-,-,-,-,07:17,-06,-,-,-,-,09:29,-29
2003-Nov-09,T, 2.114, 1.018,03:47,+37,05:03,+21,06:38,+01,06:49,-02,07:00,-04,08:34,-22,09:50,-34
2004-May-04,T, 2.263, 1.304,23:22,+44,00:19,+46,01:22,+44,02:00,+40,02:38,+35,03:42,+25,04:38,+14
2004-Oct-28,T, 2.364, 1.308,05:37,+11,06:45,-03,07:54,-17,08:34,-25,09:14,-32,10:23,-42,11:31,-48
2005-Oct-17,P, 1.058, 0.062,15:23,-31,17:05,-10,-,-,17:33,-04,-,-,18:01,+02,19:43,+24
2006-Mar-15,N, 1.030,-0.060,02:54,+49,-,-,-,-,05:17,+18,-,-,-,-,07:41,-13
2006-Sep-07,P, 1.133, 0.184,22:14,+43,23:36,+53,-,-,00:21,+56,-,-,01:07,+55,02:28,+46
2007-Mar-04,T, 2.319, 1.233,01:48,+64,03:00,+50,04:14,+34,04:51,+26,05:28,+18,06:41,+02,07:54,-13
2008-Feb-21,T, 2.145, 1.106,06:07,+10,07:13,-04,08:31,-20,08:56,-25,09:21,-30,10:39,-43,11:46,-51
2008-Aug-16,P, 1.837, 0.808,23:55,+48,01:06,+48,-,-,02:40,+38,-,-,04:14,+22,05:25,+09
2009-Feb-09,N, 0.899,-0.088,18:09,+00,-,-,-,-,20:08,+25,-,-,-,-,22:08,+50
2009-Aug-06,N, 0.402,-0.666,04:34,+16,-,-,-,-,06:09,-03,-,-,-,-,07:44,-23
2009-Dec-31,P, 1.056, 0.076,22:47,+67,00:23,+87,-,-,00:53,+84,-,-,01:23,+78,02:58,+57
2010-Jun-26,P, 1.577, 0.537,14:27,-63,15:47,-46,-,-,17:08,-29,-,-,18:30,-12,19:50,+03
2011-Jun-15,T, 2.687, 1.700,22:55,+35,23:53,+39,00:52,+39,01:43,+36,02:33,+31,03:32,+23,04:31,+13
2011-Dec-10,T, 2.186, 1.106,17:04,-05,18:16,+09,19:36,+26,20:02,+31,20:27,+37,21:48,+54,23:00,+70
2012-Nov-28,N, 0.915,-0.187,17:45,+03,-,-,-,-,20:03,+32,-,-,-,-,22:21,+62
2013-Apr-25,P, 0.987, 0.015,23:34,+47,01:24,+45,-,-,01:37,+44,-,-,01:51,+43,03:41,+26
2013-Oct-19,N, 0.765,-0.272,03:21,+41,-,-,-,-,05:20,+15,-,-,-,-,07:20,-10
2014-Oct-08,T, 2.146, 1.166,13:46,-50,14:45,-41,15:55,-28,16:25,-22,16:54,-16,18:04,-01,19:04,+12
2015-Apr-04,T, 2.079, 1.001,14:31,-53,15:46,-39,17:28,-17,17:30,-17,17:33,-16,19:15,+06,20:29,+21
2015-Sep-28,T, 2.230, 1.276,05:42,+06,06:37,-06,07:41,-19,08:17,-26,08:53,-34,09:57,-46,10:52,-54
2016-Mar-23,N, 0.775,-0.312,15:09,-44,-,-,-,-,17:17,-18,-,-,-,-,19:25,+09
2016-Sep-16,N, 0.908,-0.064,22:25,+48,-,-,-,-,00:24,+59,-,-,-,-,02:24,+48
2017-Feb-11,N, 0.988,-0.035,04:04,+39,-,-,-,-,06:14,+11,-,-,-,-,08:23,-16
2017-Aug-07,P, 1.289, 0.246,21:20,+27,22:53,+41,-,-,23:50,+46,-,-,00:48,+47,02:21,+40
2018-Jan-31,T, 2.294, 1.315,16:21,-20,17:18,-10,18:22,+03,19:00,+11,19:38,+19,20:41,+32,21:38,+45
2018-Jul-27,T, 2.679, 1.609,22:45,+37,23:54,+43,01:00,+43,01:52,+40,02:43,+34,03:49,+24,04:59,+11
2019-Jul-17,P, 1.704, 0.653,00:14,+40,01:32,+38,-,-,03:01,+29,-,-,04:30,+15,05:48,+00
2020-Jan-10,N, 0.896,-0.116,22:38,+64,-,-,-,-,00:40,+86,-,-,-,-,02:42,+61
2020-Jun-05,N, 0.568,-0.405,23:16,+38,-,-,-,-,00:55,+40,-,-,-,-,02:34,+32
2021-May-26,T, 1.954, 1.009,14:18,-62,15:15,-50,16:41,-32,16:49,-31,16:56,-29,18:22,-12,19:20,+00
2022-Nov-08,T, 2.414, 1.359,13:32,-43,14:39,-34,15:47,-22,16:29,-14,17:12,-06,18:19,+08,19:26,+22
2023-May-05,N, 0.964,-0.046,20:44,+21,-,-,-,-,22:53,+40,-,-,-,-,01:02,+44
2023-Oct-28,P, 1.118, 0.122,23:32,+74,01:05,+71,-,-,01:44,+64,-,-,02:23,+56,03:56,+36
2025-Sep-07,T, 2.344, 1.362,20:58,+30,21:57,+41,23:01,+51,23:42,+55,00:23,+57,01:26,+54,02:25,+47
2026-Mar-03,T, 2.184, 1.151,14:14,-49,15:20,-38,16:34,-24,17:04,-19,17:33,-13,18:47,+03,19:53,+17
2027-Feb-21,N, 0.927,-0.057,02:42,+55,-,-,-,-,04:43,+29,-,-,-,-,06:43,+03
2027-Jul-18,N, 0.001,-1.068,21:27,+22,-,-,-,-,21:33,+23,-,-,-,-,21:39,+24
2028-Jul-06,P, 1.427, 0.389,21:14,+21,22:39,+32,-,-,23:50,+38,-,-,01:00,+39,02:25,+33
2028-Dec-31,T, 2.274, 1.246,19:34,+24,20:38,+38,21:46,+53,22:22,+60,22:58,+68,00:06,+83,01:10,+81
2029-Dec-21,T, 2.201, 1.117,01:13,+77,02:25,+61,03:45,+44,04:12,+38,04:39,+32,05:59,+16,07:11,+01
2030-Jun-15,P, 1.448, 0.502,21:44,+27,22:51,+35,-,-,00:03,+39,-,-,01:15,+39,02:22,+33
2030-Dec-10,N, 0.942,-0.163,01:38,+70,-,-,-,-,03:58,+40,-,-,-,-,06:17,+10
2032-Apr-25,T, 2.219, 1.191,17:52,-13,18:58,+01,20:11,+16,20:44,+22,21:16,+28,22:29,+39,23:35,+46
2032-Oct-18,T, 2.083, 1.103,21:55,+54,22:54,+66,00:09,+73,00:32,+72,00:56,+70,02:10,+58,03:10,+46
2033-Apr-14,T, 2.171, 1.094,21:42,+36,22:55,+47,00:18,+53,00:43,+53,01:07,+52,02:30,+43,03:43,+30
2033-Oct-08,T, 2.306, 1.350,13:49,-50,14:44,-42,15:46,-30,16:25,-22,17:04,-14,18:06,-01,19:01,+11
2034-Apr-03,N, 0.855,-0.227,22:23,+46,-,-,-,-,00:36,+58,-,-,-,-,02:48,+44
2034-Sep-28,P, 0.991, 0.014,06:12,+00,08:03,-24,-,-,08:16,-26,-,-,08:30,-29,10:21,-50
2035-Aug-19,P, 1.151, 0.104,04:16,+21,06:03,-01,-,-,06:41,-09,-,-,07:19,-17,09:06,-40
2036-Feb-12,T, 2.275, 1.299,01:04,+75,02:01,+66,03:04,+53,03:42,+45,04:19,+37,05:23,+23,06:20,+11
2036-Aug-07,T, 2.527, 1.454,05:15,+07,06:26,-07,07:34,-22,08:21,-32,09:09,-42,10:17,-56,11:27,-70
2037-Jan-31,T, 2.180, 1.207,16:54,-14,17:52,-03,18:58,+11,19:30,+18,20:02,+24,21:09,+39,22:06,+51
2038-Dec-11,N, 0.805,-0.289,21:04,+46,-,-,-,-,23:14,+74,-,-,-,-,01:23,+76
2039-Jun-06,P, 1.827, 0.885,21:55,+29,22:53,+36,-,-,00:23,+40,-,-,01:53,+36,02:51,+29
2039-Nov-30,P, 2.042, 0.943,19:25,+25,20:42,+41,-,-,22:25,+64,-,-,00:08,+84,01:25,+74
2040-May-26,T, 2.494, 1.535,14:34,-59,15:30,-47,16:29,-35,17:15,-25,18:01,-16,19:00,-04,19:56,+07
2040-Nov-18,T, 2.453, 1.397,21:37,+54,22:43,+69,23:49,+81,00:33,+81,01:17,+73,02:23,+59,03:30,+45
2041-May-16,P, 1.075, 0.064,03:57,+18,05:42,-02,-,-,06:12,-08,-,-,06:41,-14,08:27,-36
2042-Apr-05,N, 0.868,-0.218,17:45,-13,-,-,-,-,19:59,+16,-,-,-,-,22:13,+42
2043-Mar-25,T, 2.190, 1.114,17:01,-21,18:13,-05,19:34,+12,20:01,+18,20:27,+23,21:48,+39,23:00,+52
2043-Sep-19,T, 2.243, 1.256,04:37,+20,05:37,+07,06:45,-07,07:20,-15,07:56,-23,09:03,-36,10:03,-48
2044-Mar-13,T, 2.230, 1.203,22:18,+50,23:23,+60,00:34,+65,01:07,+64,01:40,+60,02:52,+49,03:56,+36
2044-Sep-07,T, 2.086, 1.046,13:57,-59,15:06,-46,16:32,-28,16:49,-24,17:06,-21,18:32,-02,19:41,+13
2045-Aug-27,N, 0.682,-0.392,17:23,-18,-,-,-,-,19:23,+08,-,-,-,-,21:24,+32
2046-Jan-22,P, 1.035, 0.053,16:26,-17,18:06,+01,-,-,18:31,+06,-,-,18:56,+11,20:36,+32
2046-Jul-18,P, 1.281, 0.246,04:05,+17,05:37,+01,-,-,06:35,-11,-,-,07:32,-22,09:04,-42
2047-Jan-12,T, 2.265, 1.234,04:06,+40,05:10,+26,06:20,+12,06:55,+05,07:30,-02,08:39,-15,09:43,-26
2048-Jun-26,P, 1.583, 0.639,05:08,+04,06:11,-08,-,-,07:31,-24,-,-,08:51,-41,09:54,-54
2049-Jun-15,N, 0.251,-0.699,23:37,+39,-,-,-,-,00:43,+40,-,-,-,-,01:49,+37
2049-Nov-09,N, 0.681,-0.355,19:28,+25,-,-,-,-,21:21,+50,-,-,-,-,23:14,+73
2050-May-07,T, 2.105, 1.077,01:10,+44,02:18,+37,03:39,+24,04:00,+20,04:22,+16,05:43,+00,06:50,-13
2050-Oct-30,T, 2.034, 1.054,06:14,+03,07:14,-09,08:33,-24,08:50,-27,09:07,-30,10:27,-42,11:27,-47
2051-Apr-26,T, 2.277, 1.202,04:42,+14,05:54,-01,07:10,-17,07:45,-24,08:20,-32,09:35,-48,10:47,-63
2051-Oct-19,T, 2.371, 1.412,22:03,+56,22:58,+66,23:58,+72,00:40,+71,01:22,+66,02:22,+55,03:17,+44
2052-Apr-14,N, 0.947,-0.131,05:28,+07,-,-,-,-,07:46,-22,-,-,-,-,10:04,-51
2052-Oct-08,P, 1.064, 0.082,14:06,-48,15:43,-31,-,-,16:14,-25,-,-,16:46,-18,18:23,+02
2053-Mar-04,N, 0.932,-0.081,20:45,+31,-,-,-,-,22:51,+56,-,-,-,-,00:56,+67
2055-Feb-12,T, 2.197, 1.225,01:38,+70,02:35,+59,03:42,+45,04:15,+38,04:48,+31,05:54,+17,06:51,+04
2056-Feb-01,N, 0.906,-0.110,15:51,-26,-,-,-,-,17:54,-03,-,-,-,-,19:58,+23
2056-Jul-26,N, 0.643,-0.349,22:24,+33,-,-,-,-,00:12,+42,-,-,-,-,01:59,+38
2056-Dec-22,N, 0.786,-0.311,05:09,+25,-,-,-,-,07:17,-02,-,-,-,-,09:25,-24
2057-Jun-17,P, 1.697, 0.755,05:29,+00,06:30,-12,-,-,07:55,-29,-,-,09:19,-47,10:20,-60
2057-Dec-11,P, 2.018, 0.918,03:22,+47,04:40,+30,-,-,06:22,+09,-,-,08:04,-11,09:21,-24
2058-Jun-06,T, 2.621, 1.661,22:02,+30,22:57,+36,23:55,+39,00:44,+39,01:33,+37,02:31,+31,03:26,+24
2058-Nov-30,T, 2.480, 1.426,05:48,+13,06:54,+00,08:00,-13,08:44,-20,09:29,-27,10:35,-36,11:41,-41
2059-Nov-19,P, 1.204, 0.208,16:14,-15,17:40,+02,-,-,18:30,+12,-,-,19:19,+23,20:45,+41
2060-Apr-16,N, 0.767,-0.316,00:58,+53,-,-,-,-,03:05,+37,-,-,-,-,05:13,+12
2060-Oct-09,N, 0.880,-0.080,22:26,+56,-,-,-,-,00:22,+68,-,-,-,-,02:17,+55
2061-Apr-05,T, 2.104, 1.034,00:25,+57,01:37,+53,03:07,+39,03:22,+36,03:37,+33,05:07,+15,06:20,+00
2062-Mar-25,T, 2.291, 1.270,06:13,+02,07:16,-12,08:25,-27,09:02,-35,09:39,-42,10:48,-55,11:51,-64
2062-Sep-18,T, 2.196, 1.150,21:07,+36,22:16,+49,23:32,+59,00:02,+61,00:32,+61,01:48,+55,02:57,+44
2063-Mar-14,P, 1.009, 0.034,19:30,+13,21:13,+35,-,-,21:34,+39,-,-,21:54,+43,23:38,+60
2063-Sep-07,N, 0.810,-0.268,23:59,+57,-,-,-,-,02:09,+48,-,-,-,-,04:19,+25
2064-Feb-03,P, 1.020, 0.038,01:12,+78,02:56,+57,-,-,03:17,+53,-,-,03:38,+48,05:21,+25
2065-Jan-22,T, 2.256, 1.223,12:38,-43,13:42,-41,14:53,-34,15:27,-29,16:01,-23,17:11,-11,18:16,+02
2065-Jul-17,T, 2.589, 1.612,20:31,+14,21:28,+24,22:28,+33,23:17,+38,00:05,+41,01:05,+41,02:02,+38
2066-Jan-11,T, 2.226, 1.138,17:32,-03,18:45,+12,20:04,+28,20:33,+34,21:02,+41,22:20,+58,23:33,+73
2066-Dec-31,N, 0.977,-0.128,17:36,-01,-,-,-,-,19:58,+28,-,-,-,-,22:20,+59
2067-May-28,N, 0.640,-0.333,22:40,+34,-,-,-,-,00:24,+40,-,-,-,-,02:08,+34
2067-Nov-21,N, 0.654,-0.381,03:42,+40,-,-,-,-,05:33,+17,-,-,-,-,07:23,-05
2068-Nov-09,T, 1.996, 1.015,14:39,-33,15:40,-23,17:06,-07,17:15,-05,17:24,-03,18:50,+15,19:50,+28
2069-Oct-30,T, 2.424, 1.462,06:25,+00,07:20,-11,08:19,-22,09:03,-30,09:46,-37,10:46,-44,11:41,-49
2070-Oct-19,P, 1.126, 0.138,22:07,+56,23:38,+70,-,-,00:19,+72,-,-,01:00,+69,02:31,+54
2071-Mar-16,N, 0.888,-0.119,04:56,+20,-,-,-,-,06:59,-06,-,-,-,-,09:01,-32
2071-Sep-09,N, 0.899,-0.159,18:21,-03,-,-,-,-,20:33,+26,-,-,-,-,22:46,+50
2072-Mar-04,T, 2.213, 1.244,18:14,-02,19:11,+10,20:17,+24,20:51,+31,21:25,+38,22:30,+51,23:27,+61
2072-Aug-28,T, 2.243, 1.166,18:30,-03,19:43,+12,21:01,+28,21:33,+34,22:05,+40,23:24,+50,00:36,+54
2073-Aug-17,T, 2.148, 1.101,20:15,+16,21:25,+29,22:45,+42,23:10,+45,23:35,+47,00:56,+49,02:06,+44
2074-Feb-12,N, 0.919,-0.097,00:19,+77,-,-,-,-,02:24,+63,-,-,-,-,04:28,+36
2074-Jul-08,N, 0.187,-0.777,21:51,+28,-,-,-,-,22:49,+35,-,-,-,-,23:47,+40
2074-Aug-07,N, 0.781,-0.209,05:27,+04,-,-,-,-,07:24,-20,-,-,-,-,09:20,-44
2076-Jun-17,T, 2.755, 1.794,05:25,+00,06:20,-11,07:17,-22,08:07,-32,08:57,-43,09:55,-55,10:50,-67
2076-Dec-10,T, 2.499, 1.446,14:06,-34,15:12,-25,16:17,-15,17:02,-06,17:48,+02,18:53,+16,19:59,+29
2077-Jun-06,P, 1.326, 0.312,18:01,-15,19:25,+01,-,-,20:27,+13,-,-,21:30,+23,22:54,+33
2077-Nov-30,P, 1.231, 0.236,00:47,+80,02:11,+62,-,-,03:03,+51,-,-,03:56,+40,05:19,+22
2078-Nov-19,N, 0.061,-0.905,17:34,+01,-,-,-,-,18:07,+08,-,-,-,-,18:41,+15
2079-Oct-10,T, 2.079, 1.079,20:16,+30,21:19,+43,22:37,+59,22:58,+62,23:19,+65,00:37,+69,01:40,+62
2080-Apr-04,T, 2.361, 1.346,14:02,-59,15:04,-48,16:10,-34,16:51,-26,17:32,-17,18:38,-03,19:40,+10
2080-Sep-29,T, 2.297, 1.244,04:23,+24,05:31,+10,06:43,-06,07:20,-14,07:57,-21,09:09,-36,10:17,-48
2081-Mar-25,P, 1.065, 0.095,03:43,+34,05:16,+14,-,-,05:49,+07,-,-,06:23,+00,07:56,-20
2082-Aug-08,N, 1.001,-0.029,17:59,-15,-,-,-,-,20:14,+12,-,-,-,-,22:29,+36
2083-Feb-02,T, 2.240, 1.205,21:05,+40,22:10,+54,23:21,+69,23:54,+75,00:27,+79,01:38,+73,02:43,+60
2083-Jul-29,T, 2.452, 1.477,03:49,+22,04:46,+12,05:48,+00,06:33,-09,07:18,-19,08:19,-31,09:17,-43
2084-Jan-23,T, 2.241, 1.151,01:39,+73,02:52,+57,04:10,+40,04:40,+33,05:11,+27,06:28,+10,07:41,-05
2084-Jul-17,P, 1.854, 0.912,19:57,+08,20:55,+19,-,-,22:26,+33,-,-,23:57,+41,00:55,+42
2085-Jan-11,N, 0.993,-0.112,01:37,+73,-,-,-,-,04:00,+42,-,-,-,-,06:22,+12
2086-May-28,P, 1.849, 0.818,15:25,-48,16:36,-33,-,-,18:11,-13,-,-,19:46,+05,20:57,+18
2086-Nov-20,P, 1.968, 0.986,23:12,+76,00:13,+83,-,-,01:47,+67,-,-,03:21,+47,04:22,+34
2087-May-17,T, 2.528, 1.455,18:17,-10,19:27,+05,20:35,+17,21:22,+25,22:10,+33,23:18,+40,00:28,+43
2087-Nov-10,T, 2.465, 1.501,14:54,-31,15:49,-21,16:48,-10,17:33,-02,18:17,+08,19:16,+20,20:11,+32
2088-May-05,P, 1.170, 0.102,19:15,+04,21:05,+25,-,-,21:44,+31,-,-,22:22,+37,00:13,+46
2088-Oct-30,P, 1.176, 0.183,06:16,+03,07:44,-15,-,-,08:30,-24,-,-,09:17,-32,10:45,-45
2089-Sep-20,N, 0.789,-0.274,01:32,+57,-,-,-,-,03:38,+34,-,-,-,-,05:44,+08
2090-Mar-16,T, 2.166, 1.201,02:40,+49,03:37,+38,04:44,+24,05:16,+17,05:47,+10,06:54,-04,07:51,-16
2090-Sep-09,T, 2.117, 1.038,01:19,+54,02:33,+44,04:04,+27,04:19,+24,04:35,+21,06:06,+02,07:20,-14
2091-Mar-05,T, 2.254, 1.283,18:48,+05,19:45,+18,20:49,+31,21:25,+39,22:02,+46,23:06,+58,00:03,+66
2091-Aug-29,T, 2.281, 1.235,03:09,+35,04:17,+22,05:29,+07,06:05,+00,06:42,-08,07:54,-23,09:02,-38
2092-Jul-19,N, 0.062,-0.899,05:35,+02,-,-,-,-,06:09,-05,-,-,-,-,06:43,-11
2093-Jan-12,N, 0.755,-0.344,21:20,+46,-,-,-,-,23:27,+73,-,-,-,-,01:34,+76
2093-Jul-08,P, 1.427, 0.487,20:34,+15,21:40,+26,-,-,22:51,+35,-,-,00:02,+40,01:09,+40
2094-Jan-01,P, 1.986, 0.887,19:29,+23,20:46,+39,-,-,22:27,+61,-,-,00:08,+82,01:25,+78
2094-Dec-21,T, 2.514, 1.463,22:28,+64,23:33,+78,00:38,+85,01:23,+76,02:09,+66,03:14,+52,04:19,+38
2095-Jun-18,P, 1.462, 0.446,00:55,+38,02:14,+32,-,-,03:27,+22,-,-,04:41,+10,05:59,-05
2096-Oct-31,N, 0.767,-0.201,15:07,-32,-,-,-,-,16:57,-11,-,-,-,-,18:47,+12
2096-Nov-30,N, 0.086,-0.882,02:10,+63,-,-,-,-,02:49,+54,-,-,-,-,03:28,+46
2097-Apr-26,P, 1.901, 0.842,14:53,-52,16:07,-37,-,-,17:45,-16,-,-,19:23,+05,20:37,+19
2097-Oct-21,T, 2.015, 1.010,04:16,+28,05:20,+14,06:50,-05,06:58,-06,07:05,-08,08:35,-25,09:39,-37
2098-Apr-15,T, 2.445, 1.437,21:42,+36,22:44,+45,23:47,+51,00:31,+52,01:16,+50,02:19,+43,03:21,+33
2099-Sep-29,N, 1.034,-0.051,13:39,-54,-,-,-,-,16:03,-28,-,-,-,-,18:27,+03
2100-Feb-24,N, 0.965,-0.017,18:30,+02,-,-,-,-,20:32,+28,-,-,-,-,22:34,+54
2100-Aug-20,N, 0.872,-0.158,01:04,+48,-,-,-,-,03:12,+33,-,-,-,-,05:19,+10
2101-Feb-14,T, 2.218, 1.183,05:27,+21,06:32,+06,07:45,-09,08:17,-15,08:48,-21,10:01,-34,11:06,-44
2102-Jul-30,T, 1.987, 1.045,03:24,+26,04:21,+17,05:40,+02,05:56,-01,06:11,-04,07:30,-21,08:27,-33
2103-Jul-19,N, 0.633,-0.322,21:14,+23,-,-,-,-,22:55,+37,-,-,-,-,00:37,+43
2103-Dec-13,N, 0.629,-0.404,20:30,+39,-,-,-,-,22:18,+62,-,-,-,-,00:06,+85
2104-Jun-08,P, 1.707, 0.675,22:22,+31,23:37,+38,-,-,01:05,+38,-,-,02:34,+31,03:48,+20
2105-May-29,T, 2.669, 1.598,00:54,+40,02:04,+35,03:09,+26,04:01,+18,04:52,+09,05:57,-04,07:07,-18
2105-Nov-21,T, 2.498, 1.530,23:30,+79,00:25,+82,01:23,+72,02:08,+62,02:54,+52,03:52,+40,04:47,+28
2106-May-18,P, 1.298, 0.234,01:59,+38,03:36,+24,-,-,04:33,+13,-,-,05:30,+02,07:07,-18
2106-Nov-11,P, 1.215, 0.217,14:32,-35,15:58,-21,-,-,16:49,-11,-,-,17:40,-01,19:05,+17
2107-Apr-07,N, 0.767,-0.228,21:02,+29,-,-,-,-,22:57,+48,-,-,-,-,00:51,+54
2109-Mar-17,T, 2.299, 1.330,03:10,+44,04:07,+32,05:10,+19,05:49,+10,06:27,+02,07:30,-12,08:27,-24
2110-Mar-06,N, 0.969,-0.049,16:55,-19,-,-,-,-,19:04,+07,-,-,-,-,21:12,+35
2110-Aug-29,P, 1.037, 0.049,19:56,+14,21:40,+34,-,-,22:05,+38,-,-,22:30,+42,00:14,+52
2111-Jan-25,N, 0.737,-0.363,05:24,+23,-,-,-,-,07:29,-04,-,-,-,-,09:35,-27
2111-Jul-21,P, 1.294, 0.353,04:06,+18,05:18,+05,-,-,06:19,-07,-,-,07:21,-20,08:33,-34
2112-Jan-14,P, 1.973, 0.876,03:35,+47,04:53,+30,-,-,06:33,+09,-,-,08:13,-11,09:30,-24
2112-Jul-09,T, 2.647, 1.681,20:03,+09,20:58,+19,21:57,+28,22:46,+34,23:35,+38,00:34,+40,01:29,+39
2113-Jan-02,T, 2.522, 1.474,06:54,+03,07:59,-09,09:03,-20,09:49,-27,10:35,-33,11:39,-39,12:44,-41
2113-Dec-22,P, 1.264, 0.271,18:08,+07,19:29,+24,-,-,20:25,+36,-,-,21:20,+47,22:41,+65
2114-May-19,N, 0.398,-0.677,21:59,+32,-,-,-,-,23:34,+42,-,-,-,-,01:09,+42
2114-Nov-12,N, 0.727,-0.244,23:38,+77,-,-,-,-,01:26,+70,-,-,-,-,03:13,+47
2115-May-08,P, 1.785, 0.731,21:59,+34,23:15,+43,-,-,00:47,+45,-,-,02:20,+38,03:36,+26
2116-Apr-27,T, 2.539, 1.536,05:18,+06,06:18,-07,07:20,-20,08:07,-30,08:55,-40,09:56,-53,10:56,-65
2116-Oct-21,T, 2.459, 1.394,19:19,+20,20:28,+35,21:35,+50,22:20,+59,23:04,+67,00:12,+74,01:20,+68
2117-Apr-16,P, 1.214, 0.253,19:46,+13,21:05,+28,-,-,21:58,+37,-,-,22:51,+45,00:10,+50
2117-Oct-10,P, 1.127, 0.039,20:44,+37,22:49,+62,-,-,23:13,+66,-,-,23:37,+69,01:42,+62
2118-Mar-08,N, 0.923,-0.059,02:59,+50,-,-,-,-,04:59,+24,-,-,-,-,06:59,-02
2119-Feb-25,T, 2.186, 1.149,13:41,-50,14:47,-42,16:02,-30,16:31,-24,17:00,-18,18:15,-03,19:21,+11
2119-Aug-20,T, 2.195, 1.223,18:38,-04,19:36,+08,20:44,+21,21:18,+28,21:51,+34,22:59,+44,23:58,+49
2120-Feb-14,T, 2.285, 1.195,17:41,-06,18:54,+09,20:09,+25,20:43,+32,21:17,+40,22:33,+56,23:45,+69
2121-Feb-02,N, 1.031,-0.070,17:34,-06,-,-,-,-,19:58,+24,-,-,-,-,22:23,+55
2121-Jun-30,N, 0.229,-0.751,21:10,+19,-,-,-,-,22:16,+28,-,-,-,-,23:21,+35
2121-Jul-30,N, 0.761,-0.197,04:28,+16,-,-,-,-,06:18,-06,-,-,-,-,08:09,-29
2121-Dec-24,N, 0.624,-0.407,05:00,+27,-,-,-,-,06:48,+05,-,-,-,-,08:35,-14
2122-Jun-20,P, 1.558, 0.524,05:14,+02,06:33,-13,-,-,07:53,-29,-,-,09:14,-46,10:33,-63
2122-Dec-13,P, 1.935, 0.954,16:35,-10,17:36,+01,-,-,19:08,+20,-,-,20:41,+39,21:42,+52
2124-Nov-21,P, 1.243, 0.240,22:55,+71,00:20,+82,-,-,01:13,+74,-,-,02:06,+63,03:31,+45
2125-Apr-18,N, 0.689,-0.300,04:56,+12,-,-,-,-,06:44,-11,-,-,-,-,08:33,-34
2125-Oct-12,N, 0.606,-0.468,16:15,-21,-,-,-,-,18:09,+02,-,-,-,-,20:02,+27
2126-Apr-07,T, 2.039, 1.082,19:10,+06,20:08,+18,21:23,+33,21:43,+37,22:04,+40,23:19,+51,00:17,+54
2126-Oct-01,P, 1.901, 0.817,15:19,-36,16:37,-20,-,-,18:15,+01,-,-,19:54,+22,21:12,+39
2127-Sep-20,T, 2.513, 1.467,17:23,-13,18:29,+01,19:35,+15,20:22,+25,21:08,+35,22:14,+47,23:20,+58
2128-Mar-17,N, 1.009,-0.009,01:01,+64,-,-,-,-,03:12,+45,-,-,-,-,05:22,+17
2128-Sep-09,P, 1.151, 0.164,03:22,+34,04:51,+16,-,-,05:36,+07,-,-,06:21,-02,07:50,-21
2130-Jul-21,T, 2.511, 1.543,03:21,+26,04:18,+16,05:18,+05,06:04,-04,06:51,-13,07:51,-26,08:48,-38
2131-Jan-13,T, 2.530, 1.484,15:21,-27,16:25,-16,17:29,-04,18:15,+05,19:02,+14,20:05,+27,21:10,+41
2131-Jul-10,P, 1.748, 0.726,14:31,-62,15:43,-47,-,-,17:13,-28,-,-,18:44,-09,19:56,+05
2132-Jan-03,P, 1.275, 0.283,02:53,+56,04:13,+39,-,-,05:10,+27,-,-,06:06,+15,07:26,-01
2132-May-30,N, 0.256,-0.817,04:51,+09,-,-,-,-,06:08,-06,-,-,-,-,07:25,-22
2132-Jun-28,N, 0.298,-0.766,19:49,+05,-,-,-,-,21:11,+19,-,-,-,-,22:33,+30
2132-Dec-22,N, 0.114,-0.856,19:40,+26,-,-,-,-,20:25,+36,-,-,-,-,21:10,+45
2133-May-19,P, 1.655, 0.607,04:57,+08,06:16,-08,-,-,07:42,-26,-,-,09:07,-44,10:26,-61
2133-Nov-12,P, 1.920, 0.903,20:34,+39,21:41,+54,-,-,23:15,+74,-,-,00:50,+77,01:56,+65
2134-Nov-02,T, 2.522, 1.452,02:58,+47,04:07,+32,05:13,+18,06:00,+08,06:46,-02,07:53,-15,09:01,-27
2135-Apr-28,P, 1.305, 0.348,03:37,+26,04:50,+12,-,-,05:52,-01,-,-,06:53,-14,08:07,-30
2135-Oct-22,P, 1.209, 0.116,03:58,+33,05:50,+08,-,-,06:31,+00,-,-,07:13,-09,09:05,-30
2136-Apr-16,N, 0.040,-0.917,22:07,+39,-,-,-,-,22:34,+42,-,-,-,-,23:01,+45
2136-Sep-10,N, 0.645,-0.382,15:39,-40,-,-,-,-,17:30,-16,-,-,-,-,19:21,+08
2137-Mar-07,T, 2.144, 1.107,21:49,+45,22:56,+58,00:14,+67,00:39,+68,01:04,+67,02:22,+57,03:28,+44
2137-Aug-31,T, 2.078, 1.107,02:11,+44,03:11,+35,04:25,+21,04:49,+16,05:13,+11,06:28,-04,07:27,-17
2138-Feb-25,T, 2.320, 1.231,01:32,+68,02:44,+54,03:58,+39,04:35,+31,05:12,+23,06:26,+07,07:38,-09
2138-Aug-20,T, 2.242, 1.298,18:29,-06,19:23,+06,20:27,+19,21:04,+26,21:41,+33,22:44,+43,23:39,+49
2139-Feb-14,N, 1.057,-0.041,01:28,+71,-,-,-,-,03:53,+42,-,-,-,-,06:19,+10
2139-Jul-12,N, 0.087,-0.896,04:46,+10,-,-,-,-,05:27,+02,-,-,-,-,06:08,-06
2140-Dec-24,P, 1.926, 0.945,01:22,+75,02:22,+62,-,-,03:55,+42,-,-,05:27,+23,06:28,+11
2141-Jun-19,T, 2.811, 1.742,13:53,-70,15:02,-55,16:07,-41,17:00,-30,17:53,-19,18:58,-06,20:07,+07
2141-Dec-13,T, 2.537, 1.565,16:56,-07,17:51,+04,18:49,+16,19:35,+25,20:21,+35,21:19,+47,22:14,+59
2142-Jun-08,P, 1.579, 0.525,15:14,-51,16:36,-34,-,-,17:58,-17,-,-,19:19,+00,20:41,+15
2143-May-28,N, 0.251,-0.754,23:14,+39,-,-,-,-,00:24,+42,-,-,-,-,01:35,+39
2143-Oct-23,N, 0.534,-0.546,23:48,+75,-,-,-,-,01:35,+65,-,-,-,-,03:23,+43
2144-Apr-18,T, 1.956, 1.003,03:14,+32,04:12,+22,05:41,+03,05:45,+03,05:49,+02,07:19,-17,08:17,-30
2144-Oct-11,P, 1.814, 0.727,22:33,+60,23:53,+70,-,-,01:27,+64,-,-,03:01,+46,04:21,+29
2145-Apr-07,T, 2.422, 1.455,19:33,+11,20:29,+23,21:29,+34,22:13,+42,22:57,+48,23:57,+54,00:53,+55
2145-Oct-01,T, 2.608, 1.563,00:46,+64,01:52,+56,02:55,+44,03:45,+34,04:34,+24,05:37,+10,06:43,-04
2147-Feb-15,N, 0.685,-0.414,21:20,+41,-,-,-,-,23:22,+66,-,-,-,-,01:24,+71
2147-Aug-11,P, 1.038, 0.094,19:19,+04,20:49,+21,-,-,21:22,+27,-,-,21:55,+33,23:25,+45
2147-Sep-10,N, 0.012,-0.938,04:21,+23,-,-,-,-,04:36,+20,-,-,-,-,04:51,+17
2148-Feb-04,P, 1.938, 0.847,19:42,+21,21:00,+38,-,-,22:38,+59,-,-,00:17,+77,01:34,+74
2149-Jan-23,T, 2.538, 1.496,23:48,+77,00:52,+81,01:55,+70,02:42,+60,03:28,+50,04:32,+36,05:36,+23
2149-Jul-20,P, 1.896, 0.870,21:16,+22,22:26,+33,-,-,00:03,+41,-,-,01:39,+39,02:49,+32
2150-Jul-10,N, 0.451,-0.615,01:58,+35,-,-,-,-,03:38,+22,-,-,-,-,05:18,+04
2150-Dec-04,N, 0.673,-0.305,16:55,-08,-,-,-,-,18:39,+13,-,-,-,-,20:24,+35
2151-Jan-03,N, 0.123,-0.848,04:30,+35,-,-,-,-,05:16,+26,-,-,-,-,06:02,+16
2151-Nov-24,P, 1.887, 0.865,04:52,+24,05:59,+10,-,-,07:33,-08,-,-,09:06,-25,10:14,-35
2152-May-18,T, 2.760, 1.769,20:11,+14,21:10,+24,22:09,+33,23:00,+38,23:50,+42,00:49,+42,01:48,+38
2154-Mar-29,N, 0.805,-0.176,19:35,+13,-,-,-,-,21:30,+36,-,-,-,-,23:24,+55
2154-Apr-28,N, 0.123,-0.833,05:42,+00,-,-,-,-,06:29,-09,-,-,-,-,07:16,-19
2154-Sep-21,N, 0.551,-0.476,23:10,+56,-,-,-,-,00:53,+60,-,-,-,-,02:37,+47
2155-Mar-19,T, 2.089, 1.052,05:48,+09,06:55,-05,08:19,-23,08:37,-27,08:55,-31,10:19,-47,11:26,-58
2156-Aug-31,T, 2.359, 1.413,02:08,+45,03:03,+37,04:03,+26,04:45,+17,05:27,+09,06:27,-04,07:21,-15
2157-Aug-20,P, 1.007, 0.041,19:06,+03,20:48,+24,-,-,21:11,+28,-,-,21:33,+32,23:16,+47
2158-Jan-14,N, 0.618,-0.407,22:08,+56,-,-,-,-,23:54,+79,-,-,-,-,01:40,+75
2158-Jul-11,P, 1.252, 0.213,18:51,-06,20:26,+12,-,-,21:20,+21,-,-,22:14,+29,23:49,+38
2159-Jun-30,T, 2.650, 1.581,20:18,+11,21:27,+23,22:33,+32,23:24,+37,00:15,+39,01:21,+38,02:31,+32
2159-Dec-25,T, 2.548, 1.574,01:45,+70,02:40,+58,03:38,+45,04:24,+36,05:11,+26,06:09,+14,07:04,+03
2160-Jun-18,P, 1.731, 0.680,21:47,+27,23:04,+36,-,-,00:34,+40,-,-,02:05,+35,03:22,+25
2160-Dec-13,P, 1.277, 0.265,15:54,-19,17:18,-03,-,-,18:14,+08,-,-,19:11,+19,20:35,+37
2161-May-09,N, 0.503,-0.476,20:28,+17,-,-,-,-,22:02,+32,-,-,-,-,23:36,+42
2162-Oct-23,P, 1.739, 0.650,05:56,+06,07:18,-11,-,-,08:48,-28,-,-,10:18,-43,11:40,-50
2163-Apr-19,T, 2.500, 1.534,03:33,+29,04:29,+19,05:28,+07,06:14,-03,07:00,-13,07:59,-26,08:54,-37
2164-Apr-07,P, 1.128, 0.109,16:41,-27,18:21,-05,-,-,18:59,+03,-,-,19:36,+11,21:16,+31
2164-Sep-30,P, 1.345, 0.358,18:44,+07,20:00,+23,-,-,21:05,+37,-,-,22:08,+50,23:26,+62
2165-Feb-26,N, 0.645,-0.452,05:09,+22,-,-,-,-,07:08,-04,-,-,-,-,09:07,-29
2165-Aug-22,N, 0.919,-0.027,03:01,+35,-,-,-,-,04:58,+14,-,-,-,-,06:56,-11
2166-Feb-15,P, 1.911, 0.823,03:41,+44,04:58,+27,-,-,06:36,+06,-,-,08:13,-15,09:31,-30
2166-Aug-11,T, 2.246, 1.269,17:59,-14,18:58,-01,20:04,+12,20:41,+19,21:18,+26,22:24,+37,23:23,+44
2167-Aug-01,T, 2.041, 1.011,04:03,+20,05:11,+07,06:45,-12,06:53,-13,07:01,-15,08:35,-35,09:43,-49
2168-Jan-24,P, 1.294, 0.307,20:25,+32,21:43,+49,-,-,22:41,+62,-,-,23:40,+74,00:58,+82
2168-Dec-15,N, 0.656,-0.324,01:40,+70,-,-,-,-,03:23,+48,-,-,-,-,05:07,+26
2169-Jun-09,P, 1.381, 0.342,18:47,-05,20:14,+11,-,-,21:21,+23,-,-,22:28,+32,23:55,+39
2169-Dec-04,P, 1.865, 0.838,13:14,-40,14:23,-33,-,-,15:56,-19,-,-,17:29,-02,18:37,+12
2170-May-30,T, 2.819, 1.833,03:32,+22,04:29,+12,05:28,+01,06:19,-09,07:10,-20,08:09,-32,09:07,-44
2170-Nov-23,T, 2.613, 1.533,18:36,+14,19:46,+29,20:51,+43,21:40,+54,22:29,+65,23:34,+78,00:44,+82
2171-May-19,P, 1.518, 0.568,18:59,-01,20:05,+11,-,-,21:21,+24,-,-,22:37,+35,23:42,+40
2171-Nov-12,P, 1.332, 0.234,18:55,+18,20:36,+40,-,-,21:34,+53,-,-,22:32,+65,00:13,+82
2172-Apr-09,N, 0.729,-0.251,03:43,+31,-,-,-,-,05:33,+09,-,-,-,-,07:23,-15
2172-Oct-31,N, 0.102,-0.962,21:45,+55,-,-,-,-,22:33,+65,-,-,-,-,23:21,+74
2173-Mar-29,P, 2.021, 0.984,13:37,-61,14:46,-50,-,-,16:26,-30,-,-,18:06,-09,19:15,+06
2173-Sep-21,P, 1.876, 0.905,17:41,-10,18:42,+04,-,-,20:14,+24,-,-,21:46,+43,22:47,+54
2174-Mar-18,T, 2.424, 1.337,16:50,-22,18:01,-07,19:12,+08,19:54,+17,20:37,+26,21:48,+41,22:59,+53
2175-Mar-07,P, 1.141, 0.050,16:54,-20,18:56,+06,-,-,19:24,+12,-,-,19:51,+18,21:53,+43
2175-Sep-01,P, 1.121, 0.151,02:32,+42,04:00,+26,-,-,04:43,+18,-,-,05:25,+09,06:53,-09
2176-Jan-26,N, 0.613,-0.408,06:42,+07,-,-,-,-,08:27,-14,-,-,-,-,10:13,-32
2176-Jul-22,P, 1.099, 0.055,01:38,+38,03:32,+25,-,-,04:00,+20,-,-,04:29,+15,06:23,-07
2177-Jan-14,P, 1.911, 0.933,19:00,+15,20:01,+28,-,-,21:32,+47,-,-,23:04,+67,00:05,+79
2177-Jul-11,T, 2.490, 1.420,02:43,+30,03:54,+19,05:02,+07,05:49,-02,06:35,-11,07:44,-25,08:54,-40
2178-Jun-30,P, 1.884, 0.836,04:21,+13,05:35,+00,-,-,07:12,-20,-,-,08:49,-40,10:03,-56
2178-Dec-25,P, 1.285, 0.269,00:29,+85,01:53,+69,-,-,02:50,+57,-,-,03:47,+44,05:11,+26
2179-May-21,N, 0.396,-0.578,04:09,+16,-,-,-,-,05:33,+00,-,-,-,-,06:56,-17
2179-Nov-14,N, 0.425,-0.664,15:14,-26,-,-,-,-,16:52,-08,-,-,-,-,18:29,+11
2180-May-09,P, 1.760, 0.812,19:02,+01,20:02,+12,-,-,21:29,+27,-,-,22:56,+39,23:56,+43
2180-Nov-02,P, 1.680, 0.589,13:29,-44,14:53,-32,-,-,16:19,-17,-,-,17:46,+00,19:10,+18
2181-Oct-22,T, 2.761, 1.716,16:01,-22,17:06,-09,18:08,+04,18:59,+15,19:50,+26,20:52,+39,21:57,+53
2182-Apr-19,P, 1.207, 0.188,00:16,+53,01:49,+47,-,-,02:38,+40,-,-,03:27,+32,04:59,+14
2182-Oct-12,P, 1.425, 0.438,02:38,+48,03:52,+33,-,-,05:01,+18,-,-,06:11,+03,07:25,-12
2183-Oct-01,N, 0.193,-0.761,19:31,+16,-,-,-,-,20:29,+29,-,-,-,-,21:26,+41
2184-Aug-22,T, 2.119, 1.137,01:21,+48,02:21,+42,03:34,+30,04:02,+25,04:29,+20,05:42,+05,06:43,-08
2185-Feb-14,T, 2.570, 1.537,16:34,-20,17:37,-08,18:40,+05,19:27,+15,20:14,+25,21:17,+39,22:20,+52
2186-Feb-04,P, 1.308, 0.324,05:08,+26,06:24,+10,-,-,07:24,-03,-,-,08:24,-14,09:41,-28
2187-Jan-24,N, 0.135,-0.836,22:10,+55,-,-,-,-,22:58,+66,-,-,-,-,23:47,+76
2187-Jun-21,P, 1.237, 0.203,01:40,+37,03:15,+25,-,-,04:07,+17,-,-,05:00,+07,06:35,-11
2187-Dec-15,P, 1.847, 0.816,21:40,+54,22:50,+69,-,-,00:22,+86,-,-,01:54,+69,03:03,+54
2188-Dec-04,T, 2.645, 1.560,02:34,+57,03:44,+41,04:49,+27,05:39,+17,06:28,+07,07:34,-06,08:43,-18
2189-May-30,P, 1.637, 0.691,02:33,+30,03:35,+21,-,-,04:57,+07,-,-,06:19,-09,07:22,-22
2189-Nov-23,P, 1.377, 0.276,02:36,+55,04:15,+34,-,-,05:17,+20,-,-,06:20,+07,07:58,-12
2190-May-19,N, 0.318,-0.636,20:45,+18,-,-,-,-,21:58,+30,-,-,-,-,23:12,+38
2190-Nov-12,N, 0.157,-0.907,05:25,+17,-,-,-,-,06:24,+04,-,-,-,-,07:23,-07
2191-Apr-09,P, 1.940, 0.902,21:18,+33,22:28,+45,-,-,00:05,+55,-,-,01:42,+51,02:52,+41
2191-Oct-03,P, 1.793, 0.821,01:37,+58,02:40,+47,-,-,04:09,+29,-,-,05:37,+10,06:40,-03
2192-Mar-29,T, 2.497, 1.412,00:14,+59,01:25,+56,02:34,+47,03:19,+38,04:05,+29,05:14,+15,06:25,+00
2192-Sep-21,T, 2.567, 1.615,17:47,-07,18:41,+04,19:38,+17,20:25,+27,21:12,+37,22:10,+48,23:03,+57
2193-Mar-18,P, 1.200, 0.114,00:26,+63,02:17,+53,-,-,02:57,+46,-,-,03:38,+38,05:29,+14
2194-Feb-05,N, 0.603,-0.415,15:13,-33,-,-,-,-,16:58,-15,-,-,-,-,18:42,+06
2195-Jan-26,P, 1.903, 0.927,03:50,+44,04:50,+31,-,-,06:22,+11,-,-,07:53,-07,08:54,-19
2196-Jan-15,T, 2.564, 1.588,19:25,+20,20:20,+32,21:18,+45,22:05,+55,22:51,+65,23:49,+77,00:45,+83
2197-Jun-29,N, 0.668,-0.323,19:57,+08,-,-,-,-,21:46,+26,-,-,-,-,23:34,+38
2197-Nov-24,N, 0.387,-0.706,23:07,+75,-,-,-,-,00:40,+82,-,-,-,-,02:14,+62
2198-May-21,P, 1.649, 0.704,02:49,+29,03:51,+19,-,-,05:13,+04,-,-,06:36,-12,07:37,-25
2198-Nov-13,P, 1.631, 0.538,21:08,+48,22:34,+67,-,-,23:57,+81,-,-,01:20,+72,02:46,+54
2199-May-10,T, 2.695, 1.730,19:06,+01,20:01,+12,20:59,+23,21:48,+31,22:37,+37,23:35,+43,00:30,+44
2199-Nov-02,T, 2.819, 1.773,23:52,+77,00:57,+73,01:58,+61,02:50,+50,03:41,+39,04:43,+26,05:47,+12
2201-Mar-20,N, 0.532,-0.560,20:29,+25,-,-,-,-,22:18,+47,-,-,-,-,00:07,+61
2201-Sep-13,N, 0.706,-0.246,18:41,+03,-,-,-,-,20:26,+25,-,-,-,-,22:11,+46
2201-Oct-13,N, 0.267,-0.690,03:29,+38,-,-,-,-,04:37,+24,-,-,-,-,05:44,+09
2202-Mar-09,P, 1.829, 0.751,19:22,+13,20:40,+29,-,-,22:14,+48,-,-,23:48,+63,01:06,+66
2203-Feb-27,T, 2.596, 1.569,00:51,+72,01:53,+64,02:55,+52,03:43,+42,04:31,+32,05:33,+19,06:35,+05
2203-Aug-23,T, 2.320, 1.281,17:42,-16,18:48,-02,19:59,+13,20:38,+21,21:17,+28,22:27,+40,23:34,+48
2204-Aug-11,N, 0.909,-0.163,20:44,+19,-,-,-,-,23:00,+41,-,-,-,-,01:16,+46
2205-Jan-06,N, 0.634,-0.351,19:15,+19,-,-,-,-,20:57,+40,-,-,-,-,22:40,+62
2205-Feb-05,N, 0.146,-0.824,06:55,+03,-,-,-,-,07:46,-07,-,-,-,-,08:37,-16
2205-Dec-27,P, 1.836, 0.801,06:09,+12,07:20,-02,-,-,08:51,-19,-,-,10:23,-32,11:33,-39
2206-Jun-21,T, 2.548, 1.571,18:06,-15,19:03,-03,20:03,+08,20:51,+16,21:38,+24,22:39,+32,23:36,+37
2208-May-01,N, 0.539,-0.441,19:35,+08,-,-,-,-,21:11,+27,-,-,-,-,22:48,+41
2208-May-31,N, 0.431,-0.523,04:08,+15,-,-,-,-,05:33,-01,-,-,-,-,06:58,-18
2208-Oct-24,N, 0.341,-0.685,22:36,+62,-,-,-,-,23:58,+73,-,-,-,-,01:20,+68
2209-Apr-21,P, 1.846, 0.809,04:49,+14,06:01,-01,-,-,07:35,-21,-,-,09:09,-41,10:20,-56
2210-Oct-04,T, 2.654, 1.699,01:47,+56,02:41,+47,03:38,+35,04:26,+25,05:14,+15,06:11,+03,07:05,-08
2211-Sep-23,P, 1.323, 0.342,17:42,-08,18:59,+09,-,-,20:02,+22,-,-,21:04,+36,22:21,+51
2212-Feb-17,N, 0.586,-0.426,23:43,+71,-,-,-,-,01:25,+73,-,-,-,-,03:08,+53
2212-Aug-13,N, 0.801,-0.250,15:18,-50,-,-,-,-,17:24,-23,-,-,-,-,19:31,+04
2213-Aug-02,T, 2.170, 1.099,15:37,-47,16:50,-31,18:13,-13,18:38,-08,19:04,-03,20:27,+14,21:40,+27
2214-Jan-27,T, 2.575, 1.598,04:12,+38,05:08,+26,06:06,+14,06:53,+04,07:40,-05,08:38,-16,09:33,-26
2214-Jul-22,T, 2.194, 1.152,17:33,-22,18:42,-07,19:59,+08,20:29,+14,20:59,+19,22:16,+32,23:25,+40
2215-Jan-16,P, 1.295, 0.273,17:39,-02,19:05,+15,-,-,20:02,+27,-,-,21:00,+39,22:25,+58
2215-Jun-12,N, 0.162,-0.802,19:27,+01,-,-,-,-,20:22,+11,-,-,-,-,21:16,+20
2215-Jul-12,N, 0.812,-0.175,02:54,+29,-,-,-,-,04:52,+10,-,-,-,-,06:50,-13
2216-Nov-25,P, 1.595, 0.501,04:57,+24,06:24,+06,-,-,07:45,-10,-,-,09:06,-24,10:32,-36
2217-May-22,T, 2.810, 1.844,02:40,+31,03:36,+22,04:33,+12,05:24,+02,06:14,-08,07:11,-19,08:06,-31
2218-May-11,P, 1.404, 0.384,14:57,-53,16:19,-35,-,-,17:27,-21,-,-,18:36,-07,19:57,+10
2218-Nov-03,P, 1.546, 0.559,18:56,+16,20:05,+31,-,-,21:22,+48,-,-,22:39,+64,23:49,+76
2219-Apr-01,N, 0.459,-0.631,03:58,+29,-,-,-,-,05:40,+08,-,-,-,-,07:22,-14
2219-Sep-25,N, 0.613,-0.344,02:38,+46,-,-,-,-,04:18,+26,-,-,-,-,05:57,+05
2220-Mar-20,P, 1.773, 0.700,03:05,+43,04:23,+27,-,-,05:54,+08,-,-,07:26,-12,08:44,-29
2220-Sep-13,P, 1.895, 0.902,16:20,-28,17:25,-15,-,-,18:59,+06,-,-,20:33,+26,21:37,+39
2221-Sep-03,T, 2.450, 1.405,00:37,+54,01:44,+49,02:51,+40,03:35,+32,04:20,+23,05:27,+09,06:34,-05
2222-Feb-26,P, 1.353, 0.377,22:22,+54,23:35,+67,-,-,00:39,+72,-,-,01:43,+67,02:57,+54
2222-Aug-23,N, 1.053,-0.021,03:09,+33,-,-,-,-,05:34,+06,-,-,-,-,07:59,-25
2223-Jan-18,N, 0.623,-0.364,04:02,+41,-,-,-,-,05:44,+19,-,-,-,-,07:26,-02
2223-Jul-13,N, 0.948,-0.080,15:28,-49,-,-,-,-,17:40,-22,-,-,-,-,19:51,+05
2224-Jan-07,P, 1.826, 0.787,14:38,-32,15:49,-22,-,-,17:20,-06,-,-,18:52,+12,20:03,+27
2224-Jul-02,T, 2.408, 1.435,01:21,+38,02:19,+33,03:21,+24,04:05,+17,04:49,+10,05:51,-02,06:48,-13
2224-Dec-26,T, 2.687, 1.596,18:41,+14,19:51,+28,20:57,+42,21:47,+53,22:37,+64,23:42,+78,00:53,+84
2225-Jun-21,P, 1.894, 0.951,17:31,-22,18:29,-11,-,-,20:01,+07,-,-,21:32,+22,22:30,+30
2225-Dec-15,P, 1.437, 0.334,18:20,+10,19:55,+30,-,-,21:03,+45,-,-,22:11,+60,23:46,+80
2226-May-13,N, 0.428,-0.553,03:21,+28,-,-,-,-,04:48,+12,-,-,-,-,06:16,-06
2226-Dec-04,N, 0.233,-0.830,21:21,+51,-,-,-,-,22:32,+66,-,-,-,-,23:43,+81
2227-Oct-25,P, 1.662, 0.689,17:56,+02,19:01,+16,-,-,20:24,+34,-,-,21:47,+51,22:51,+65
2228-Apr-20,T, 2.681, 1.601,14:35,-55,15:45,-41,16:51,-27,17:42,-16,18:33,-05,19:39,+09,20:49,+23
2229-Apr-09,P, 1.354, 0.279,15:06,-48,16:41,-28,-,-,17:43,-14,-,-,18:45,-01,20:20,+19
2229-Oct-04,P, 1.408, 0.422,01:28,+60,02:42,+47,-,-,03:51,+33,-,-,05:00,+19,06:14,+03
2230-Mar-29,N, 0.101,-0.928,21:34,+37,-,-,-,-,22:20,+45,-,-,-,-,23:06,+52
2230-Aug-24,N, 0.661,-0.395,22:13,+38,-,-,-,-,00:10,+50,-,-,-,-,02:06,+45
2231-Feb-17,P, 1.867, 0.896,21:18,+41,22:19,+54,-,-,23:49,+71,-,-,01:19,+73,02:20,+63
2231-Aug-13,P, 2.016, 0.944,22:09,+35,23:24,+44,-,-,01:07,+47,-,-,02:51,+36,04:06,+24
2232-Feb-07,T, 2.588, 1.611,12:58,-47,13:54,-44,14:52,-37,15:39,-30,16:26,-22,17:24,-11,18:20,+00
2232-Aug-02,T, 2.346, 1.306,00:14,+44,01:21,+43,02:31,+36,03:11,+31,03:52,+24,05:01,+11,06:08,-02
2233-Jan-27,P, 1.301, 0.277,02:13,+65,03:38,+46,-,-,04:36,+34,-,-,05:34,+21,07:00,+03
2233-Jun-23,N, 0.040,-0.921,03:16,+23,-,-,-,-,03:44,+19,-,-,-,-,04:11,+15
2233-Dec-17,N, 0.334,-0.765,15:04,-26,-,-,-,-,16:32,-12,-,-,-,-,18:00,+05
2234-Jun-12,P, 1.402, 0.460,18:07,-14,19:15,-01,-,-,20:24,+11,-,-,21:33,+23,22:41,+32
2234-Dec-06,P, 1.566, 0.472,12:52,-40,14:20,-32,-,-,15:39,-21,-,-,16:57,-07,18:25,+10
2235-Nov-25,T, 2.865, 1.820,16:03,-17,17:07,-05,18:08,+08,18:59,+18,19:51,+29,20:52,+42,21:56,+56
2236-May-21,P, 1.519, 0.499,22:05,+33,23:23,+41,-,-,00:40,+43,-,-,01:57,+38,03:14,+28
2236-Nov-14,P, 1.590, 0.602,03:18,+44,04:26,+29,-,-,05:45,+12,-,-,07:04,-04,08:13,-17
2237-May-11,N, 0.086,-0.983,04:22,+17,-,-,-,-,05:07,+08,-,-,-,-,05:52,-01
2237-Nov-03,N, 0.381,-0.581,19:55,+29,-,-,-,-,21:15,+46,-,-,-,-,22:34,+63
2238-Sep-24,P, 1.797, 0.799,23:58,+63,01:05,+61,-,-,02:35,+48,-,-,04:05,+30,05:12,+16
2239-Mar-20,T, 2.679, 1.664,17:08,-18,18:08,-06,19:09,+07,19:58,+18,20:48,+28,21:48,+40,22:49,+51
2241-Feb-27,N, 0.183,-0.785,00:11,+72,-,-,-,-,01:08,+72,-,-,-,-,02:04,+64
2241-Jul-23,N, 0.807,-0.218,22:26,+35,-,-,-,-,00:29,+44,-,-,-,-,02:32,+36
2242-Jan-17,P, 1.816, 0.774,23:07,+69,00:18,+82,-,-,01:49,+72,-,-,03:20,+52,04:32,+36
2243-Jan-07,T, 2.700, 1.607,02:48,+57,03:59,+42,05:04,+28,05:55,+17,06:45,+07,07:50,-06,09:01,-19
2243-Jul-03,T, 2.029, 1.088,00:56,+38,01:52,+35,03:06,+26,03:28,+23,03:50,+20,05:04,+07,06:00,-04
2243-Dec-27,P, 1.456, 0.353,02:19,+63,03:53,+42,-,-,05:03,+28,-,-,06:13,+13,07:47,-05
2244-Jun-21,N, 0.673,-0.282,18:44,-08,-,-,-,-,20:28,+12,-,-,-,-,22:13,+27
2244-Dec-15,N, 0.258,-0.804,05:32,+20,-,-,-,-,06:46,+05,-,-,-,-,08:00,-09
2245-May-12,P, 1.619, 0.581,19:24,+05,20:41,+20,-,-,22:04,+33,-,-,23:28,+42,00:45,+44
2245-Nov-05,P, 1.614, 0.640,02:18,+56,03:24,+42,-,-,04:44,+25,-,-,06:04,+08,07:10,-05
2246-May-01,T, 2.792, 1.714,21:33,+32,22:43,+41,23:48,+47,00:41,+47,01:33,+44,02:38,+36,03:48,+25
2246-Oct-25,T, 2.795, 1.834,18:10,+05,19:04,+17,20:00,+29,20:49,+40,21:39,+51,22:35,+62,23:29,+72
2247-Apr-20,P, 1.449, 0.379,22:15,+40,23:44,+49,-,-,00:55,+50,-,-,02:06,+43,03:35,+29
2248-Mar-10,N, 0.526,-0.477,16:28,-26,-,-,-,-,18:05,-06,-,-,-,-,19:42,+14
2248-Apr-09,N, 0.179,-0.844,05:02,+13,-,-,-,-,06:03,+00,-,-,-,-,07:03,-13
2248-Sep-04,N, 0.529,-0.531,05:13,+11,-,-,-,-,06:59,-11,-,-,-,-,08:46,-34
2248-Oct-03,N, 0.061,-0.984,20:36,+34,-,-,-,-,21:13,+41,-,-,-,-,21:49,+49
2249-Feb-28,P, 1.836, 0.868,05:56,+12,06:56,-01,-,-,08:25,-20,-,-,09:54,-37,10:55,-47
2249-Aug-24,P, 1.873, 0.799,04:47,+15,06:05,-01,-,-,07:43,-22,-,-,09:20,-43,10:38,-59
2250-Feb-17,T, 2.609, 1.633,21:38,+46,22:34,+57,23:32,+68,00:19,+74,01:07,+73,02:04,+65,03:00,+54
2251-Aug-02,P, 1.097, 0.115,17:02,-27,18:36,-08,-,-,19:14,+00,-,-,19:51,+08,21:26,+26
2251-Dec-28,N, 0.316,-0.785,23:08,+72,-,-,-,-,00:33,+87,-,-,-,-,01:59,+70
2252-Jun-23,P, 1.270, 0.329,01:42,+35,02:54,+27,-,-,03:54,+18,-,-,04:53,+08,06:06,-06
2252-Dec-16,P, 1.547, 0.452,20:54,+44,22:22,+63,-,-,23:39,+80,-,-,00:56,+82,02:25,+63
2253-Jun-12,T, 2.620, 1.652,17:34,-21,18:30,-10,19:29,+02,20:18,+11,21:06,+19,22:05,+28,23:01,+34
2253-Dec-06,T, 2.841, 1.797,00:21,+85,01:24,+73,02:25,+60,03:16,+49,04:07,+38,05:08,+25,06:12,+11
2254-Jun-02,P, 1.645, 0.623,05:06,+05,06:20,-10,-,-,07:45,-28,-,-,09:10,-45,10:24,-61
2255-Apr-22,N, 0.272,-0.812,18:37,-04,-,-,-,-,19:56,+13,-,-,-,-,21:16,+28
2255-Oct-16,N, 0.462,-0.502,18:57,+14,-,-,-,-,20:25,+33,-,-,-,-,21:53,+52
2255-Nov-15,N, 0.421,-0.543,04:21,+30,-,-,-,-,05:45,+12,-,-,-,-,07:08,-05
2256-Apr-10,P, 1.622, 0.561,18:07,-08,19:28,+09,-,-,20:51,+26,-,-,22:14,+41,23:35,+51
2257-Mar-31,T, 2.737, 1.727,01:07,+57,02:07,+50,03:07,+40,03:57,+31,04:47,+20,05:47,+08,06:47,-05
2257-Sep-24,T, 2.680, 1.624,14:46,-45,15:53,-32,16:57,-19,17:48,-08,18:38,+03,19:42,+17,20:49,+32
2258-Mar-20,P, 1.436, 0.468,15:11,-43,16:20,-29,-,-,17:30,-15,-,-,18:41,+00,19:50,+15
2258-Sep-13,P, 1.316, 0.236,16:22,-29,18:02,-08,-,-,19:00,+05,-,-,19:58,+18,21:38,+38
2259-Feb-08,N, 0.592,-0.397,21:32,+45,-,-,-,-,23:12,+65,-,-,-,-,00:52,+76
2259-Aug-04,N, 0.671,-0.352,05:29,+04,-,-,-,-,07:22,-19,-,-,-,-,09:15,-43
2259-Sep-02,N, 0.010,-1.044,19:53,+13,-,-,-,-,20:08,+16,-,-,-,-,20:23,+19
2260-Jul-23,T, 2.132, 1.164,15:58,-42,16:57,-30,18:08,-15,18:37,-09,19:07,-03,20:17,+11,21:16,+21
2262-Jun-03,N, 0.178,-0.804,18:43,-06,-,-,-,-,19:41,+05,-,-,-,-,20:39,+16
2262-Jul-03,N, 0.801,-0.156,01:59,+34,-,-,-,-,03:51,+19,-,-,-,-,05:44,-01
2262-Nov-26,N, 0.242,-0.783,23:18,+75,-,-,-,-,00:27,+82,-,-,-,-,01:36,+70
2263-May-24,P, 1.489, 0.450,02:29,+33,03:51,+20,-,-,05:06,+06,-,-,06:21,-09,07:43,-26
2264-May-12,T, 2.874, 1.798,04:21,+15,05:31,+01,06:36,-12,07:29,-23,08:22,-34,09:27,-48,10:36,-63
2264-Nov-05,T, 2.833, 1.868,02:33,+53,03:27,+41,04:23,+29,05:13,+19,06:02,+08,06:58,-03,07:52,-14
2265-May-01,P, 1.559, 0.493,05:15,+06,06:39,-12,-,-,07:58,-29,-,-,09:18,-46,10:42,-64
2265-Oct-25,P, 1.545, 0.548,17:20,-05,18:32,+10,-,-,19:49,+27,-,-,21:06,+44,22:17,+59
2266-Mar-22,N, 0.480,-0.517,00:43,+64,-,-,-,-,02:16,+54,-,-,-,-,03:49,+36
2266-Oct-15,N, 0.137,-0.914,03:48,+35,-,-,-,-,04:43,+23,-,-,-,-,05:38,+11
2267-Mar-11,P, 1.798, 0.834,14:28,-48,15:29,-38,-,-,16:57,-21,-,-,18:25,-03,19:26,+10
2268-Feb-29,T, 2.636, 1.660,06:14,+07,07:09,-05,08:07,-17,08:55,-27,09:43,-36,10:41,-46,11:37,-53
2268-Aug-23,T, 2.629, 1.591,13:56,-64,15:01,-51,16:05,-38,16:54,-27,17:44,-16,18:48,-02,19:53,+11
2269-Feb-17,P, 1.329, 0.302,19:06,+11,20:30,+29,-,-,21:31,+42,-,-,22:32,+55,23:56,+70
2269-Aug-13,P, 1.232, 0.252,00:14,+48,01:36,+45,-,-,02:31,+39,-,-,03:26,+31,04:48,+16
2270-Jan-08,N, 0.300,-0.803,07:12,+01,-,-,-,-,08:36,-14,-,-,-,-,09:59,-28
2270-Dec-28,P, 1.530, 0.436,04:58,+28,06:26,+10,-,-,07:42,-05,-,-,08:58,-19,10:27,-32
2271-Jun-24,T, 2.486, 1.517,00:55,+38,01:52,+34,02:52,+28,03:38,+21,04:24,+14,05:25,+03,06:21,-08
2272-Dec-05,P, 1.647, 0.660,20:24,+38,21:30,+52,-,-,22:52,+70,-,-,00:14,+85,01:20,+76
2273-May-03,N, 0.160,-0.920,01:50,+41,-,-,-,-,02:51,+32,-,-,-,-,03:53,+22
2273-Jun-01,N, 0.341,-0.727,17:05,-27,-,-,-,-,18:33,-09,-,-,-,-,20:01,+09
2273-Oct-27,N, 0.404,-0.565,03:16,+43,-,-,-,-,04:39,+25,-,-,-,-,06:02,+08
2274-Apr-22,P, 1.528, 0.472,01:28,+47,02:51,+36,-,-,04:08,+22,-,-,05:26,+07,06:49,-11
2274-Oct-16,P, 1.637, 0.626,15:33,-29,16:45,-15,-,-,18:07,+02,-,-,19:30,+20,20:42,+36
2275-Oct-05,T, 2.779, 1.717,22:01,+51,23:08,+62,00:12,+67,01:03,+65,01:55,+57,02:59,+45,04:06,+32
2276-Mar-30,P, 1.494, 0.530,23:24,+56,00:31,+59,-,-,01:45,+54,-,-,02:59,+43,04:07,+30
2276-Sep-23,P, 1.431, 0.348,23:12,+58,00:45,+62,-,-,01:55,+54,-,-,03:04,+42,04:37,+23
2277-Feb-19,N, 0.566,-0.423,06:10,+09,-,-,-,-,07:48,-12,-,-,-,-,09:27,-31
2277-Mar-20,N, 0.254,-0.711,16:58,-21,-,-,-,-,18:04,-07,-,-,-,-,19:10,+07
2277-Sep-13,N, 0.133,-0.921,02:14,+47,-,-,-,-,03:09,+38,-,-,-,-,04:03,+28
2278-Feb-08,P, 1.786, 0.741,15:55,-27,17:08,-13,-,-,18:38,+05,-,-,20:09,+24,21:21,+40
2278-Aug-03,T, 1.998, 1.032,23:20,+42,00:20,+45,01:43,+42,01:57,+41,02:10,+40,03:33,+28,04:33,+18
2279-Jan-28,T, 2.731, 1.635,18:58,+13,20:09,+28,21:14,+42,22:05,+53,22:56,+64,00:01,+77,01:12,+79
2279-Jul-24,T, 2.300, 1.359,15:49,-44,16:43,-33,17:44,-20,18:24,-12,19:04,-04,20:06,+08,21:00,+18
2280-Jan-17,P, 1.487, 0.386,18:24,+07,19:56,+26,-,-,21:09,+42,-,-,22:21,+58,23:53,+77
2280-Jun-14,N, 0.042,-0.942,02:29,+32,-,-,-,-,02:57,+29,-,-,-,-,03:26,+24
2281-Jan-05,N, 0.293,-0.764,22:07,+57,-,-,-,-,23:26,+75,-,-,-,-,00:44,+86
2281-Nov-26,P, 1.549, 0.574,19:22,+24,20:30,+38,-,-,21:46,+55,-,-,23:03,+71,00:10,+83
2283-Nov-06,P, 1.598, 0.594,01:27,+67,02:38,+53,-,-,03:58,+35,-,-,05:18,+18,06:28,+04
2284-Apr-30,N, 0.368,-0.643,19:46,+10,-,-,-,-,21:11,+26,-,-,-,-,22:35,+38
2284-Sep-25,N, 0.299,-0.772,19:36,+16,-,-,-,-,20:58,+34,-,-,-,-,22:21,+50
2285-Mar-21,P, 1.746, 0.785,22:53,+54,23:54,+62,-,-,01:20,+60,-,-,02:46,+48,03:47,+36
2285-Sep-14,P, 1.613, 0.536,18:24,-02,19:49,+17,-,-,21:12,+34,-,-,22:36,+49,00:00,+59
2286-Mar-11,T, 2.675, 1.700,14:41,-46,15:37,-37,16:35,-25,17:23,-15,18:12,-05,19:10,+07,20:05,+19
2286-Sep-03,T, 2.758, 1.721,20:58,+29,22:03,+41,23:05,+50,23:57,+55,00:48,+55,01:51,+50,02:55,+41
2287-Mar-01,P, 1.355, 0.328,03:22,+45,04:46,+27,-,-,05:49,+13,-,-,06:52,-01,08:16,-18
2288-Jan-19,N, 0.283,-0.820,15:17,-28,-,-,-,-,16:38,-15,-,-,-,-,18:00,+00
2288-Jul-14,P, 1.002, 0.060,16:49,-32,18:24,-13,-,-,18:50,-08,-,-,19:17,-02,20:51,+15
2288-Aug-13,N, 0.087,-0.857,00:55,+49,-,-,-,-,01:34,+46,-,-,-,-,02:13,+42
2289-Jan-07,P, 1.519, 0.426,13:06,-40,14:35,-32,-,-,15:50,-22,-,-,17:04,-09,18:33,+08
2289-Dec-27,T, 2.811, 1.771,17:10,-05,18:14,+07,19:14,+20,20:05,+30,20:56,+41,21:56,+54,23:00,+68
2290-Jun-23,P, 1.922, 0.896,18:49,-06,19:59,+07,-,-,21:36,+24,-,-,23:14,+36,00:23,+40
2290-Dec-17,P, 1.664, 0.677,05:06,+24,06:12,+10,-,-,07:34,-06,-,-,08:56,-20,10:03,-30
2291-Jun-12,N, 0.484,-0.584,23:23,+38,-,-,-,-,01:06,+40,-,-,-,-,02:50,+30
2291-Dec-06,N, 0.474,-0.495,21:35,+53,-,-,-,-,23:04,+72,-,-,-,-,00:32,+84
2292-Oct-26,P, 1.574, 0.558,23:31,+74,00:45,+74,-,-,02:04,+60,-,-,03:23,+43,04:37,+27
2293-Apr-21,T, 2.824, 1.826,16:43,-27,17:42,-15,18:41,-03,19:32,+08,20:23,+18,21:22,+29,22:21,+39
2293-Oct-16,T, 2.866, 1.798,05:23,+13,06:31,-02,07:34,-15,08:27,-25,09:19,-35,10:22,-45,11:30,-52
2294-Oct-05,P, 1.536, 0.450,06:10,+01,07:39,-18,-,-,08:57,-34,-,-,10:14,-47,11:43,-58
2295-Apr-01,N, 0.304,-0.659,01:09,+58,-,-,-,-,02:21,+50,-,-,-,-,03:34,+37
2295-Aug-25,N, 0.422,-0.597,19:54,+14,-,-,-,-,21:25,+32,-,-,-,-,22:57,+47
2296-Feb-20,P, 1.760, 0.713,00:11,+73,01:25,+70,-,-,02:54,+54,-,-,04:23,+35,05:37,+19
2297-Feb-08,T, 2.754, 1.658,02:57,+55,04:08,+39,05:13,+25,06:04,+14,06:56,+03,08:01,-11,09:12,-24
2297-Aug-03,T, 2.432, 1.490,23:18,+42,00:12,+45,01:11,+44,01:55,+41,02:40,+36,03:39,+27,04:32,+18
2298-Jan-28,P, 1.506, 0.407,02:25,+63,03:55,+43,-,-,05:09,+27,-,-,06:23,+11,07:54,-07
2298-Jul-24,P, 1.064, 0.102,16:25,-37,17:57,-18,-,-,18:32,-11,-,-,19:07,-04,20:40,+14
2298-Dec-18,N, 0.220,-0.803,16:16,-16,-,-,-,-,17:22,-04,-,-,-,-,18:27,+09
2299-Jan-17,N, 0.308,-0.747,06:29,+10,-,-,-,-,07:49,-06,-,-,-,-,09:08,-20
2299-Jun-14,P, 1.204, 0.162,16:22,-37,18:02,-16,-,-,18:49,-07,-,-,19:37,+03,21:16,+20
2299-Dec-08,P, 1.531, 0.555,04:04,+37,05:12,+22,-,-,06:27,+07,-,-,07:42,-08,08:50,-20
2300-Jun-03,T, 2.591, 1.518,17:40,-19,18:50,-05,19:57,+08,20:46,+17,21:36,+25,22:43,+34,23:53,+39
2300-Nov-27,T, 2.766, 1.795,19:38,+28,20:33,+40,21:30,+52,22:19,+63,23:08,+73,00:04,+83,00:59,+80
2301-May-23,P, 1.809, 0.754,18:57,-02,20:13,+13,-,-,21:47,+28,-,-,23:21,+39,00:37,+41
2302-Apr-13,N, 0.355,-0.630,16:58,-24,-,-,-,-,18:18,-07,-,-,-,-,19:38,+10
2302-May-13,N, 0.478,-0.527,03:01,+29,-,-,-,-,04:36,+12,-,-,-,-,06:10,-07
2302-Oct-08,N, 0.201,-0.875,03:00,+44,-,-,-,-,04:07,+30,-,-,-,-,05:16,+15
2302-Nov-06,N, 0.256,-0.807,18:50,+16,-,-,-,-,20:04,+32,-,-,-,-,21:19,+49
2303-Sep-27,P, 1.501, 0.421,01:25,+58,02:53,+43,-,-,04:09,+28,-,-,05:24,+12,06:53,-07
2304-Mar-22,T, 2.724, 1.749,23:02,+56,23:58,+61,00:55,+61,01:45,+57,02:34,+49,03:31,+39,04:27,+27
2304-Sep-15,T, 2.876, 1.839,04:09,+25,05:13,+12,06:15,-01,07:07,-12,07:59,-23,09:01,-36,10:05,-49
2305-Sep-04,P, 1.483, 0.504,14:58,-48,16:09,-34,-,-,17:24,-18,-,-,18:38,-01,19:49,+14
2306-Jan-30,N, 0.263,-0.841,23:19,+70,-,-,-,-,00:38,+82,-,-,-,-,01:56,+71
2306-Mar-01,N, 0.024,-1.060,18:37,+02,-,-,-,-,19:01,+07,-,-,-,-,19:25,+13
2306-Jul-27,N, 0.870,-0.073,00:25,+41,-,-,-,-,02:19,+36,-,-,-,-,04:14,+19
2307-Jan-19,P, 1.506, 0.416,21:14,+44,22:43,+63,-,-,23:57,+79,-,-,01:11,+81,02:40,+62
2307-Jul-16,T, 2.207, 1.233,15:28,-50,16:27,-37,17:35,-23,18:09,-16,18:44,-09,19:52,+05,20:51,+16
2308-Jan-09,T, 2.801, 1.764,01:40,+72,02:43,+59,03:43,+46,04:34,+35,05:25,+24,06:25,+11,07:28,-01
2308-Jul-05,T, 2.069, 1.040,01:35,+37,02:43,+30,04:09,+17,04:25,+14,04:41,+11,06:08,-05,07:16,-19
2308-Dec-28,P, 1.676, 0.691,13:51,-37,14:56,-29,-,-,16:19,-16,-,-,17:42,-01,18:48,+12
2309-Nov-18,N, 0.317,-0.659,20:14,+36,-,-,-,-,21:29,+52,-,-,-,-,22:43,+68
2309-Dec-18,N, 0.489,-0.482,06:21,+08,-,-,-,-,07:50,-09,-,-,-,-,09:20,-25
2310-May-14,P, 1.309, 0.264,15:53,-41,17:25,-22,-,-,18:24,-09,-,-,19:23,+03,20:55,+20
2311-May-04,T, 2.724, 1.733,00:22,+47,01:20,+45,02:19,+38,03:10,+31,04:00,+22,04:59,+11,05:57,-01
2311-Oct-28,T, 2.851, 1.777,12:53,-50,14:02,-42,15:06,-32,15:58,-23,16:50,-13,17:54,+01,19:02,+15
2312-Apr-22,P, 1.643, 0.687,15:30,-44,16:33,-30,-,-,17:55,-13,-,-,19:16,+04,20:20,+17
2312-Oct-16,P, 1.626, 0.537,13:19,-52,14:45,-39,-,-,16:09,-24,-,-,17:32,-07,18:58,+12
2313-Mar-13,N, 0.489,-0.500,23:11,+58,-,-,-,-,00:43,+64,-,-,-,-,02:16,+55
2313-Sep-06,N, 0.312,-0.706,03:19,+35,-,-,-,-,04:38,+20,-,-,-,-,05:57,+03
2313-Oct-05,N, 0.345,-0.709,16:12,-26,-,-,-,-,17:38,-08,-,-,-,-,19:03,+10
2314-Aug-26,P, 1.751, 0.787,14:21,-58,15:23,-46,-,-,16:51,-27,-,-,18:18,-08,19:21,+05
2316-Aug-04,P, 1.193, 0.227,23:40,+43,01:02,+44,-,-,01:53,+40,-,-,02:45,+35,04:07,+22
2316-Dec-30,N, 0.216,-0.804,00:51,+82,-,-,-,-,01:56,+69,-,-,-,-,03:01,+55
2317-Jun-25,P, 1.053, 0.010,23:13,+37,01:21,+38,-,-,01:33,+38,-,-,01:45,+37,03:53,+20
2318-Jun-15,T, 2.440, 1.368,00:13,+40,01:23,+37,02:33,+31,03:18,+25,04:02,+17,05:12,+05,06:23,-09
2318-Dec-09,T, 2.744, 1.771,04:18,+33,05:13,+22,06:10,+10,06:59,+01,07:48,-09,08:45,-19,09:40,-27
2319-Jun-04,P, 1.946, 0.895,01:43,+36,02:56,+27,-,-,04:35,+11,-,-,06:15,-08,07:28,-23
2319-Nov-28,P, 1.667, 0.653,18:02,+07,19:12,+22,-,-,20:36,+40,-,-,21:59,+58,23:10,+73
2320-Apr-24,N, 0.275,-0.705,00:57,+51,-,-,-,-,02:08,+44,-,-,-,-,03:18,+33
2320-Nov-17,N, 0.298,-0.770,02:36,+55,-,-,-,-,03:56,+37,-,-,-,-,05:17,+20
2321-Apr-13,P, 1.611, 0.656,15:23,-44,16:26,-31,-,-,17:47,-14,-,-,19:07,+03,20:10,+16
2323-Mar-23,P, 1.439, 0.411,19:30,+13,20:50,+29,-,-,22:01,+43,-,-,23:11,+54,00:31,+60
2323-Sep-15,P, 1.595, 0.617,22:32,+50,23:39,+58,-,-,01:00,+59,-,-,02:20,+49,03:28,+37
2324-Mar-12,N, 0.064,-1.018,02:07,+56,-,-,-,-,02:46,+49,-,-,-,-,03:25,+42
2325-Jan-30,P, 1.491, 0.403,05:21,+24,06:51,+05,-,-,08:04,-10,-,-,09:16,-24,10:46,-37
2325-Jul-26,T, 2.068, 1.090,22:43,+36,23:44,+41,01:01,+42,01:23,+41,01:46,+40,03:03,+31,04:03,+22
2327-Jan-08,P, 1.685, 0.701,22:39,+65,23:44,+78,-,-,01:07,+80,-,-,02:30,+63,03:35,+49
2327-Nov-30,N, 0.289,-0.692,04:51,+26,-,-,-,-,06:02,+12,-,-,-,-,07:14,-02
2327-Dec-29,N, 0.498,-0.474,15:10,-27,-,-,-,-,16:40,-13,-,-,-,-,18:11,+04
2328-May-24,P, 1.185, 0.146,22:58,+37,00:38,+41,-,-,01:23,+39,-,-,02:08,+35,03:48,+21
2328-Nov-18,P, 1.482, 0.454,15:45,-20,17:03,-06,-,-,18:16,+09,-,-,19:29,+24,20:48,+41
2329-Nov-07,T, 2.793, 1.715,20:30,+39,21:39,+54,22:43,+67,23:35,+76,00:27,+79,01:31,+69,02:40,+55
2330-May-03,P, 1.733, 0.781,23:23,+45,00:24,+48,-,-,01:50,+42,-,-,03:15,+31,04:17,+20
2330-Oct-27,P, 1.704, 0.612,20:38,+38,22:01,+56,-,-,23:29,+72,-,-,00:58,+72,02:21,+57
2331-Apr-23,N, 0.440,-0.521,17:04,-23,-,-,-,-,18:31,-05,-,-,-,-,19:57,+13
2331-Oct-16,N, 0.433,-0.621,23:31,+68,-,-,-,-,01:06,+67,-,-,-,-,02:41,+50
2332-Mar-13,P, 1.679, 0.631,16:23,-27,17:40,-12,-,-,19:05,+07,-,-,20:30,+25,21:47,+41
2332-Sep-05,P, 1.641, 0.677,22:00,+42,23:05,+51,-,-,00:28,+57,-,-,01:50,+51,02:55,+42
2333-Mar-02,T, 2.820, 1.726,18:39,+04,19:50,+19,20:55,+33,21:47,+44,22:39,+55,23:44,+65,00:55,+69
2333-Aug-26,T, 2.682, 1.737,14:27,-57,15:21,-46,16:17,-35,17:06,-24,17:55,-14,18:51,-02,19:44,+09
2334-Feb-19,P, 1.554, 0.461,18:19,+01,19:47,+20,-,-,21:05,+37,-,-,22:22,+53,23:50,+70
2335-Feb-08,N, 0.343,-0.703,23:08,+66,-,-,-,-,00:32,+79,-,-,-,-,01:55,+70
2335-Dec-30,P, 1.510, 0.534,21:40,+52,22:48,+67,-,-,00:02,+82,-,-,01:16,+79,02:24,+64
2336-Dec-19,T, 2.732, 1.755,13:04,-39,13:59,-35,14:56,-28,15:45,-21,16:34,-13,17:31,-02,18:26,+09
2337-Dec-09,P, 1.689, 0.670,02:27,+59,03:37,+43,-,-,05:02,+26,-,-,06:27,+08,07:37,-05
2338-Jun-03,N, 0.726,-0.268,17:19,-24,-,-,-,-,19:11,-02,-,-,-,-,21:04,+18
2338-Oct-29,N, 0.045,-1.041,18:18,+06,-,-,-,-,18:51,+13,-,-,-,-,19:24,+20
2339-Apr-24,P, 1.526, 0.575,23:28,+49,00:33,+51,-,-,01:49,+45,-,-,03:05,+35,04:10,+23
2339-Oct-18,P, 1.317, 0.234,15:53,-26,17:33,-06,-,-,18:30,+07,-,-,19:28,+19,21:07,+41
2340-Apr-13,T, 2.831, 1.858,15:18,-45,16:14,-34,17:11,-21,18:01,-11,18:51,+00,19:48,+11,20:44,+23
2340-Oct-06,T, 2.679, 1.643,19:00,+12,20:03,+26,21:06,+39,21:56,+50,22:46,+59,23:48,+67,00:52,+67
2341-Apr-03,P, 1.500, 0.471,03:20,+36,04:38,+20,-,-,05:53,+04,-,-,07:08,-12,08:26,-29
2342-Sep-15,N, 0.426,-0.523,23:16,+57,-,-,-,-,00:40,+60,-,-,-,-,02:04,+52
2343-Feb-10,P, 1.470, 0.386,13:27,-46,14:56,-37,-,-,16:07,-25,-,-,17:19,-12,18:48,+06
2344-Jan-30,T, 2.778, 1.748,18:42,+09,19:44,+22,20:44,+35,21:34,+46,22:25,+57,23:25,+69,00:27,+79
2344-Jul-26,T, 2.371, 1.335,15:00,-55,16:06,-41,17:15,-26,17:57,-17,18:39,-09,19:47,+05,20:53,+18
2345-Jul-15,N, 0.945,-0.123,18:08,-14,-,-,-,-,20:27,+13,-,-,-,-,22:45,+35
2346-Jan-08,N, 0.506,-0.467,23:59,+81,-,-,-,-,01:30,+75,-,-,-,-,03:02,+55
2346-Nov-30,P, 1.452, 0.418,00:00,+85,01:21,+73,-,-,02:32,+58,-,-,03:42,+43,05:03,+26
2347-May-25,T, 2.497, 1.516,15:24,-48,16:22,-36,17:23,-23,18:09,-13,18:55,-04,19:56,+08,20:54,+18
2347-Nov-19,T, 2.749, 1.665,04:15,+32,05:25,+17,06:29,+04,07:20,-07,08:12,-16,09:16,-27,10:26,-37
2348-Nov-07,P, 1.767, 0.673,04:06,+32,05:28,+15,-,-,07:00,-04,-,-,08:31,-22,09:53,-36
2349-May-04,N, 0.525,-0.435,00:49,+48,-,-,-,-,02:23,+39,-,-,-,-,03:56,+24
2349-Sep-27,N, 0.126,-0.891,18:37,+05,-,-,-,-,19:28,+16,-,-,-,-,20:18,+27
2350-Mar-25,P, 1.622, 0.575,00:18,+61,01:36,+57,-,-,02:58,+44,-,-,04:21,+27,05:39,+11
2350-Sep-17,P, 1.540, 0.575,05:46,+05,06:53,-10,-,-,08:10,-26,-,-,09:27,-41,10:34,-53
2351-Mar-14,T, 2.867, 1.774,02:20,+54,03:31,+41,04:35,+27,05:28,+16,06:21,+04,07:25,-10,08:36,-25
2351-Sep-06,T, 2.797, 1.849,22:09,+43,23:02,+51,23:58,+55,00:48,+56,01:38,+52,02:34,+45,03:27,+36
2352-Mar-02,P, 1.590, 0.501,02:08,+61,03:34,+43,-,-,04:55,+26,-,-,06:15,+08,07:41,-10
2352-Aug-26,P, 1.439, 0.465,14:19,-60,15:30,-45,-,-,16:42,-30,-,-,17:54,-14,19:05,+01
2353-Jan-20,N, 0.213,-0.801,18:06,+01,-,-,-,-,19:10,+15,-,-,-,-,20:14,+28
2354-Jan-10,P, 1.502, 0.527,06:30,+08,07:38,-05,-,-,08:51,-19,-,-,10:05,-30,11:13,-38
2354-Dec-30,T, 2.721, 1.743,21:51,+55,22:47,+67,23:44,+79,00:33,+86,01:21,+78,02:18,+65,03:14,+53
2355-Jun-25,T, 2.241, 1.199,15:05,-54,16:13,-40,17:27,-24,18:01,-17,18:35,-11,19:50,+04,20:58,+16
2356-Jun-14,N, 0.860,-0.129,00:24,+38,-,-,-,-,02:24,+31,-,-,-,-,04:25,+13
2356-Dec-08,N, 0.355,-0.723,18:28,+12,-,-,-,-,19:56,+31,-,-,-,-,21:24,+50
2357-Oct-28,P, 1.248, 0.163,23:22,+71,01:08,+70,-,-,01:56,+61,-,-,02:45,+51,04:30,+29
2358-Apr-24,T, 2.745, 1.772,23:13,+47,00:09,+50,01:07,+48,01:57,+44,02:46,+37,03:44,+27,04:40,+16
2358-Oct-18,T, 2.599, 1.563,02:39,+49,03:43,+36,04:46,+22,05:34,+12,06:23,+01,07:26,-12,08:30,-24
2359-Oct-07,P, 1.785, 0.806,14:06,-48,15:10,-37,-,-,16:39,-19,-,-,18:07,+00,19:11,+14
2360-Mar-03,N, 0.162,-0.937,23:07,+61,-,-,-,-,00:09,+69,-,-,-,-,01:12,+69
2360-Apr-02,N, 0.183,-0.897,16:46,-26,-,-,-,-,17:51,-12,-,-,-,-,18:56,+02
2360-Aug-27,N, 0.495,-0.455,23:27,+48,-,-,-,-,00:57,+51,-,-,-,-,02:27,+43
2361-Feb-20,P, 1.443, 0.363,21:28,+43,22:58,+61,-,-,00:08,+72,-,-,01:17,+72,02:47,+57
2362-Feb-10,T, 2.761, 1.735,03:10,+51,04:12,+38,05:12,+25,06:02,+14,06:52,+03,07:52,-09,08:54,-21
2362-Aug-06,T, 2.521, 1.481,21:43,+30,22:49,+39,23:54,+45,00:42,+46,01:29,+44,02:35,+38,03:41,+28
2363-Jan-30,P, 1.705, 0.725,16:14,-21,17:18,-09,-,-,18:42,+07,-,-,20:06,+25,21:10,+39
2363-Jul-27,P, 1.104, 0.035,00:23,+44,02:28,+36,-,-,02:51,+33,-,-,03:14,+30,05:18,+08
2363-Dec-21,N, 0.250,-0.738,22:16,+61,-,-,-,-,23:23,+76,-,-,-,-,00:30,+88
2365-Jun-04,T, 2.372, 1.396,22:50,+35,23:48,+39,00:51,+39,01:33,+37,02:16,+33,03:18,+25,04:16,+16
2365-Nov-29,T, 2.713, 1.625,12:06,-42,13:16,-40,14:21,-33,15:12,-26,16:02,-18,17:07,-06,18:17,+08
2366-May-25,T, 1.947, 1.001,14:49,-56,15:46,-44,17:18,-24,17:20,-24,17:22,-24,18:53,-05,19:51,+06
2367-Apr-15,N, 0.288,-0.701,23:51,+51,-,-,-,-,01:03,+50,-,-,-,-,02:16,+43
2367-Oct-09,N, 0.052,-0.964,02:34,+50,-,-,-,-,03:07,+44,-,-,-,-,03:40,+37
2367-Nov-07,N, 0.568,-0.487,14:48,-34,-,-,-,-,16:35,-14,-,-,-,-,18:22,+07
2368-Sep-27,P, 1.451, 0.486,13:41,-55,14:50,-43,-,-,16:02,-29,-,-,17:13,-14,18:23,+00
2369-Sep-17,T, 2.764, 1.814,05:57,+02,06:51,-10,07:47,-21,08:36,-32,09:26,-42,10:22,-52,11:15,-60
2370-Sep-06,P, 1.553, 0.574,21:44,+38,22:53,+49,-,-,00:12,+55,-,-,01:30,+53,02:39,+44
2371-Feb-01,N, 0.209,-0.802,02:43,+58,-,-,-,-,03:46,+45,-,-,-,-,04:49,+31
2371-Mar-02,N, 0.401,-0.635,15:32,-35,-,-,-,-,17:01,-18,-,-,-,-,18:30,+00
2371-Jul-28,N, 0.588,-0.463,19:35,+05,-,-,-,-,21:26,+25,-,-,-,-,23:17,+41
2372-Jan-21,P, 1.495, 0.522,15:21,-29,16:29,-18,-,-,17:42,-04,-,-,18:55,+11,20:03,+25
2372-Jul-16,P, 1.958, 0.889,19:35,+04,20:51,+18,-,-,22:33,+33,-,-,00:14,+41,01:30,+40
2373-Jan-10,T, 2.714, 1.734,06:40,+06,07:36,-05,08:33,-15,09:22,-24,10:10,-31,11:07,-37,12:03,-41
2373-Jul-05,T, 2.393, 1.354,21:45,+26,22:52,+34,00:00,+39,00:43,+39,01:26,+38,02:34,+32,03:41,+23
2373-Dec-30,P, 1.711, 0.685,19:27,+23,20:39,+38,-,-,22:04,+57,-,-,23:30,+76,00:41,+86
2374-Dec-20,N, 0.371,-0.710,02:32,+60,-,-,-,-,04:02,+40,-,-,-,-,05:32,+21
2375-May-16,P, 1.324, 0.377,15:17,-49,16:28,-34,-,-,17:31,-21,-,-,18:35,-08,19:45,+06
2377-Apr-24,P, 1.659, 0.631,18:29,-05,19:44,+11,-,-,21:09,+27,-,-,22:33,+40,23:48,+47
2377-Oct-17,P, 1.862, 0.883,22:06,+56,23:09,+67,-,-,00:40,+71,-,-,02:11,+57,03:14,+45
2378-Apr-13,N, 0.262,-0.817,23:52,+52,-,-,-,-,01:09,+51,-,-,-,-,02:27,+42
2378-Oct-07,N, 0.606,-0.348,14:58,-38,-,-,-,-,16:36,-19,-,-,-,-,18:14,+02
2379-Mar-04,P, 1.406, 0.331,05:25,+18,06:56,-01,-,-,08:02,-16,-,-,09:09,-29,10:40,-46
2379-Aug-28,P, 1.671, 0.679,20:38,+22,21:47,+35,-,-,23:12,+48,-,-,00:37,+53,01:45,+49
2380-Aug-17,T, 2.665, 1.621,04:29,+17,05:35,+04,06:39,-09,07:30,-20,08:21,-30,09:24,-44,10:30,-58
2381-Feb-10,P, 1.721, 0.744,00:57,+76,02:00,+66,-,-,03:25,+49,-,-,04:50,+30,05:53,+16
2382-Jan-01,N, 0.236,-0.754,07:02,+03,-,-,-,-,08:08,-09,-,-,-,-,09:13,-21
2382-Jan-30,N, 0.520,-0.453,17:38,-05,-,-,-,-,19:11,+14,-,-,-,-,20:43,+33
2382-Jun-26,N, 0.780,-0.244,20:01,+07,-,-,-,-,22:03,+27,-,-,-,-,00:04,+38
2382-Dec-21,P, 1.411, 0.368,16:43,-09,18:07,+07,-,-,19:14,+20,-,-,20:21,+34,21:45,+52
2383-Dec-10,T, 2.688, 1.596,20:03,+33,21:13,+48,22:19,+63,23:09,+73,23:59,+84,01:05,+79,02:15,+64
2384-Jun-04,T, 2.068, 1.124,22:23,+33,23:19,+38,00:30,+40,00:55,+40,01:21,+39,02:32,+32,03:28,+24
2384-Nov-28,P, 1.860, 0.763,19:28,+26,20:49,+43,-,-,22:24,+64,-,-,00:00,+83,01:20,+75
2385-May-25,N, 0.726,-0.234,15:58,-41,-,-,-,-,17:46,-18,-,-,-,-,19:34,+04
2385-Nov-17,N, 0.618,-0.437,22:41,+68,-,-,-,-,00:32,+80,-,-,-,-,02:23,+59
2386-Apr-15,P, 1.466, 0.419,15:37,-42,17:01,-24,-,-,18:13,-08,-,-,19:26,+07,20:50,+23
2386-Oct-08,P, 1.372, 0.407,21:42,+49,22:54,+62,-,-,00:00,+69,-,-,01:06,+66,02:18,+55
2387-Apr-04,T, 2.803, 1.715,17:13,-19,18:24,-04,19:29,+10,20:21,+21,21:13,+31,22:19,+43,23:29,+53
2387-Sep-28,T, 2.671, 1.718,13:51,-53,14:45,-44,15:41,-34,16:30,-24,17:19,-13,18:15,-01,19:09,+10
2388-Mar-23,P, 1.695, 0.616,17:25,-15,18:46,+02,-,-,20:13,+21,-,-,21:41,+39,23:02,+53
2388-Sep-17,P, 1.657, 0.673,05:15,+11,06:23,-03,-,-,07:46,-21,-,-,09:10,-38,10:17,-51
2389-Mar-12,N, 0.444,-0.586,23:35,+63,-,-,-,-,01:08,+66,-,-,-,-,02:40,+53
2389-Aug-08,N, 0.439,-0.616,02:26,+39,-,-,-,-,04:04,+23,-,-,-,-,05:41,+04
2390-Feb-01,P, 1.485, 0.513,00:10,+78,01:18,+76,-,-,02:31,+62,-,-,03:43,+46,04:51,+31
2390-Jul-28,P, 1.799, 0.730,02:04,+38,03:23,+27,-,-,04:58,+11,-,-,06:32,-08,07:51,-25
2391-Jan-21,T, 2.706, 1.725,15:28,-27,16:24,-18,17:21,-07,18:10,+02,18:58,+12,19:56,+24,20:51,+36
2391-Jul-17,T, 2.544, 1.509,04:28,+14,05:33,+01,06:38,-12,07:26,-21,08:14,-32,09:19,-45,10:24,-59
2392-Jan-11,P, 1.719, 0.689,03:59,+41,05:11,+26,-,-,06:37,+08,-,-,08:03,-08,09:15,-21
2393-May-26,P, 1.209, 0.264,23:03,+39,00:19,+42,-,-,01:13,+41,-,-,02:07,+36,03:23,+26
2393-Nov-19,P, 1.144, 0.056,14:45,-32,16:44,-11,-,-,17:13,-05,-,-,17:42,+01,19:42,+26
2394-May-16,T, 2.538, 1.566,14:39,-57,15:36,-45,16:36,-32,17:23,-23,18:10,-13,19:09,-01,20:06,+10
2394-Nov-08,T, 2.480, 1.444,18:28,+11,19:31,+25,20:36,+39,21:21,+49,22:06,+59,23:10,+72,00:14,+80
2395-May-06,P, 1.761, 0.732,01:48,+41,03:00,+31,-,-,04:31,+15,-,-,06:01,-03,07:13,-18
2395-Oct-29,P, 1.927, 0.947,06:16,+02,07:17,-10,-,-,08:50,-28,-,-,10:24,-42,11:25,-48
2396-Oct-17,N, 0.678,-0.279,23:02,+67,-,-,-,-,00:45,+71,-,-,-,-,02:29,+54
2397-Sep-08,P, 1.553, 0.556,04:04,+26,05:16,+11,-,-,06:35,-06,-,-,07:53,-22,09:05,-37
2398-Mar-03,T, 2.704, 1.688,19:55,+21,20:56,+34,21:56,+46,22:45,+56,23:35,+64,00:35,+69,01:36,+65
2400-Jan-12,N, 0.225,-0.768,15:49,-22,-,-,-,-,16:53,-11,-,-,-,-,17:57,+01
2400-Feb-11,N, 0.531,-0.442,02:23,+61,-,-,-,-,03:57,+41,-,-,-,-,05:30,+20
2400-Jul-07,N, 0.641,-0.380,03:03,+26,-,-,-,-,04:54,+08,-,-,-,-,06:45,-13
2401-Jan-01,P, 1.398, 0.351,01:08,+80,02:33,+61,-,-,03:39,+47,-,-,04:45,+33,06:10,+15
2401-Dec-21,T, 2.666, 1.571,04:02,+39,05:13,+24,06:18,+10,07:08,+00,07:58,-09,09:04,-20,10:15,-31
2402-Dec-10,P, 1.892, 0.794,03:20,+47,04:40,+30,-,-,06:17,+09,-,-,07:54,-10,09:13,-23
2403-Jun-05,N, 0.841,-0.119,23:22,+39,-,-,-,-,01:17,+39,-,-,-,-,03:13,+27
2403-Nov-29,N, 0.656,-0.397,06:45,+01,-,-,-,-,08:38,-20,-,-,-,-,10:31,-37
2404-Apr-25,P, 1.367, 0.320,23:02,+44,00:31,+48,-,-,01:35,+45,-,-,02:40,+37,04:08,+22
2404-Oct-19,P, 1.307, 0.340,05:52,+07,07:06,-09,-,-,08:07,-21,-,-,09:08,-32,10:23,-44
2405-Apr-15,T, 2.711, 1.626,00:25,+53,01:36,+49,02:41,+40,03:33,+31,04:24,+21,05:30,+08,06:40,-07
2405-Oct-08,T, 2.591, 1.634,21:53,+51,22:47,+61,23:44,+68,00:32,+69,01:20,+64,02:17,+55,03:11,+44
2406-Apr-04,P, 1.766, 0.692,00:51,+57,02:10,+49,-,-,03:42,+33,-,-,05:13,+14,06:32,-03
2407-Feb-22,N, 0.183,-0.819,19:50,+20,-,-,-,-,20:49,+32,-,-,-,-,21:48,+45
2407-Sep-17,N, 0.316,-0.727,23:14,+55,-,-,-,-,00:35,+59,-,-,-,-,01:57,+52
2409-Feb-01,T, 2.697, 1.715,00:14,+79,01:11,+77,02:08,+67,02:57,+56,03:45,+46,04:43,+33,05:39,+21
2410-Jul-16,P, 1.283, 0.305,21:39,+25,22:58,+35,-,-,23:58,+40,-,-,00:58,+40,02:17,+35
2411-Jan-10,N, 0.393,-0.695,18:47,+13,-,-,-,-,20:20,+32,-,-,-,-,21:53,+52
2411-Nov-30,P, 1.109, 0.021,22:37,+67,00:47,+80,-,-,01:04,+77,-,-,01:21,+74,03:31,+46
2412-May-26,T, 2.421, 1.448,22:12,+33,23:10,+38,00:11,+41,00:55,+41,01:39,+38,02:41,+31,03:38,+23
2412-Nov-19,T, 2.438, 1.403,02:35,+54,03:38,+41,04:43,+27,05:27,+17,06:11,+08,07:16,-05,08:20,-17
2413-Nov-08,P, 1.979, 0.999,14:34,-34,15:34,-24,-,-,17:09,-06,-,-,18:44,+13,19:44,+26
2414-Sep-29,N, 0.190,-0.771,23:18,+60,-,-,-,-,00:16,+64,-,-,-,-,01:14,+61
2415-Mar-25,P, 1.300, 0.236,21:00,+32,22:35,+50,-,-,23:32,+58,-,-,00:29,+61,02:04,+54
2416-Mar-14,T, 2.658, 1.648,04:08,+32,05:08,+19,06:08,+06,06:57,-05,07:46,-15,08:46,-28,09:47,-40
2416-Sep-07,T, 2.833, 1.778,18:11,-06,19:18,+09,20:21,+22,21:14,+33,22:06,+42,23:10,+52,00:16,+58
2417-Mar-03,P, 1.772, 0.801,18:12,-02,19:14,+11,-,-,20:40,+29,-,-,22:07,+47,23:09,+59
2417-Aug-27,P, 1.557, 0.482,19:36,+11,21:03,+28,-,-,22:23,+42,-,-,23:43,+52,01:09,+53
2418-Jan-23,N, 0.211,-0.783,00:35,+84,-,-,-,-,01:37,+75,-,-,-,-,02:39,+62
2418-Aug-16,N, 0.223,-0.824,22:48,+43,-,-,-,-,23:58,+50,-,-,-,-,01:08,+50
2419-Jul-07,T, 1.968, 1.003,20:53,+17,21:53,+26,23:24,+37,23:29,+37,23:33,+37,01:04,+39,02:04,+36
2420-Jan-01,T, 2.651, 1.554,12:05,-40,13:16,-39,14:23,-33,15:12,-27,16:02,-20,17:08,-08,18:19,+06
2421-Dec-09,N, 0.686,-0.367,14:56,-28,-,-,-,-,16:51,-09,-,-,-,-,18:46,+14
2422-Oct-30,P, 1.251, 0.283,14:08,-40,15:26,-27,-,-,16:22,-17,-,-,17:18,-06,18:35,+10
2423-Oct-20,T, 2.522, 1.561,06:01,+04,06:56,-07,07:54,-19,08:40,-28,09:26,-36,10:25,-44,11:19,-50
2424-Oct-08,P, 1.837, 0.841,20:36,+34,21:41,+48,-,-,23:13,+64,-,-,00:44,+68,01:49,+60
2425-Mar-05,N, 0.159,-0.838,04:19,+31,-,-,-,-,05:14,+19,-,-,-,-,06:09,+08
2426-Feb-22,P, 1.448, 0.481,17:38,-09,18:47,+06,-,-,19:58,+21,-,-,21:08,+36,22:17,+50
2426-Aug-18,P, 1.496, 0.426,15:13,-49,16:41,-30,-,-,17:57,-14,-,-,19:13,+02,20:41,+20
2427-Aug-07,T, 2.840, 1.810,18:02,-14,19:05,-01,20:07,+12,21:00,+22,21:52,+31,22:54,+40,23:58,+45
2428-Feb-01,P, 1.734, 0.700,20:58,+39,22:10,+54,-,-,23:37,+73,-,-,01:04,+79,02:16,+67
2428-Jul-27,P, 1.423, 0.447,04:48,+11,06:01,-03,-,-,07:12,-18,-,-,08:23,-32,09:36,-48
2429-Jan-21,N, 0.404,-0.685,02:53,+58,-,-,-,-,04:27,+37,-,-,-,-,06:02,+17
2429-Jul-16,N, 0.134,-0.809,22:14,+29,-,-,-,-,23:02,+35,-,-,-,-,23:50,+38
2429-Dec-11,N, 1.085,-0.003,06:37,+04,-,-,-,-,09:02,-22,-,-,-,-,11:27,-40
2431-May-27,P, 1.996, 0.965,16:01,-40,17:10,-26,-,-,18:50,-05,-,-,20:30,+14,21:39,+25
2431-Nov-19,T, 2.020, 1.039,23:00,+73,00:00,+82,01:21,+72,01:36,+69,01:51,+66,03:12,+48,04:12,+36
2432-May-15,N, 0.580,-0.493,20:13,+13,-,-,-,-,22:05,+32,-,-,-,-,23:57,+41
2432-Nov-08,N, 0.790,-0.173,15:35,-23,-,-,-,-,17:26,-02,-,-,-,-,19:16,+21
2433-Apr-05,P, 1.230, 0.172,04:39,+21,06:18,-01,-,-,07:07,-11,-,-,07:56,-22,09:35,-43
2433-Sep-29,P, 1.345, 0.335,19:10,+12,20:32,+30,-,-,21:35,+43,-,-,22:39,+55,00:00,+65
2434-Sep-19,T, 2.714, 1.654,01:10,+58,02:17,+49,03:21,+37,04:13,+27,05:04,+16,06:08,+02,07:16,-12
2435-Mar-15,P, 1.810, 0.843,02:40,+50,03:41,+37,-,-,05:10,+19,-,-,06:38,-01,07:39,-14
2435-Sep-08,P, 1.696, 0.619,02:12,+47,03:34,+33,-,-,05:03,+15,-,-,06:31,-04,07:54,-22
2436-Mar-03,N, 0.574,-0.397,19:36,+16,-,-,-,-,21:13,+36,-,-,-,-,22:50,+55
2436-Jul-28,N, 0.368,-0.647,17:16,-27,-,-,-,-,18:41,-09,-,-,-,-,20:07,+08
2436-Aug-27,N, 0.362,-0.683,05:21,+09,-,-,-,-,06:49,-10,-,-,-,-,08:17,-29
2437-Jan-22,P, 1.373, 0.320,17:57,+01,19:24,+18,-,-,20:28,+32,-,-,21:31,+46,22:59,+65
2437-Jul-18,P, 1.833, 0.871,04:16,+16,05:17,+05,-,-,06:48,-13,-,-,08:19,-32,09:21,-45
2438-Jan-11,T, 2.636, 1.537,20:08,+31,21:20,+46,22:26,+60,23:16,+71,00:05,+81,01:11,+81,02:23,+66
2438-Jul-07,T, 2.460, 1.520,20:50,+17,21:44,+26,22:42,+33,23:27,+38,00:13,+40,01:11,+40,02:04,+36
2438-Dec-31,P, 1.935, 0.837,19:19,+21,20:37,+38,-,-,22:16,+59,-,-,23:55,+80,01:13,+80
2439-Dec-20,N, 0.708,-0.343,23:13,+74,-,-,-,-,01:09,+78,-,-,-,-,03:06,+53
2440-Nov-09,P, 1.209, 0.239,22:34,+67,23:53,+80,-,-,00:45,+78,-,-,01:37,+68,02:57,+51
2441-May-06,T, 2.492, 1.412,14:25,-59,15:36,-44,16:45,-30,17:31,-20,18:17,-10,19:26,+04,20:37,+18
2441-Oct-30,T, 2.464, 1.500,14:17,-39,15:12,-30,16:11,-19,16:56,-10,17:40,-01,18:39,+11,19:35,+23
2442-Apr-25,P, 1.945, 0.882,15:22,-46,16:36,-30,-,-,18:15,-09,-,-,19:54,+11,21:08,+26
2442-Oct-20,P, 1.910, 0.908,04:26,+26,05:31,+12,-,-,07:06,-08,-,-,08:40,-27,09:45,-38
2443-Apr-14,N, 0.638,-0.373,23:00,+49,-,-,-,-,00:47,+54,-,-,-,-,02:35,+43
2443-Sep-09,N, 0.028,-1.040,23:47,+58,-,-,-,-,00:12,+59,-,-,-,-,00:38,+59
2444-Mar-05,P, 1.417, 0.453,02:16,+57,03:25,+43,-,-,04:34,+29,-,-,05:42,+14,06:52,-01
2444-Aug-28,P, 1.357, 0.286,21:56,+39,23:31,+52,-,-,00:34,+54,-,-,01:38,+51,03:13,+37
2445-Feb-22,T, 2.660, 1.677,17:34,-09,18:30,+02,19:28,+15,20:17,+25,21:05,+36,22:03,+48,22:59,+59
2445-Aug-18,T, 2.766, 1.737,00:57,+48,02:01,+43,03:03,+35,03:54,+26,04:46,+16,05:48,+04,06:52,-10
2446-Feb-12,P, 1.747, 0.711,05:22,+22,06:35,+06,-,-,08:03,-12,-,-,09:31,-29,10:43,-40
2447-Jun-28,N, 0.828,-0.115,21:59,+29,-,-,-,-,23:52,+39,-,-,-,-,01:44,+38
2447-Jul-28,N, 0.264,-0.678,05:23,+04,-,-,-,-,06:30,-09,-,-,-,-,07:37,-23
2447-Dec-22,N, 1.067,-0.021,14:42,-31,-,-,-,-,17:06,-07,-,-,-,-,19:29,+22
2448-Dec-10,T, 2.385, 1.352,19:12,+22,20:15,+35,21:21,+49,22:03,+58,22:44,+67,23:50,+81,00:54,+82
2449-Jun-06,T, 2.128, 1.096,22:57,+36,00:05,+39,01:25,+37,01:49,+35,02:13,+33,03:34,+22,04:41,+11
2450-May-27,N, 0.710,-0.363,02:45,+29,-,-,-,-,04:48,+08,-,-,-,-,06:51,-16
2450-Nov-20,N, 0.830,-0.136,00:03,+83,-,-,-,-,01:56,+65,-,-,-,-,03:49,+40
2451-Oct-11,P, 1.257, 0.241,02:52,+45,04:20,+27,-,-,05:14,+15,-,-,06:09,+04,07:37,-15
2452-Apr-04,T, 2.537, 1.538,20:17,+21,21:16,+33,22:17,+44,23:04,+50,23:51,+55,00:51,+56,01:51,+51
2454-Feb-13,N, 0.173,-0.824,18:01,-03,-,-,-,-,18:57,+09,-,-,-,-,19:54,+21
2454-Mar-15,N, 0.609,-0.362,04:02,+32,-,-,-,-,05:42,+11,-,-,-,-,07:22,-11
2454-Aug-09,N, 0.236,-0.776,00:30,+45,-,-,-,-,01:39,+43,-,-,-,-,02:48,+35
2455-Feb-03,P, 1.357, 0.302,02:18,+64,03:47,+45,-,-,04:49,+31,-,-,05:51,+18,07:20,-01
2456-Jan-23,T, 2.621, 1.521,04:11,+39,05:23,+23,06:30,+09,07:19,-01,08:08,-10,09:15,-23,10:26,-34
2456-Jul-18,T, 2.597, 1.657,04:17,+16,05:09,+06,06:06,-05,06:54,-15,07:42,-24,08:39,-36,09:32,-47
2457-Jan-11,P, 1.950, 0.853,03:23,+49,04:41,+32,-,-,06:21,+11,-,-,08:00,-09,09:18,-23
2457-Jul-07,P, 1.221, 0.257,21:11,+21,22:31,+33,-,-,23:25,+38,-,-,00:20,+41,01:40,+39
2458-May-28,N, 1.002,-0.046,20:31,+15,-,-,-,-,22:48,+35,-,-,-,-,01:06,+39
2459-May-17,T, 2.364, 1.287,21:13,+25,22:25,+35,23:37,+41,00:18,+43,00:58,+42,02:11,+36,03:22,+26
2459-Nov-10,T, 2.418, 1.449,22:39,+68,23:35,+78,00:35,+79,01:18,+71,02:01,+63,03:01,+50,03:57,+38
2460-May-05,P, 2.052, 0.995,22:27,+39,23:39,+45,-,-,01:22,+44,-,-,03:05,+32,04:16,+19
2461-Mar-26,N, 0.079,-0.908,21:06,+31,-,-,-,-,21:45,+39,-,-,-,-,22:23,+45
2461-Oct-19,N, 0.579,-0.482,20:46,+38,-,-,-,-,22:35,+60,-,-,-,-,00:25,+72
2462-Sep-09,P, 1.228, 0.155,04:46,+18,06:31,-05,-,-,07:18,-15,-,-,08:06,-25,09:51,-47
2463-Mar-06,T, 2.629, 1.646,02:05,+59,03:02,+48,04:00,+36,04:48,+26,05:36,+16,06:34,+03,07:31,-09
2464-Feb-23,P, 1.768, 0.731,13:39,-50,14:51,-41,-,-,16:21,-26,-,-,17:50,-08,19:02,+07
2464-Aug-17,P, 1.692, 0.720,19:20,+04,20:25,+17,-,-,21:51,+33,-,-,23:16,+45,00:21,+49
2465-Feb-11,N, 0.432,-0.659,18:57,+10,-,-,-,-,20:35,+31,-,-,-,-,22:13,+52
2465-Jul-09,N, 0.694,-0.249,05:35,+01,-,-,-,-,07:19,-20,-,-,-,-,09:03,-42
2466-Jan-01,N, 1.054,-0.033,22:50,+67,-,-,-,-,01:12,+79,-,-,-,-,03:35,+48
2466-Jun-28,T, 2.023, 1.045,20:15,+11,21:17,+21,22:39,+33,22:55,+34,23:11,+36,00:33,+40,01:34,+38
2466-Dec-22,T, 2.371, 1.340,03:40,+44,04:43,+30,05:49,+16,06:30,+08,07:10,+00,08:16,-12,09:20,-23
2467-Dec-11,T, 2.075, 1.094,16:12,-15,17:11,-04,18:25,+11,18:48,+15,19:10,+20,20:25,+36,21:24,+48
2469-Apr-26,P, 1.053, 0.008,19:35,+09,21:43,+33,-,-,21:53,+35,-,-,22:04,+36,00:12,+49
2470-Apr-16,T, 2.460, 1.467,04:12,+23,05:11,+10,06:13,-03,06:58,-12,07:43,-22,08:44,-35,09:43,-48
2470-Oct-10,T, 2.511, 1.441,15:28,-32,16:38,-18,17:45,-04,18:31,+06,19:18,+16,20:25,+31,21:34,+46
2471-Apr-05,P, 1.921, 0.962,19:15,+08,20:14,+20,-,-,21:46,+37,-,-,23:18,+51,00:17,+55
2471-Sep-29,P, 1.938, 0.856,15:50,-31,17:07,-14,-,-,18:47,+07,-,-,20:27,+29,21:45,+45
2472-Feb-25,N, 0.143,-0.855,02:38,+57,-,-,-,-,03:29,+47,-,-,-,-,04:21,+35
2472-Sep-17,N, 0.617,-0.428,19:02,+09,-,-,-,-,20:54,+33,-,-,-,-,22:45,+54
2473-Aug-08,P, 1.568, 0.609,19:07,-01,20:13,+13,-,-,21:32,+27,-,-,22:51,+39,23:57,+45
2474-Feb-02,T, 2.600, 1.500,12:11,-46,13:23,-45,14:30,-39,15:19,-33,16:07,-25,17:14,-12,18:26,+02
2475-Jul-19,P, 1.356, 0.388,04:22,+15,05:36,+01,-,-,06:42,-12,-,-,07:48,-25,09:02,-41
2476-Jan-11,N, 0.740,-0.307,15:59,-21,-,-,-,-,17:57,+01,-,-,-,-,19:55,+25
2476-Jun-08,N, 0.861,-0.188,03:27,+22,-,-,-,-,05:36,-01,-,-,-,-,07:46,-27
2476-Dec-01,P, 1.150, 0.179,15:43,-19,17:07,-04,-,-,17:52,+04,-,-,18:37,+13,20:01,+31
2477-May-28,T, 2.225, 1.151,03:55,+18,05:08,+04,06:27,-11,06:57,-17,07:28,-24,08:47,-40,10:00,-56
2478-May-17,T, 2.171, 1.120,05:25,+02,06:34,-12,07:54,-29,08:21,-35,08:48,-41,10:07,-57,11:17,-72
2478-Nov-10,T, 2.021, 1.007,20:29,+39,21:34,+53,23:05,+72,23:12,+73,23:19,+74,00:50,+77,01:55,+65
2479-Apr-07,N, 0.022,-0.959,05:29,+08,-,-,-,-,05:50,+03,-,-,-,-,06:10,-01
2479-Oct-31,N, 0.643,-0.424,04:15,+30,-,-,-,-,06:10,+05,-,-,-,-,08:05,-18
2480-Mar-26,P, 1.325, 0.366,19:11,+08,20:23,+23,-,-,21:26,+35,-,-,22:28,+46,23:41,+56
2481-Sep-08,T, 2.511, 1.484,15:09,-45,16:12,-32,17:16,-18,18:03,-08,18:50,+02,19:54,+16,20:58,+29
2482-Mar-05,P, 1.796, 0.759,21:51,+46,23:03,+59,-,-,00:33,+69,-,-,02:04,+61,03:16,+47
2482-Aug-29,P, 1.818, 0.847,02:44,+39,03:47,+28,-,-,05:17,+10,-,-,06:48,-09,07:50,-22
2483-Feb-23,N, 0.456,-0.635,02:51,+54,-,-,-,-,04:31,+33,-,-,-,-,06:12,+11
2483-Aug-18,N, 0.518,-0.425,20:01,+12,-,-,-,-,21:32,+29,-,-,-,-,23:04,+43
2484-Jan-13,N, 1.043,-0.042,07:00,+02,-,-,-,-,09:22,-24,-,-,-,-,11:44,-42
2484-Jul-09,P, 1.883, 0.902,03:30,+23,04:34,+13,-,-,06:08,-05,-,-,07:41,-24,08:45,-38
2485-Dec-22,T, 2.091, 1.111,00:55,+81,01:54,+68,03:07,+52,03:31,+47,03:55,+42,05:08,+27,06:07,+15
2486-Jun-17,N, 0.998,-0.072,15:32,-48,-,-,-,-,17:54,-19,-,-,-,-,20:15,+08
2486-Dec-11,N, 0.881,-0.090,17:18,-02,-,-,-,-,19:14,+21,-,-,-,-,21:10,+46
2487-May-08,N, 0.948,-0.091,02:54,+33,-,-,-,-,05:06,+08,-,-,-,-,07:19,-19
2487-Nov-01,P, 1.118, 0.090,18:36,+11,20:20,+34,-,-,20:54,+41,-,-,21:29,+49,23:12,+70
2488-Oct-20,T, 2.430, 1.353,22:50,+65,00:00,+73,01:10,+68,01:53,+61,02:36,+52,03:45,+37,04:56,+22
2489-Apr-16,T, 1.994, 1.039,03:21,+32,04:19,+21,05:39,+04,05:53,+01,06:08,-02,07:28,-19,08:25,-31
2489-Oct-09,P, 2.042, 0.957,22:52,+62,00:08,+70,-,-,01:52,+59,-,-,03:36,+38,04:52,+22
2490-Apr-05,N, 0.710,-0.258,20:29,+23,-,-,-,-,22:16,+42,-,-,-,-,00:03,+54
2490-Sep-29,N, 0.728,-0.317,02:10,+53,-,-,-,-,04:09,+29,-,-,-,-,06:08,+03
2491-Feb-24,P, 1.303, 0.246,18:46,+06,20:19,+26,-,-,21:16,+38,-,-,22:13,+50,23:46,+67
2491-Aug-20,P, 1.442, 0.484,02:38,+38,03:47,+27,-,-,04:59,+13,-,-,06:10,-01,07:19,-16
2492-Feb-13,T, 2.575, 1.476,20:08,+26,21:20,+42,22:28,+56,23:16,+66,00:03,+73,01:11,+74,02:23,+63
2492-Aug-08,T, 2.793, 1.851,19:15,+02,20:08,+12,21:04,+23,21:54,+32,22:43,+39,23:39,+45,00:32,+47
2493-Feb-01,P, 1.985, 0.891,19:30,+19,20:47,+36,-,-,22:28,+57,-,-,00:08,+76,01:25,+75
2494-Jan-22,N, 0.753,-0.291,00:26,+82,-,-,-,-,02:24,+63,-,-,-,-,04:22,+38
2494-Jul-19,N, 0.007,-1.017,00:39,+43,-,-,-,-,00:51,+43,-,-,-,-,01:04,+43
2494-Dec-13,P, 1.133, 0.161,00:26,+86,01:51,+69,-,-,02:34,+59,-,-,03:17,+50,04:42,+32
2495-Dec-02,T, 2.356, 1.380,15:44,-19,16:41,-09,17:42,+02,18:23,+10,19:04,+19,20:05,+32,21:02,+44
2496-Nov-21,T, 2.061, 1.041,04:41,+26,05:46,+13,07:09,-04,07:25,-07,07:41,-10,09:04,-25,10:09,-35
2497-May-16,N, 0.935,-0.059,21:24,+27,-,-,-,-,23:29,+42,-,-,-,-,01:34,+41
2498-Apr-07,P, 1.262, 0.306,03:29,+33,04:43,+18,-,-,05:41,+06,-,-,06:39,-07,07:54,-23
2498-Sep-30,N, 1.006,-0.069,18:50,+09,-,-,-,-,21:11,+40,-,-,-,-,23:33,+65
2499-Mar-27,T, 2.536, 1.554,18:46,+02,19:43,+14,20:42,+27,21:29,+36,22:15,+44,23:15,+53,00:12,+58
2499-Sep-19,T, 2.400, 1.374,22:27,+51,23:31,+59,00:37,+61,01:20,+58,02:03,+53,03:09,+41,04:13,+28
2500-Mar-17,P, 1.838, 0.800,05:52,+09,07:04,-07,-,-,08:36,-27,-,-,10:09,-45,11:20,-56
2501-Jul-31,N, 0.428,-0.518,20:48,+20,-,-,-,-,22:12,+34,-,-,-,-,23:37,+43
2501-Aug-30,N, 0.636,-0.309,03:30,+31,-,-,-,-,05:10,+12,-,-,-,-,06:50,-09
2502-Jan-24,N, 1.033,-0.049,15:11,-31,-,-,-,-,17:32,-06,-,-,-,-,19:53,+23
2503-Jan-13,T, 2.351, 1.325,20:44,+38,21:47,+52,22:53,+66,23:33,+75,00:12,+82,01:18,+79,02:21,+66
2503-Jul-10,T, 2.570, 1.532,19:11,-02,20:16,+11,21:21,+22,22:10,+29,22:59,+35,00:03,+39,01:09,+40
2504-Jun-28,P, 1.153, 0.083,21:50,+26,23:45,+37,-,-,00:20,+38,-,-,00:55,+38,02:50,+29
2504-Dec-23,N, 0.894,-0.079,02:03,+66,-,-,-,-,04:00,+41,-,-,-,-,05:57,+17
2505-Nov-13,P, 1.064, 0.030,02:37,+53,04:33,+28,-,-,04:53,+24,-,-,05:13,+20,07:09,-04
2506-May-08,T, 2.269, 1.288,19:42,+09,20:40,+20,21:46,+31,22:24,+37,23:01,+41,00:07,+45,01:06,+44
2506-Nov-02,T, 2.359, 1.277,06:18,+03,07:29,-12,08:41,-26,09:21,-32,10:00,-38,11:12,-46,12:23,-49
2507-Oct-22,T, 2.133, 1.045,06:05,+04,07:20,-12,08:49,-29,09:06,-32,09:23,-35,10:53,-47,12:07,-52
2508-Mar-18,N, 0.054,-0.943,19:41,+15,-,-,-,-,20:14,+21,-,-,-,-,20:46,+28
2508-Apr-17,N, 0.777,-0.191,04:30,+18,-,-,-,-,06:21,-05,-,-,-,-,08:12,-29
2509-Mar-08,P, 1.261, 0.204,02:50,+51,04:26,+31,-,-,05:18,+20,-,-,06:11,+08,07:47,-13
2510-Feb-25,T, 2.541, 1.443,03:59,+38,05:11,+23,06:19,+08,07:06,-03,07:53,-12,09:01,-26,10:14,-40
2510-Aug-21,T, 2.667, 1.722,02:48,+36,03:41,+28,04:38,+17,05:27,+07,06:15,-03,07:12,-14,08:05,-26
2511-Feb-14,P, 2.008, 0.918,03:31,+46,04:47,+29,-,-,06:28,+07,-,-,08:09,-14,09:25,-29
2511-Aug-10,P, 1.621, 0.647,18:48,-03,19:55,+10,-,-,21:17,+26,-,-,22:39,+39,23:46,+46
2512-Jun-30,N, 0.559,-0.493,17:08,-29,-,-,-,-,18:56,-07,-,-,-,-,20:44,+13
2513-Jun-19,P, 1.925, 0.854,17:04,-28,18:21,-13,-,-,20:01,+07,-,-,21:41,+24,22:57,+33
2513-Dec-14,T, 2.337, 1.358,00:24,+86,01:21,+75,02:23,+61,03:03,+53,03:43,+44,04:45,+31,05:42,+19
2514-Jun-08,T, 2.437, 1.395,19:08,-01,20:14,+11,21:22,+23,22:06,+29,22:51,+34,23:58,+39,01:04,+39
2514-Dec-03,T, 2.089, 1.064,12:58,-41,14:04,-35,15:25,-24,15:44,-21,16:03,-18,17:24,-03,18:29,+10
2515-May-29,P, 1.056, 0.067,04:40,+10,06:22,-10,-,-,06:51,-16,-,-,07:20,-22,09:01,-43
2515-Nov-22,N, 0.740,-0.337,19:36,+27,-,-,-,-,21:39,+53,-,-,-,-,23:42,+79
2516-Oct-12,N, 0.915,-0.162,02:06,+56,-,-,-,-,04:22,+28,-,-,-,-,06:37,-02
2517-Apr-08,T, 2.473, 1.491,02:54,+39,03:52,+29,04:52,+16,05:37,+07,06:22,-03,07:23,-16,08:20,-28
2517-Oct-01,T, 2.301, 1.275,05:54,+04,06:59,-10,08:08,-24,08:46,-32,09:24,-39,10:32,-50,11:37,-58
2518-Mar-28,P, 1.888, 0.850,13:46,-59,14:57,-47,-,-,16:32,-29,-,-,18:07,-08,19:18,+07
2518-Sep-20,T, 2.041, 1.071,17:55,-06,18:55,+06,20:12,+23,20:32,+27,20:52,+31,22:09,+46,23:09,+56
2519-Mar-17,N, 0.534,-0.554,18:13,-04,-,-,-,-,20:01,+19,-,-,-,-,21:49,+42
2519-Aug-12,N, 0.300,-0.649,04:30,+18,-,-,-,-,05:41,+04,-,-,-,-,06:53,-11
2520-Feb-04,N, 1.018,-0.060,23:21,+69,-,-,-,-,01:41,+71,-,-,-,-,04:00,+42
2520-Jul-31,P, 1.600, 0.612,17:55,-16,19:05,-01,-,-,20:27,+15,-,-,21:49,+29,22:58,+39
2521-Jan-24,T, 2.343, 1.319,05:18,+24,06:20,+10,07:26,-03,08:06,-11,08:45,-18,09:51,-29,10:54,-38
2521-Jul-21,T, 2.723, 1.681,01:51,+38,02:57,+30,04:00,+20,04:52,+11,05:43,+01,06:47,-12,07:52,-25
2522-Jan-13,T, 2.112, 1.133,18:31,+09,19:29,+21,20:40,+36,21:06,+42,21:33,+48,22:44,+63,23:42,+75
2522-Jul-10,P, 1.311, 0.241,04:08,+16,05:46,-02,-,-,06:45,-13,-,-,07:43,-25,09:22,-46
2523-May-30,N, 0.713,-0.315,17:20,-23,-,-,-,-,19:17,+00,-,-,-,-,21:14,+22
2524-May-19,T, 2.159, 1.183,03:18,+26,04:17,+16,05:27,+02,05:58,-04,06:29,-10,07:39,-25,08:38,-37
2524-Nov-12,T, 2.301, 1.215,13:54,-39,15:07,-29,16:21,-15,16:57,-09,17:32,-01,18:47,+14,19:59,+30
2525-May-08,T, 2.174, 1.224,19:12,+03,20:07,+14,21:13,+25,21:46,+31,22:19,+35,23:25,+42,00:21,+44
2525-Nov-01,T, 2.208, 1.118,13:28,-45,14:42,-35,16:03,-20,16:30,-15,16:58,-10,18:19,+07,19:33,+23
2526-Oct-21,N, 0.910,-0.135,16:59,-10,-,-,-,-,19:09,+18,-,-,-,-,21:19,+46
2527-Sep-11,P, 1.218, 0.260,18:00,-08,19:18,+08,-,-,20:12,+20,-,-,21:06,+31,22:24,+45
2529-Aug-21,P, 1.751, 0.772,02:03,+44,03:08,+34,-,-,04:36,+18,-,-,06:04,+00,07:09,-13
2530-Feb-13,N, 0.789,-0.246,17:13,-13,-,-,-,-,19:13,+12,-,-,-,-,21:12,+38
2530-Jul-11,N, 0.403,-0.651,23:57,+38,-,-,-,-,01:31,+37,-,-,-,-,03:04,+28
2531-Jan-04,P, 1.113, 0.141,18:03,+05,19:30,+22,-,-,20:10,+31,-,-,20:50,+39,22:17,+58
2531-Jun-30,P, 1.767, 0.698,23:34,+37,00:54,+38,-,-,02:27,+32,-,-,04:00,+19,05:19,+05
2532-Jun-19,T, 2.577, 1.541,01:57,+34,03:02,+26,04:06,+16,04:55,+08,05:44,-02,06:48,-14,07:54,-28
2532-Dec-13,T, 2.112, 1.082,21:20,+50,22:25,+64,23:44,+81,00:06,+85,00:28,+85,01:47,+70,02:52,+56
2533-Dec-03,N, 0.774,-0.308,03:28,+44,-,-,-,-,05:33,+17,-,-,-,-,07:39,-08
2534-Apr-29,P, 1.101, 0.150,19:43,+10,21:08,+26,-,-,21:49,+32,-,-,22:30,+38,23:55,+46
2535-Oct-12,T, 2.216, 1.191,13:32,-51,14:37,-41,15:49,-28,16:22,-21,16:54,-15,18:06,+00,19:12,+15
2536-Apr-07,P, 1.955, 0.916,21:29,+35,22:39,+47,-,-,00:16,+56,-,-,01:54,+50,03:04,+40
2536-Oct-01,T, 2.136, 1.165,01:44,+56,02:42,+46,03:52,+32,04:22,+26,04:51,+20,06:01,+05,07:00,-08
2537-Mar-28,N, 0.592,-0.495,01:39,+56,-,-,-,-,03:33,+37,-,-,-,-,05:26,+14
2537-Sep-20,N, 0.849,-0.101,18:48,+05,-,-,-,-,20:41,+29,-,-,-,-,22:34,+50
2538-Aug-12,P, 1.462, 0.469,01:09,+47,02:23,+40,-,-,03:36,+28,-,-,04:50,+15,06:04,+00
2539-Feb-04,T, 2.332, 1.312,13:52,-43,14:54,-36,16:00,-26,16:39,-19,17:18,-11,18:24,+02,19:26,+15
2540-Jan-25,T, 2.120, 1.143,03:20,+50,04:18,+38,05:29,+22,05:56,+17,06:23,+11,07:33,-03,08:31,-14
2541-Jan-13,N, 0.911,-0.065,19:40,+24,-,-,-,-,21:38,+49,-,-,-,-,23:36,+74
2541-Jun-10,N, 0.587,-0.436,00:31,+41,-,-,-,-,02:18,+34,-,-,-,-,04:04,+18
2541-Dec-04,N, 0.991,-0.054,18:58,+18,-,-,-,-,21:11,+47,-,-,-,-,23:24,+76
2542-Nov-23,T, 2.254, 1.164,21:37,+54,22:50,+70,00:08,+83,00:40,+81,01:11,+75,02:29,+59,03:42,+43
2543-May-20,T, 2.279, 1.332,02:58,+28,03:53,+19,04:55,+08,05:34,+00,06:12,-07,07:15,-20,08:09,-32
2543-Nov-12,T, 2.271, 1.180,21:00,+46,22:13,+62,23:30,+77,00:03,+81,00:36,+79,01:53,+65,03:07,+49
2544-May-08,N, 0.946,-0.020,20:05,+13,-,-,-,-,22:06,+33,-,-,-,-,00:07,+43
2544-Nov-01,N, 0.981,-0.063,00:41,+75,-,-,-,-,02:55,+49,-,-,-,-,05:08,+20
2545-Mar-29,P, 1.145, 0.088,18:35,-01,20:24,+23,-,-,20:59,+30,-,-,21:34,+37,23:23,+54
2545-Sep-22,P, 1.119, 0.160,01:50,+53,03:15,+39,-,-,03:58,+30,-,-,04:41,+21,06:06,+03
2546-Mar-18,T, 2.441, 1.346,19:20,+11,20:33,+27,21:43,+41,22:27,+49,23:10,+56,00:20,+63,01:33,+60
2546-Sep-11,T, 2.435, 1.485,18:08,-06,19:03,+06,20:02,+19,20:46,+28,21:31,+37,22:30,+47,23:24,+55
2547-Mar-07,P, 2.077, 0.996,19:18,+12,20:31,+28,-,-,22:15,+49,-,-,23:59,+65,01:13,+66
2548-Feb-25,N, 0.817,-0.213,01:31,+67,-,-,-,-,03:32,+44,-,-,-,-,05:33,+18
2548-Aug-20,N, 0.410,-0.627,19:50,+12,-,-,-,-,21:22,+30,-,-,-,-,22:54,+45
2549-Jan-15,P, 1.105, 0.133,02:53,+57,04:21,+38,-,-,05:00,+29,-,-,05:39,+21,07:07,+03
2550-Jan-04,T, 2.314, 1.330,17:53,+03,18:51,+14,19:54,+27,20:33,+36,21:12,+44,22:15,+58,23:13,+70
2550-Dec-25,T, 2.126, 1.092,05:46,+16,06:52,+03,08:10,-12,08:33,-16,08:56,-20,10:14,-31,11:20,-38
2551-Jun-19,P, 1.315, 0.336,19:07,-02,20:25,+12,-,-,21:27,+23,-,-,22:30,+32,23:47,+39
2552-May-10,P, 1.005, 0.055,03:41,+22,05:17,+04,-,-,05:42,-01,-,-,06:08,-06,07:43,-26
2552-Nov-02,N, 0.773,-0.307,17:05,-07,-,-,-,-,19:11,+20,-,-,-,-,21:17,+47
2553-Apr-29,T, 2.308, 1.328,18:46,-02,19:44,+10,20:49,+22,21:28,+29,22:08,+35,23:12,+43,00:10,+47
2553-Oct-22,T, 2.143, 1.117,21:18,+47,22:23,+61,23:40,+73,00:06,+74,00:32,+74,01:49,+63,02:54,+50
2554-Apr-19,P, 2.031, 0.993,05:04,+11,06:13,-03,-,-,07:53,-25,-,-,09:34,-46,10:43,-60
2555-Sep-02,N, 0.060,-0.895,20:15,+20,-,-,-,-,20:47,+27,-,-,-,-,21:20,+33
2555-Oct-02,N, 0.940,-0.013,02:38,+47,-,-,-,-,04:37,+23,-,-,-,-,06:35,-03
2556-Feb-26,N, 0.974,-0.096,15:33,-35,-,-,-,-,17:50,-08,-,-,-,-,20:06,+21
2557-Feb-14,T, 2.314, 1.299,22:22,+56,23:23,+67,00:30,+75,01:08,+74,01:46,+69,02:52,+56,03:54,+43
2557-Aug-11,T, 2.737, 1.688,15:11,-51,16:18,-37,17:21,-23,18:13,-12,19:05,-01,20:09,+12,21:15,+25
2558-Jul-31,P, 1.630, 0.559,16:45,-32,18:09,-14,-,-,19:34,+03,-,-,20:59,+19,22:22,+33
2559-Jan-25,N, 0.918,-0.059,04:28,+35,-,-,-,-,06:27,+10,-,-,-,-,08:25,-13
2559-Jul-20,N, 0.278,-0.765,20:02,+08,-,-,-,-,21:20,+21,-,-,-,-,22:37,+33
2559-Dec-16,N, 0.967,-0.083,03:15,+49,-,-,-,-,05:27,+21,-,-,-,-,07:40,-06
2560-Jun-09,P, 1.915, 0.948,18:19,-11,19:19,+00,-,-,20:53,+17,-,-,22:27,+31,23:28,+37
2560-Dec-04,T, 2.219, 1.125,05:27,+18,06:42,+03,08:02,-13,08:30,-17,08:58,-22,10:18,-34,11:32,-40
2561-Nov-23,T, 2.322, 1.229,04:41,+27,05:54,+11,07:08,-04,07:45,-11,08:21,-17,09:36,-29,10:49,-38
2562-May-20,P, 1.048, 0.082,03:40,+21,05:15,+03,-,-,05:46,-03,-,-,06:18,-09,07:53,-29
2563-Apr-10,P, 1.066, 0.010,02:14,+47,04:23,+23,-,-,04:34,+21,-,-,04:46,+19,06:55,-09
2564-Mar-29,T, 2.373, 1.281,02:49,+44,04:02,+30,05:15,+14,05:55,+06,06:35,-03,07:48,-19,09:00,-34
2564-Sep-22,T, 2.333, 1.379,01:57,+52,02:52,+43,03:53,+31,04:34,+22,05:15,+14,06:16,+01,07:11,-11
2565-Mar-18,T, 2.125, 1.049,03:02,+44,04:15,+30,05:42,+11,06:00,+07,06:18,+03,07:45,-16,08:58,-32
2565-Sep-11,T, 1.990, 1.001,16:45,-24,17:48,-10,19:23,+11,19:25,+11,19:27,+12,21:02,+31,22:05,+44
2566-Sep-01,N, 0.539,-0.503,02:31,+43,-,-,-,-,04:16,+24,-,-,-,-,06:01,+02
2568-Jan-16,T, 2.305, 1.318,02:39,+59,03:37,+47,04:41,+33,05:19,+25,05:57,+17,07:01,+04,07:59,-08
2568-Jul-10,T, 2.872, 1.843,15:30,-49,16:34,-36,17:36,-23,18:28,-12,19:21,-01,20:22,+11,21:26,+22
2569-Jan-04,T, 2.137, 1.100,14:13,-35,15:19,-26,16:37,-13,17:01,-09,17:25,-05,18:43,+11,19:49,+24
2569-Jun-30,P, 1.452, 0.477,02:18,+33,03:30,+23,-,-,04:43,+11,-,-,05:56,-03,07:07,-17
2569-Dec-24,N, 0.818,-0.272,19:26,+23,-,-,-,-,21:36,+51,-,-,-,-,23:45,+79
2570-Jun-19,N, 0.164,-0.779,19:38,+04,-,-,-,-,20:31,+14,-,-,-,-,21:24,+23
2570-Nov-14,N, 0.723,-0.358,00:48,+77,-,-,-,-,02:51,+52,-,-,-,-,04:53,+25
2571-May-11,T, 2.206, 1.226,02:28,+34,03:27,+25,04:35,+13,05:09,+06,05:43,+00,06:51,-14,07:51,-27
2571-Nov-03,T, 2.084, 1.059,05:15,+17,06:20,+03,07:43,-14,08:01,-17,08:20,-21,09:42,-35,10:48,-43
2572-Oct-22,T, 2.291, 1.319,17:46,+00,18:43,+12,19:47,+26,20:25,+34,21:04,+42,22:07,+56,23:04,+67
2573-Apr-18,N, 0.746,-0.337,16:03,-36,-,-,-,-,18:09,-10,-,-,-,-,20:14,+17
2574-Mar-08,N, 0.940,-0.125,23:33,+63,-,-,-,-,01:47,+61,-,-,-,-,04:01,+36
2574-Sep-02,P, 1.204, 0.201,15:44,-39,17:14,-20,-,-,18:04,-09,-,-,18:54,+02,20:23,+21
2575-Aug-22,T, 2.594, 1.541,21:54,+36,23:02,+46,00:07,+51,00:56,+51,01:46,+47,02:51,+39,03:58,+27
2576-Feb-15,T, 2.146, 1.174,20:52,+36,21:49,+48,22:58,+62,23:27,+68,23:57,+72,01:05,+75,02:03,+67
2576-Aug-10,P, 1.785, 0.714,23:08,+42,00:28,+47,-,-,02:01,+42,-,-,03:35,+29,04:55,+14
2577-Jul-31,N, 0.431,-0.610,02:26,+35,-,-,-,-,04:01,+21,-,-,-,-,05:36,+04
2578-Jun-21,P, 1.786, 0.823,01:45,+36,02:48,+29,-,-,04:17,+15,-,-,05:46,-01,06:48,-14
2578-Dec-15,T, 2.191, 1.093,13:22,-39,14:37,-31,16:00,-18,16:24,-14,16:49,-09,18:12,+07,19:27,+22
2579-Jun-10,T, 2.516, 1.573,18:14,-13,19:07,-02,20:05,+09,20:51,+17,21:38,+24,22:35,+32,23:29,+36
2579-Dec-04,T, 2.362, 1.268,12:30,-41,13:42,-37,14:55,-28,15:34,-22,16:13,-15,17:25,-02,18:38,+13
2580-Nov-22,P, 1.088, 0.044,16:34,-10,18:28,+12,-,-,18:53,+17,-,-,19:17,+22,21:11,+47
2581-Oct-13,N, 0.956,-0.005,17:54,-02,-,-,-,-,19:54,+24,-,-,-,-,21:54,+50
2583-Sep-23,T, 2.097, 1.102,00:15,+62,01:17,+59,02:34,+47,02:57,+43,03:21,+38,04:38,+23,05:40,+09
2584-Mar-17,N, 0.898,-0.121,17:51,-09,-,-,-,-,19:56,+18,-,-,-,-,22:00,+43
2585-Feb-05,P, 1.084, 0.114,20:34,+33,22:03,+52,-,-,22:39,+59,-,-,23:16,+67,00:45,+79
2585-Aug-01,P, 1.292, 0.225,19:09,-01,20:48,+18,-,-,21:45,+28,-,-,22:41,+36,00:20,+44
2586-Jul-21,T, 2.719, 1.693,22:19,+32,23:22,+39,00:25,+42,01:16,+41,02:07,+37,03:09,+30,04:13,+20
2587-Jan-15,T, 2.145, 1.105,22:41,+64,23:48,+78,01:06,+80,01:30,+76,01:55,+70,03:12,+54,04:19,+39
2588-Jan-05,N, 0.831,-0.262,03:31,+47,-,-,-,-,05:42,+19,-,-,-,-,07:53,-07
2588-May-31,N, 0.784,-0.163,19:20,+01,-,-,-,-,21:10,+20,-,-,-,-,23:00,+34
2588-Jun-30,N, 0.291,-0.651,02:51,+29,-,-,-,-,04:01,+19,-,-,-,-,05:11,+06
2589-Nov-13,T, 2.037, 1.012,13:20,-42,14:26,-34,15:56,-20,16:05,-18,16:13,-17,17:44,+01,18:50,+15
2590-May-10,T, 2.228, 1.189,19:42,+09,20:49,+21,22:03,+33,22:36,+38,23:09,+41,00:22,+45,01:30,+42
2590-Nov-03,T, 2.352, 1.379,01:59,+60,02:56,+48,03:58,+35,04:39,+26,05:20,+17,06:22,+04,07:19,-07
2591-Apr-29,N, 0.843,-0.237,23:01,+44,-,-,-,-,01:13,+47,-,-,-,-,03:25,+30
2591-Oct-23,P, 1.089, 0.131,18:44,+12,20:11,+31,-,-,20:50,+39,-,-,21:29,+47,22:55,+65
2592-Sep-12,P, 1.088, 0.079,23:09,+55,00:52,+59,-,-,01:24,+56,-,-,01:56,+52,03:39,+35
2593-Mar-08,T, 2.258, 1.253,15:12,-41,16:13,-29,17:20,-15,17:56,-08,18:32,+00,19:39,+14,20:40,+27
2593-Sep-02,T, 2.459, 1.401,04:42,+17,05:50,+03,06:58,-12,07:43,-21,08:28,-31,09:36,-45,10:45,-58
2594-Feb-26,T, 2.168, 1.199,05:32,+17,06:29,+05,07:36,-10,08:07,-16,08:39,-22,09:46,-35,10:43,-45
2594-Aug-22,P, 1.936, 0.863,05:36,+04,06:52,-12,-,-,08:33,-33,-,-,10:13,-54,11:30,-68
2595-Feb-15,N, 0.938,-0.040,21:58,+50,-,-,-,-,23:58,+73,-,-,-,-,01:58,+68
2595-Jul-12,N, 0.187,-0.823,22:05,+30,-,-,-,-,23:07,+38,-,-,-,-,00:08,+42
2596-Jan-06,N, 0.933,-0.125,19:56,+28,-,-,-,-,22:07,+56,-,-,-,-,00:19,+83
2596-Dec-25,T, 2.169, 1.069,21:21,+49,22:36,+65,00:02,+83,00:23,+86,00:44,+84,02:10,+67,03:25,+50
2597-Jun-21,T, 2.644, 1.702,01:45,+35,02:38,+29,03:35,+21,04:24,+13,05:12,+05,06:09,-06,07:02,-17
2597-Dec-14,T, 2.391, 1.297,20:26,+38,21:38,+54,22:50,+69,23:30,+78,00:11,+86,01:22,+76,02:35,+61
2598-Jun-10,P, 1.278, 0.311,18:31,-09,19:49,+05,-,-,20:48,+16,-,-,21:48,+25,23:05,+34
2598-Dec-04,P, 1.124, 0.081,00:45,+81,02:31,+58,-,-,03:04,+51,-,-,03:37,+44,05:24,+21
2599-May-01,N, 0.872,-0.184,17:06,-24,-,-,-,-,19:17,+04,-,-,-,-,21:27,+28
2599-Oct-25,N, 0.892,-0.071,02:07,+57,-,-,-,-,04:04,+33,-,-,-,-,06:01,+08
2600-Apr-20,T, 2.196, 1.110,17:21,-19,18:35,-03,19:57,+14,20:24,+19,20:50,+24,22:12,+38,23:26,+47
2600-Oct-14,T, 2.161, 1.200,17:54,-01,18:51,+11,19:58,+26,20:30,+33,21:01,+40,22:09,+54,23:06,+64
2601-Apr-09,T, 2.259, 1.194,18:10,-07,19:20,+08,20:35,+23,21:09,+30,21:42,+36,22:57,+47,00:07,+53
2602-Mar-30,N, 0.952,-0.061,01:52,+52,-,-,-,-,03:59,+30,-,-,-,-,06:06,+03
2602-Sep-23,N, 0.771,-0.282,16:16,-27,-,-,-,-,18:20,+00,-,-,-,-,20:23,+27
2603-Feb-18,P, 1.066, 0.098,05:20,+22,06:51,+02,-,-,07:25,-05,-,-,07:58,-11,09:29,-29
2603-Aug-14,P, 1.141, 0.075,01:47,+43,03:42,+27,-,-,04:16,+21,-,-,04:49,+15,06:44,-09
2604-Feb-07,T, 2.282, 1.294,20:08,+27,21:07,+40,22:12,+54,22:49,+61,23:26,+69,00:31,+78,01:29,+74
2604-Aug-02,T, 2.573, 1.549,05:13,+07,06:16,-06,07:19,-19,08:08,-29,08:57,-40,10:00,-53,11:04,-66
2605-Jan-27,T, 2.156, 1.113,07:07,+00,08:14,-13,09:31,-27,09:57,-31,10:22,-35,11:39,-43,12:46,-46
2605-Jul-22,P, 1.732, 0.763,16:42,-33,17:47,-19,-,-,19:14,-01,-,-,20:41,+16,21:45,+27
2606-Jun-13,N, 0.660,-0.286,03:02,+25,-,-,-,-,04:44,+09,-,-,-,-,06:26,-10
2606-Dec-06,N, 0.654,-0.427,16:37,-10,-,-,-,-,18:34,+13,-,-,-,-,20:31,+38
2607-Jun-02,P, 1.975, 0.992,17:33,-21,18:35,-08,-,-,20:11,+10,-,-,21:48,+26,22:50,+34
2607-Nov-25,P, 2.002, 0.977,21:34,+54,22:40,+68,-,-,00:18,+84,-,-,01:55,+66,03:02,+52
2608-May-22,T, 2.346, 1.307,02:46,+30,03:53,+20,05:02,+07,05:43,-01,06:23,-09,07:32,-24,08:39,-38
2609-Nov-04,P, 1.148, 0.186,02:59,+47,04:21,+29,-,-,05:07,+20,-,-,05:53,+10,07:15,-07
2610-Mar-31,N, 0.838,-0.215,15:16,-45,-,-,-,-,17:22,-18,-,-,-,-,19:29,+09
2611-Mar-20,T, 2.215, 1.216,23:29,+59,00:29,+63,01:38,+58,02:12,+54,02:45,+48,03:54,+35,04:55,+22
2612-Mar-09,T, 2.197, 1.231,14:07,-51,15:04,-42,16:09,-30,16:43,-24,17:16,-17,18:22,-03,19:19,+09
2613-Feb-27,N, 0.955,-0.022,06:36,+03,-,-,-,-,08:37,-22,-,-,-,-,10:38,-43
2613-Jul-24,N, 0.055,-0.951,05:31,+04,-,-,-,-,06:05,-03,-,-,-,-,06:39,-10
2613-Aug-22,N, 0.724,-0.314,15:38,-44,-,-,-,-,17:37,-19,-,-,-,-,19:36,+06
2614-Jan-18,N, 0.919,-0.142,04:18,+37,-,-,-,-,06:29,+09,-,-,-,-,08:40,-17
2614-Jul-13,P, 1.518, 0.561,16:36,-34,17:43,-21,-,-,18:59,-05,-,-,20:16,+10,21:23,+22
2615-Jan-07,T, 2.151, 1.049,05:22,+23,06:37,+07,08:06,-10,08:24,-14,08:42,-17,10:10,-31,11:26,-39
2615-Dec-27,T, 2.414, 1.320,04:26,+34,05:38,+19,06:49,+04,07:31,-04,08:12,-11,09:23,-23,10:35,-33
2616-Jun-22,P, 1.403, 0.434,01:50,+34,03:02,+26,-,-,04:11,+15,-,-,05:21,+03,06:33,-11
2617-May-13,N, 0.756,-0.300,00:21,+46,-,-,-,-,02:24,+37,-,-,-,-,04:27,+16
2618-May-02,T, 2.087, 1.005,00:24,+48,01:39,+44,03:19,+30,03:25,+29,03:30,+28,05:10,+09,06:25,-07
2618-Oct-26,T, 2.093, 1.128,02:04,+58,03:01,+46,04:13,+30,04:39,+25,05:05,+19,06:16,+04,07:14,-08
2619-Apr-21,T, 2.346, 1.287,01:31,+48,02:40,+38,03:50,+26,04:30,+18,05:10,+10,06:20,-05,07:29,-19
2619-Oct-15,T, 2.280, 1.273,15:32,-30,16:34,-18,17:42,-04,18:19,+04,18:56,+13,20:04,+27,21:05,+41
2620-Oct-03,N, 0.874,-0.185,23:20,+64,-,-,-,-,01:30,+61,-,-,-,-,03:41,+37
2622-Feb-18,T, 2.265, 1.276,04:48,+28,05:47,+16,06:53,+02,07:29,-06,08:06,-14,09:11,-26,10:10,-37
2623-Feb-07,T, 2.168, 1.122,15:31,-30,16:38,-18,17:55,-03,18:21,+02,18:48,+08,20:05,+24,21:12,+38
2623-Aug-02,P, 1.871, 0.904,23:58,+44,00:59,+44,-,-,02:32,+37,-,-,04:04,+22,05:06,+11
2624-Jan-27,N, 0.857,-0.239,19:40,+22,-,-,-,-,21:53,+51,-,-,-,-,00:06,+77
2624-Jul-22,N, 0.554,-0.387,17:23,-24,-,-,-,-,18:57,-04,-,-,-,-,20:31,+14
2624-Dec-17,N, 0.634,-0.448,00:41,+84,-,-,-,-,02:36,+59,-,-,-,-,04:31,+34
2625-Jun-13,P, 1.846, 0.863,00:56,+38,02:00,+34,-,-,03:32,+22,-,-,05:05,+06,06:09,-06
2625-Dec-06,P, 1.974, 0.951,05:54,+13,07:00,-01,-,-,08:37,-18,-,-,10:13,-32,11:20,-39
2626-Nov-25,T, 2.437, 1.463,18:51,+18,19:48,+30,20:47,+42,21:31,+52,22:15,+61,23:15,+74,00:11,+83
2628-Apr-10,N, 0.771,-0.276,22:58,+48,-,-,-,-,01:00,+52,-,-,-,-,03:01,+38
2628-Oct-05,N, 0.883,-0.138,14:13,-47,-,-,-,-,16:18,-23,-,-,-,-,18:23,+03
2629-Sep-24,T, 2.215, 1.147,18:32,+04,19:44,+19,21:02,+36,21:32,+42,22:02,+48,23:21,+60,00:32,+64
2630-Mar-20,T, 2.238, 1.275,22:35,+52,23:31,+60,00:35,+63,01:11,+62,01:47,+58,02:51,+48,03:47,+37
2630-Sep-13,T, 2.214, 1.138,18:51,+04,20:03,+20,21:23,+36,21:53,+42,22:22,+47,23:42,+57,00:55,+59
2631-Mar-10,P, 0.983, 0.006,15:06,-41,17:00,-20,-,-,17:09,-18,-,-,17:18,-16,19:11,+08
2631-Sep-02,N, 0.859,-0.177,22:27,+43,-,-,-,-,00:35,+54,-,-,-,-,02:42,+42
2632-Jul-24,P, 1.385, 0.430,00:02,+43,01:13,+42,-,-,02:21,+37,-,-,03:29,+27,04:40,+15
2633-Jan-17,T, 2.137, 1.033,13:24,-41,14:40,-34,16:11,-20,16:26,-18,16:41,-15,18:12,+03,19:29,+18
2633-Jul-13,T, 2.745, 1.803,16:43,-33,17:36,-22,18:32,-11,19:22,-01,20:11,+09,21:07,+19,22:00,+27
2634-Jan-06,T, 2.430, 1.337,12:32,-41,13:43,-38,14:53,-30,15:36,-24,16:18,-17,17:28,-04,18:40,+10
2634-Dec-26,P, 1.170, 0.130,17:25,-01,19:05,+18,-,-,19:46,+27,-,-,20:27,+36,22:07,+57
2635-Jun-22,N, 0.057,-0.969,21:45,+24,-,-,-,-,22:20,+29,-,-,-,-,22:55,+33
2635-Nov-16,N, 0.796,-0.170,18:56,+17,-,-,-,-,20:47,+41,-,-,-,-,22:38,+65
2635-Dec-16,N, 0.011,-0.976,06:57,+02,-,-,-,-,07:12,-01,-,-,-,-,07:25,-03
2637-Oct-25,T, 2.356, 1.342,23:21,+71,00:23,+74,01:28,+66,02:09,+58,02:50,+50,03:55,+36,04:57,+22
2638-Apr-20,P, 1.099, 0.098,17:31,-17,19:09,+03,-,-,19:44,+11,-,-,20:19,+18,21:58,+35
2639-Mar-11,P, 1.005, 0.042,22:38,+54,00:18,+67,-,-,00:40,+67,-,-,01:02,+67,02:42,+53
2639-Sep-04,N, 0.863,-0.205,15:20,-45,-,-,-,-,17:32,-17,-,-,-,-,19:45,+12
2640-Feb-29,T, 2.238, 1.248,13:22,-53,14:21,-47,15:27,-37,16:02,-30,16:37,-24,17:44,-10,18:43,+02
2640-Aug-23,T, 2.292, 1.273,19:12,+04,20:17,+17,21:26,+30,22:04,+37,22:42,+43,23:51,+50,00:55,+52
2641-Feb-17,T, 2.187, 1.140,23:49,+72,00:57,+74,02:12,+63,02:41,+57,03:09,+51,04:25,+35,05:32,+20
2642-Feb-07,N, 0.874,-0.222,03:41,+44,-,-,-,-,05:55,+15,-,-,-,-,08:09,-13
2642-Jul-04,N, 0.399,-0.547,18:22,-14,-,-,-,-,19:43,+02,-,-,-,-,21:05,+17
2642-Aug-03,N, 0.686,-0.255,00:42,+46,-,-,-,-,02:25,+38,-,-,-,-,04:09,+22
2643-Dec-17,P, 1.957, 0.935,14:21,-32,15:27,-23,-,-,17:03,-06,-,-,18:39,+12,19:45,+26
2644-Jun-12,T, 2.612, 1.571,16:35,-34,17:41,-20,18:45,-07,19:35,+02,20:24,+12,21:29,+22,22:34,+32
2644-Dec-06,T, 2.466, 1.491,03:27,+44,04:23,+32,05:23,+20,06:07,+11,06:51,+02,07:51,-09,08:47,-19
2645-Jun-01,P, 1.211, 0.137,19:02,-02,20:50,+18,-,-,21:35,+26,-,-,22:20,+32,00:07,+41
2645-Nov-25,P, 1.231, 0.262,19:50,+30,21:08,+47,-,-,22:02,+59,-,-,22:56,+70,00:14,+83
2646-Oct-16,N, 0.797,-0.230,21:54,+54,-,-,-,-,23:54,+72,-,-,-,-,01:55,+61
2647-Apr-11,T, 2.096, 1.107,15:42,-40,16:43,-27,17:58,-11,18:22,-06,18:47,-01,20:01,+15,21:02,+27
2647-Oct-06,T, 2.110, 1.037,01:38,+59,02:51,+46,04:21,+27,04:36,+23,04:52,+20,06:22,+01,07:35,-15
2648-Sep-24,T, 2.337, 1.259,01:40,+55,02:52,+43,04:05,+29,04:44,+21,05:23,+12,06:36,-04,07:48,-19
2649-Mar-20,P, 1.017, 0.042,23:31,+60,01:13,+62,-,-,01:35,+60,-,-,01:58,+57,03:40,+38
2649-Sep-13,N, 0.987,-0.049,05:25,+09,-,-,-,-,07:39,-20,-,-,-,-,09:53,-47
2650-Feb-08,N, 0.884,-0.180,20:54,+36,-,-,-,-,23:04,+64,-,-,-,-,01:14,+75
2651-Jan-28,T, 2.119, 1.015,21:25,+45,22:41,+62,00:16,+79,00:27,+80,00:37,+81,02:12,+67,03:29,+50
2651-Jul-25,T, 2.610, 1.668,00:11,+42,01:04,+42,02:01,+38,02:50,+32,03:38,+25,04:35,+16,05:28,+06
2652-Jan-17,T, 2.445, 1.354,20:38,+37,21:49,+52,22:59,+67,23:42,+76,00:25,+83,01:34,+76,02:46,+61
2652-Jul-13,P, 1.668, 0.695,16:15,-39,17:21,-26,-,-,18:46,-08,-,-,20:11,+08,21:17,+20
2653-Jan-06,P, 1.187, 0.148,01:51,+70,03:28,+49,-,-,04:12,+39,-,-,04:56,+30,06:33,+10
2653-Jul-03,N, 0.190,-0.838,04:08,+16,-,-,-,-,05:11,+05,-,-,-,-,06:15,-07
2653-Nov-27,N, 0.763,-0.204,03:31,+43,-,-,-,-,05:20,+20,-,-,-,-,07:09,-02
2654-May-23,P, 1.836, 0.760,14:08,-65,15:27,-48,-,-,17:03,-28,-,-,18:39,-08,19:57,+08
2654-Nov-16,T, 1.990, 1.015,18:42,+15,19:42,+28,21:07,+46,21:16,+48,21:26,+50,22:51,+69,23:51,+80
2655-May-12,T, 2.552, 1.505,15:56,-40,17:02,-26,18:07,-12,18:55,-02,19:43,+07,20:48,+19,21:54,+30
2656-May-01,P, 1.190, 0.195,01:09,+45,02:37,+35,-,-,03:26,+27,-,-,04:15,+19,05:43,+01
2656-Oct-25,N, 1.045,-0.025,13:50,-44,-,-,-,-,16:12,-20,-,-,-,-,18:33,+10
2657-Sep-14,N, 0.736,-0.332,22:16,+46,-,-,-,-,00:20,+59,-,-,-,-,02:24,+48
2658-Mar-11,T, 2.203, 1.214,21:50,+45,22:50,+56,23:58,+65,00:31,+67,01:04,+66,02:12,+57,03:11,+46
2658-Sep-04,T, 2.163, 1.145,02:21,+44,03:26,+33,04:42,+18,05:10,+13,05:39,+07,06:54,-09,08:00,-23
2659-Aug-24,T, 2.137, 1.173,14:41,-55,15:39,-43,16:49,-28,17:19,-21,17:49,-15,18:59,+00,19:57,+12
2660-Jul-15,N, 0.266,-0.681,02:02,+35,-,-,-,-,03:10,+27,-,-,-,-,04:17,+17
2661-Jan-07,N, 0.609,-0.470,17:02,-08,-,-,-,-,18:54,+14,-,-,-,-,20:47,+38
2661-Jul-04,P, 1.570, 0.582,15:27,-50,16:38,-35,-,-,17:58,-19,-,-,19:18,-03,20:28,+11
2661-Dec-27,P, 1.944, 0.924,22:52,+70,23:59,+84,-,-,01:34,+74,-,-,03:09,+54,04:15,+39
2662-Jun-23,T, 2.758, 1.715,23:20,+37,00:26,+39,01:29,+37,02:21,+32,03:13,+26,04:16,+16,05:21,+04
2663-Jun-13,P, 1.354, 0.282,01:30,+37,03:06,+27,-,-,04:09,+16,-,-,05:12,+05,06:48,-14
2663-Dec-07,P, 1.258, 0.286,04:25,+32,05:42,+15,-,-,06:38,+04,-,-,07:35,-07,08:52,-21
2664-Jun-01,N, 0.029,-1.025,04:53,+09,-,-,-,-,05:18,+04,-,-,-,-,05:44,-01
2664-Oct-27,N, 0.723,-0.310,05:41,+10,-,-,-,-,07:38,-13,-,-,-,-,09:34,-34
2665-Apr-21,T, 2.018, 1.035,23:39,+49,00:40,+50,02:03,+43,02:17,+41,02:32,+39,03:54,+25,04:55,+14
2666-Apr-11,T, 2.351, 1.394,15:09,-47,16:04,-36,17:05,-23,17:46,-14,18:27,-05,19:28,+07,20:23,+19
2668-Feb-20,N, 0.859,-0.206,05:06,+23,-,-,-,-,07:15,-04,-,-,-,-,09:23,-30
2668-Aug-14,P, 1.129, 0.177,15:04,-52,16:27,-34,-,-,17:12,-24,-,-,17:57,-15,19:21,+03
2669-Feb-08,P, 2.098, 0.995,05:23,+21,06:40,+05,-,-,08:25,-17,-,-,10:10,-35,11:27,-45
2670-Jan-28,T, 2.458, 1.370,04:46,+31,05:57,+16,07:06,+01,07:50,-08,08:33,-16,09:42,-28,10:53,-38
2670-Jul-24,P, 1.807, 0.831,23:24,+39,00:28,+42,-,-,01:58,+38,-,-,03:29,+27,04:33,+16
2671-Jun-14,N, 0.348,-0.709,21:27,+24,-,-,-,-,22:55,+35,-,-,-,-,00:22,+40
2672-Jan-07,N, 0.045,-0.939,00:10,+84,-,-,-,-,00:39,+87,-,-,-,-,01:08,+81
2672-Jun-02,P, 1.697, 0.624,20:52,+19,22:13,+31,-,-,23:42,+40,-,-,01:11,+40,02:33,+32
2672-Nov-27,P, 1.954, 0.976,03:11,+47,04:11,+34,-,-,05:45,+14,-,-,07:18,-04,08:19,-15
2673-May-22,T, 2.670, 1.628,23:00,+38,00:05,+42,01:08,+41,01:59,+36,02:50,+30,03:53,+20,04:58,+08
2673-Nov-16,T, 2.470, 1.445,15:19,-26,16:21,-14,17:25,-02,18:10,+07,18:55,+17,19:58,+30,21:01,+44
2674-Nov-05,P, 1.113, 0.037,21:18,+50,23:20,+75,-,-,23:44,+78,-,-,00:07,+80,02:09,+61
2675-Apr-02,N, 0.904,-0.055,15:32,-41,-,-,-,-,17:29,-17,-,-,-,-,19:26,+08
2675-May-02,N, 0.050,-0.905,01:29,+43,-,-,-,-,01:59,+40,-,-,-,-,02:28,+36
2675-Sep-26,N, 0.624,-0.445,05:22,+11,-,-,-,-,07:17,-13,-,-,-,-,09:12,-37
2676-Mar-22,T, 2.157, 1.167,06:10,+03,07:10,-10,08:21,-25,08:50,-31,09:20,-37,10:31,-51,11:31,-60
2677-Mar-11,T, 2.249, 1.201,16:06,-30,17:13,-17,18:26,-01,18:59,+06,19:33,+13,20:46,+29,21:53,+42
2677-Sep-03,T, 2.260, 1.296,22:11,+43,23:08,+51,00:13,+55,00:50,+55,01:28,+53,02:32,+45,03:29,+35
2678-Feb-28,N, 0.926,-0.169,19:26,+14,-,-,-,-,21:44,+44,-,-,-,-,00:02,+67
2678-Aug-24,N, 0.940,-0.004,15:31,-44,-,-,-,-,17:30,-18,-,-,-,-,19:28,+07
2679-Jan-19,N, 0.600,-0.476,01:16,+79,-,-,-,-,03:07,+55,-,-,-,-,04:58,+31
2679-Jul-15,P, 1.426, 0.435,22:39,+33,23:54,+39,-,-,01:05,+40,-,-,02:16,+35,03:32,+25
2680-Dec-27,T, 2.501, 1.525,20:54,+43,21:50,+55,22:49,+68,23:34,+77,00:19,+85,01:18,+78,02:14,+67
2682-May-13,N, 0.500,-0.528,21:30,+27,-,-,-,-,23:10,+39,-,-,-,-,00:49,+42
2683-Oct-27,P, 1.937, 0.854,16:11,-19,17:28,-03,-,-,19:07,+18,-,-,20:46,+39,22:03,+56
2684-Apr-21,T, 2.423, 1.469,23:16,+48,00:10,+51,01:10,+49,01:53,+45,02:37,+39,03:36,+29,04:31,+19
2684-Oct-15,T, 2.546, 1.464,15:46,-27,16:57,-13,18:05,+02,18:52,+12,19:40,+22,20:47,+37,21:58,+52
2685-Apr-11,P, 1.122, 0.148,15:52,-38,17:20,-19,-,-,18:02,-10,-,-,18:44,-02,20:12,+17
2685-Oct-04,P, 1.207, 0.172,19:51,+23,21:27,+43,-,-,22:15,+52,-,-,23:02,+60,00:39,+67
2686-Aug-25,P, 1.009, 0.056,22:40,+45,00:17,+53,-,-,00:43,+53,-,-,01:09,+52,02:46,+41
2687-Feb-19,P, 2.070, 0.968,13:17,-51,14:34,-43,-,-,16:18,-26,-,-,18:03,-05,19:20,+12
2687-Aug-15,T, 2.347, 1.402,15:11,-50,16:05,-39,17:06,-26,17:48,-17,18:30,-08,19:30,+05,20:25,+16
2688-Feb-08,T, 2.477, 1.392,12:51,-48,14:01,-44,15:09,-35,15:54,-28,16:38,-20,17:46,-06,18:57,+08
2689-Jan-27,P, 1.211, 0.179,18:50,+11,20:24,+31,-,-,21:12,+41,-,-,21:59,+52,23:33,+71
2689-Jun-25,N, 0.197,-0.861,04:25,+14,-,-,-,-,05:32,+02,-,-,-,-,06:39,-12
2689-Jul-24,N, 0.468,-0.566,17:05,-29,-,-,-,-,18:43,-09,-,-,-,-,20:21,+11
2689-Dec-18,N, 0.722,-0.248,20:55,+43,-,-,-,-,22:41,+66,-,-,-,-,00:28,+85
2690-Jun-14,P, 1.549, 0.478,03:29,+22,04:55,+07,-,-,06:15,-08,-,-,07:35,-24,09:01,-42
2691-Nov-27,T, 2.510, 1.479,23:28,+79,00:31,+82,01:34,+70,02:20,+60,03:06,+50,04:09,+36,05:12,+23
2692-May-22,P, 1.402, 0.418,16:09,-38,17:24,-22,-,-,18:33,-08,-,-,19:42,+05,20:57,+18
2692-Nov-16,P, 1.170, 0.089,04:54,+23,06:46,+00,-,-,07:22,-07,-,-,07:58,-14,09:51,-32
2693-Apr-12,N, 0.837,-0.119,23:50,+54,-,-,-,-,01:43,+50,-,-,-,-,03:36,+32
2694-Apr-02,T, 2.099, 1.110,14:23,-54,15:23,-43,16:38,-28,17:02,-23,17:27,-18,18:41,-02,19:42,+11
2694-Sep-25,P, 1.937, 0.921,17:04,-17,18:11,-02,-,-,19:48,+19,-,-,21:24,+39,22:32,+52
2695-Mar-23,T, 2.295, 1.247,00:03,+62,01:10,+60,02:21,+51,02:57,+45,03:34,+38,04:45,+23,05:52,+08
2695-Sep-15,T, 2.374, 1.410,05:48,+04,06:44,-08,07:45,-21,08:28,-30,09:10,-39,10:12,-50,11:08,-59
2696-Mar-11,N, 0.966,-0.127,03:09,+45,-,-,-,-,05:29,+15,-,-,-,-,07:49,-16
2696-Sep-03,P, 1.058, 0.112,23:04,+51,00:32,+56,-,-,01:08,+55,-,-,01:44,+52,03:12,+38
2698-Jan-18,P, 1.927, 0.912,16:04,-20,17:09,-09,-,-,18:44,+10,-,-,20:18,+30,21:24,+44
2699-Jan-08,T, 2.512, 1.537,05:42,+18,06:38,+07,07:36,-05,08:22,-13,09:07,-21,10:06,-30,11:01,-37
2699-Jul-04,P, 1.663, 0.592,14:14,-66,15:37,-48,-,-,17:04,-30,-,-,18:31,-12,19:53,+05
2699-Dec-28,P, 1.291, 0.314,21:50,+55,23:06,+71,-,-,00:05,+83,-,-,01:03,+81,02:20,+65
2700-May-25,N, 0.392,-0.631,04:53,+07,-,-,-,-,06:21,-10,-,-,-,-,07:50,-28
2700-Jun-23,N, 0.312,-0.732,17:27,-24,-,-,-,-,18:49,-07,-,-,-,-,20:11,+09
2700-Nov-18,N, 0.610,-0.435,21:35,+54,-,-,-,-,23:24,+77,-,-,-,-,01:13,+75
2701-May-14,P, 1.831, 0.858,15:14,-49,16:17,-36,-,-,17:47,-17,-,-,19:18,+01,20:21,+13
2701-Nov-07,P, 1.869, 0.782,23:39,+78,00:58,+74,-,-,02:34,+55,-,-,04:11,+34,05:29,+17
2702-Oct-27,T, 2.630, 1.547,23:04,+69,00:15,+75,01:21,+67,02:11,+58,03:00,+48,04:07,+33,05:17,+18
2703-Apr-23,P, 1.194, 0.220,23:49,+50,01:11,+49,-,-,02:02,+44,-,-,02:52,+37,04:15,+22
2703-Oct-17,P, 1.298, 0.263,03:19,+40,04:49,+21,-,-,05:47,+09,-,-,06:45,-04,08:14,-22
2704-Mar-13,N, 0.781,-0.285,21:11,+36,-,-,-,-,23:16,+58,-,-,-,-,01:20,+62
2705-Mar-02,P, 2.036, 0.936,21:07,+37,22:24,+53,-,-,00:07,+68,-,-,01:51,+63,03:08,+49
2705-Aug-26,T, 2.221, 1.273,22:44,+45,23:39,+51,00:44,+52,01:20,+51,01:56,+47,03:00,+38,03:55,+29
2706-Feb-19,T, 2.498, 1.416,20:54,+36,22:04,+51,23:12,+64,23:57,+71,00:42,+74,01:50,+68,03:00,+54
2707-Feb-09,P, 1.225, 0.197,03:19,+50,04:50,+30,-,-,05:40,+19,-,-,06:30,+09,08:01,-10
2707-Aug-05,N, 0.609,-0.429,23:37,+42,-,-,-,-,01:28,+43,-,-,-,-,03:18,+30
2707-Dec-31,N, 0.710,-0.260,05:43,+17,-,-,-,-,07:29,-04,-,-,-,-,09:14,-23
2708-Jan-29,N, 0.069,-0.912,17:37,-05,-,-,-,-,18:12,+02,-,-,-,-,18:48,+09
2708-Dec-19,P, 1.907, 0.921,20:23,+37,21:25,+50,-,-,22:57,+70,-,-,00:29,+86,01:31,+75
2710-Jun-03,P, 1.523, 0.544,23:32,+38,00:42,+39,-,-,01:59,+34,-,-,03:15,+25,04:25,+13
2710-Nov-28,P, 1.216, 0.130,12:36,-42,14:25,-32,-,-,15:08,-26,-,-,15:51,-19,17:39,+01
2711-Oct-18,N, 0.437,-0.634,20:00,+27,-,-,-,-,21:38,+48,-,-,-,-,23:15,+66
2712-Apr-13,T, 2.029, 1.039,22:26,+44,23:28,+51,00:50,+53,01:05,+53,01:20,+52,02:42,+41,03:44,+30
2712-Oct-07,P, 1.844, 0.828,00:39,+66,01:47,+58,-,-,03:20,+40,-,-,04:53,+21,06:01,+06
2713-Sep-26,T, 2.479, 1.515,13:32,-57,14:28,-48,15:27,-37,16:13,-28,16:58,-18,17:57,-06,18:53,+07
2715-Feb-10,N, 0.576,-0.493,17:43,-05,-,-,-,-,19:32,+17,-,-,-,-,21:20,+41
2716-Jan-31,P, 1.919, 0.907,00:41,+82,01:46,+71,-,-,03:20,+51,-,-,04:54,+31,05:59,+17
2716-Jul-26,T, 2.543, 1.493,19:15,+00,20:22,+13,21:28,+25,22:17,+32,23:05,+38,00:11,+43,01:18,+43
2717-Jan-19,T, 2.521, 1.546,14:32,-35,15:27,-27,16:26,-18,17:11,-09,17:57,-01,18:55,+11,19:51,+23
2717-Jul-15,P, 1.824, 0.754,20:33,+15,21:51,+28,-,-,23:27,+39,-,-,01:03,+41,02:21,+36
2718-Jan-09,P, 1.299, 0.320,06:37,+06,07:53,-09,-,-,08:52,-19,-,-,09:51,-29,11:08,-38
2718-Jul-04,N, 0.464,-0.577,23:51,+40,-,-,-,-,01:30,+39,-,-,-,-,03:08,+28
2718-Nov-30,N, 0.570,-0.481,05:41,+15,-,-,-,-,07:27,-06,-,-,-,-,09:13,-24
2719-May-25,P, 1.723, 0.755,22:54,+37,23:58,+41,-,-,01:24,+39,-,-,02:50,+30,03:54,+20
2720-May-14,T, 2.605, 1.656,15:06,-51,15:59,-40,16:56,-28,17:44,-18,18:32,-08,19:29,+03,20:22,+13
2720-Nov-07,T, 2.702, 1.617,06:31,+00,07:41,-14,08:47,-26,09:38,-34,10:29,-41,11:34,-46,12:44,-47
2722-Mar-25,N, 0.726,-0.340,05:03,+17,-,-,-,-,07:04,-09,-,-,-,-,09:05,-35
2722-Oct-16,N, 0.139,-0.839,23:52,+69,-,-,-,-,00:43,+69,-,-,-,-,01:34,+63
2723-Mar-14,P, 1.989, 0.891,04:48,+23,06:06,+06,-,-,07:48,-16,-,-,09:29,-37,10:47,-51
2724-Mar-02,T, 2.527, 1.449,04:52,+25,06:02,+10,07:08,-04,07:55,-14,08:41,-24,09:48,-37,10:57,-48
2724-Aug-26,T, 2.206, 1.217,20:58,+26,21:59,+37,23:08,+47,23:42,+50,00:15,+52,01:25,+50,02:26,+44
2726-Jan-10,N, 0.701,-0.270,14:33,-34,-,-,-,-,16:18,-18,-,-,-,-,18:03,+01
2726-Feb-09,N, 0.084,-0.895,02:18,+64,-,-,-,-,02:57,+56,-,-,-,-,03:36,+48
2726-Jul-06,P, 1.240, 0.174,16:39,-34,18:22,-13,-,-,19:12,-02,-,-,20:02,+07,21:45,+25
2726-Dec-31,P, 1.893, 0.905,05:05,+25,06:07,+12,-,-,07:39,-06,-,-,09:11,-22,10:13,-31
2727-Jun-25,T, 2.669, 1.642,19:47,+05,20:51,+17,21:53,+26,22:44,+33,23:34,+37,00:37,+39,01:40,+37
2727-Dec-20,T, 2.565, 1.524,16:00,-17,17:04,-06,18:07,+07,18:54,+16,19:41,+26,20:44,+39,21:48,+53
2728-Dec-08,P, 1.250, 0.161,20:27,+39,22:12,+62,-,-,23:00,+72,-,-,23:48,+82,01:33,+73
2729-May-05,N, 0.669,-0.284,16:03,-38,-,-,-,-,17:46,-17,-,-,-,-,19:29,+05
2729-Jun-03,N, 0.358,-0.587,23:58,+38,-,-,-,-,01:16,+37,-,-,-,-,02:33,+30
2729-Oct-29,N, 0.364,-0.708,03:32,+40,-,-,-,-,05:02,+20,-,-,-,-,06:31,+01
2731-Apr-14,T, 2.428, 1.379,15:27,-43,16:33,-29,17:40,-15,18:24,-06,19:07,+03,20:14,+17,21:21,+30
2731-Oct-07,T, 2.572, 1.607,21:25,+44,22:20,+55,23:18,+64,00:05,+68,00:53,+67,01:51,+59,02:46,+49
2732-Apr-02,N, 1.081,-0.008,18:07,-07,-,-,-,-,20:34,+24,-,-,-,-,23:00,+49
2732-Sep-26,P, 1.270, 0.319,14:27,-48,15:41,-34,-,-,16:40,-21,-,-,17:39,-09,18:53,+07
2733-Feb-21,N, 0.557,-0.508,01:54,+67,-,-,-,-,03:41,+45,-,-,-,-,05:27,+21
2733-Aug-17,N, 0.999,-0.004,20:11,+14,-,-,-,-,22:21,+37,-,-,-,-,00:31,+49
2734-Aug-07,T, 2.389, 1.335,01:51,+41,03:00,+32,04:10,+21,04:52,+13,05:35,+05,06:44,-10,07:53,-24
2735-Jan-30,T, 2.531, 1.558,23:20,+71,00:16,+80,01:14,+77,02:00,+69,02:45,+59,03:44,+46,04:39,+34
2735-Jul-27,P, 1.984, 0.914,02:54,+31,04:10,+19,-,-,05:52,+00,-,-,07:35,-21,08:50,-37
2736-Jan-20,P, 1.308, 0.327,15:23,-28,16:39,-15,-,-,17:39,-04,-,-,18:39,+08,19:55,+24
2736-Jun-15,N, 0.152,-0.861,19:36,+02,-,-,-,-,20:31,+12,-,-,-,-,21:27,+21
2737-Nov-29,P, 1.768, 0.673,14:57,-27,16:19,-14,-,-,17:50,+04,-,-,19:22,+23,20:44,+40
2738-May-25,T, 2.713, 1.767,22:50,+37,23:43,+41,00:40,+41,01:29,+39,02:18,+34,03:14,+27,04:07,+18
2738-Nov-18,T, 2.759, 1.673,14:09,-36,15:19,-26,16:23,-14,17:15,-04,18:07,+06,19:12,+20,20:22,+35
2739-May-15,P, 1.369, 0.396,15:17,-49,16:31,-33,-,-,17:38,-19,-,-,18:44,-05,19:58,+09
2739-Nov-07,P, 1.443, 0.408,18:47,+15,20:09,+33,-,-,21:19,+48,-,-,22:30,+63,23:51,+77
2740-Sep-27,N, 0.700,-0.255,22:05,+50,-,-,-,-,23:50,+65,-,-,-,-,01:35,+60
2741-Sep-17,T, 1.995, 1.041,14:05,-55,15:03,-44,16:23,-28,16:38,-25,16:53,-21,18:13,-04,19:11,+08
2742-Mar-13,T, 2.564, 1.492,12:46,-60,13:54,-54,15:00,-44,15:48,-36,16:35,-26,17:41,-12,18:50,+02
2742-Sep-07,T, 2.331, 1.337,04:14,+23,05:14,+11,06:19,-03,07:00,-11,07:40,-20,08:46,-34,09:46,-46
2743-Mar-02,P, 1.271, 0.252,20:06,+23,21:32,+42,-,-,22:28,+53,-,-,23:24,+63,00:50,+70
2744-Jan-21,N, 0.692,-0.278,23:24,+72,-,-,-,-,01:08,+79,-,-,-,-,02:53,+58
2744-Jul-16,P, 1.085, 0.020,23:15,+39,01:23,+41,-,-,01:40,+40,-,-,01:57,+38,04:05,+21
2745-Jan-10,P, 1.883, 0.891,13:48,-39,14:51,-31,-,-,16:22,-17,-,-,17:54,+00,18:57,+12
2745-Jul-06,T, 2.521, 1.499,02:40,+30,03:44,+21,04:48,+10,05:35,+01,06:23,-08,07:27,-21,08:30,-35
2745-Dec-31,T, 2.582, 1.537,00:21,+86,01:26,+75,02:28,+62,03:16,+51,04:04,+41,05:07,+28,06:11,+14
2746-Dec-20,P, 1.277, 0.184,04:22,+34,06:05,+13,-,-,06:56,+03,-,-,07:48,-07,09:31,-24
2747-May-17,N, 0.567,-0.383,00:00,+44,-,-,-,-,01:36,+41,-,-,-,-,03:12,+29
2747-Dec-09,N, 0.039,-1.059,05:39,+17,-,-,-,-,06:09,+11,-,-,-,-,06:40,+05
2748-May-05,P, 1.853, 0.863,14:08,-63,15:13,-49,-,-,16:45,-30,-,-,18:17,-11,19:21,+02
2748-Oct-28,P, 1.693, 0.678,16:16,-19,17:26,-05,-,-,18:52,+14,-,-,20:18,+32,21:29,+48
2749-Apr-24,T, 2.514, 1.466,22:54,+45,00:00,+49,01:05,+48,01:52,+44,02:39,+38,03:44,+27,04:50,+14
2749-Oct-18,T, 2.654, 1.688,05:25,+12,06:20,+00,07:17,-11,08:06,-21,08:55,-30,09:52,-40,10:47,-47
2750-Apr-14,P, 1.161, 0.074,01:20,+50,03:18,+34,-,-,03:51,+27,-,-,04:24,+21,06:21,-04
2750-Oct-07,P, 1.362, 0.407,22:19,+56,23:30,+67,-,-,00:36,+68,-,-,01:41,+61,02:52,+48
2751-Aug-29,N, 0.865,-0.143,03:25,+32,-,-,-,-,05:29,+08,-,-,-,-,07:32,-18
2752-Feb-21,P, 1.888, 0.883,17:49,-06,18:54,+08,-,-,20:26,+28,-,-,21:59,+48,23:04,+61
2754-Jan-31,P, 1.314, 0.332,00:09,+79,01:26,+74,-,-,02:26,+62,-,-,03:27,+49,04:43,+33
2754-Jun-27,N, 0.024,-0.983,03:10,+25,-,-,-,-,03:33,+22,-,-,-,-,03:55,+18
2754-Dec-21,N, 0.513,-0.547,22:05,+59,-,-,-,-,23:47,+81,-,-,-,-,01:29,+76
2755-Dec-10,P, 1.733, 0.634,22:46,+70,00:09,+86,-,-,01:38,+71,-,-,03:08,+52,04:31,+34
2756-Nov-28,T, 2.807, 1.719,21:53,+58,23:03,+73,00:07,+84,00:59,+78,01:51,+67,02:56,+53,04:06,+38
2757-May-25,P, 1.472, 0.499,22:51,+37,00:01,+42,-,-,01:15,+41,-,-,02:28,+34,03:39,+23
2757-Nov-18,P, 1.497, 0.463,02:46,+52,04:05,+35,-,-,05:19,+19,-,-,06:33,+03,07:52,-12
2758-Apr-15,N, 0.578,-0.487,20:23,+20,-,-,-,-,22:12,+40,-,-,-,-,00:02,+51
2758-Oct-09,N, 0.618,-0.339,06:07,+03,-,-,-,-,07:46,-18,-,-,-,-,09:26,-37
2758-Nov-07,N, 0.276,-0.703,15:49,-23,-,-,-,-,16:59,-10,-,-,-,-,18:09,+05
2759-Apr-04,P, 1.863, 0.771,19:51,+16,21:10,+32,-,-,22:47,+48,-,-,00:23,+56,01:43,+52
2759-Sep-28,P, 1.897, 0.939,21:55,+48,22:54,+58,-,-,00:26,+65,-,-,01:58,+56,02:58,+45
2760-Mar-23,T, 2.613, 1.546,20:32,+26,21:39,+40,22:44,+51,23:33,+58,00:22,+61,01:27,+59,02:35,+49
2761-Mar-13,P, 1.306, 0.292,04:22,+30,05:46,+12,-,-,06:45,-01,-,-,07:44,-14,09:07,-31
2761-Sep-06,N, 1.014,-0.037,19:32,+11,-,-,-,-,21:50,+38,-,-,-,-,00:09,+55
2762-Mar-02,N, 0.127,-0.845,19:29,+14,-,-,-,-,20:17,+25,-,-,-,-,21:05,+35
2763-Jan-21,P, 1.874, 0.880,22:32,+62,23:35,+75,-,-,01:07,+79,-,-,02:38,+61,03:41,+48
2764-Jul-05,P, 1.918, 0.952,21:24,+22,22:25,+31,-,-,23:59,+39,-,-,01:33,+37,02:34,+32
2765-Nov-19,N, 0.258,-0.816,19:05,+19,-,-,-,-,20:21,+35,-,-,-,-,21:37,+52
2766-May-16,P, 1.746, 0.756,21:46,+31,22:53,+39,-,-,00:21,+44,-,-,01:49,+39,02:56,+31
2766-Nov-09,P, 1.637, 0.622,00:18,+78,01:30,+68,-,-,02:52,+51,-,-,04:15,+33,05:27,+17
2767-Oct-29,T, 2.725, 1.758,13:34,-46,14:28,-38,15:25,-29,16:14,-19,17:04,-10,18:00,+02,18:55,+14
2768-Oct-18,P, 1.442, 0.484,06:19,+00,07:27,-14,-,-,08:38,-27,-,-,09:49,-39,10:57,-48
2769-Mar-14,N, 0.495,-0.559,18:04,-06,-,-,-,-,19:45,+16,-,-,-,-,21:25,+37
2769-Oct-07,N, 0.083,-0.910,22:42,+60,-,-,-,-,23:22,+66,-,-,-,-,00:02,+70
2770-Mar-04,P, 1.862, 0.862,02:18,+58,03:22,+45,-,-,04:54,+26,-,-,06:25,+06,07:30,-08
2770-Aug-28,T, 2.094, 1.033,15:12,-48,16:24,-33,17:55,-13,18:10,-10,18:24,-07,19:55,+13,21:07,+27
2771-Feb-21,T, 2.562, 1.593,16:51,-18,17:46,-07,18:44,+05,19:30,+15,20:17,+25,21:14,+37,22:09,+49
2771-Aug-17,T, 2.300, 1.230,15:43,-43,16:55,-28,18:10,-11,18:47,-04,19:23,+04,20:38,+19,21:50,+33
2772-Aug-05,N, 0.920,-0.112,19:32,+05,-,-,-,-,21:43,+30,-,-,-,-,23:53,+46
2773-Jan-01,N, 0.493,-0.572,06:21,+11,-,-,-,-,08:02,-09,-,-,-,-,09:42,-25
2773-Jun-26,P, 1.354, 0.398,21:30,+23,22:42,+32,-,-,23:48,+37,-,-,00:54,+38,02:06,+34
2773-Dec-21,P, 1.707, 0.605,06:40,+05,08:04,-11,-,-,09:32,-25,-,-,11:00,-36,12:24,-40
2774-Dec-10,T, 2.841, 1.753,05:47,+14,06:56,+00,08:01,-12,08:53,-21,09:45,-29,10:49,-36,11:59,-41
2776-Apr-26,N, 0.485,-0.579,03:50,+24,-,-,-,-,05:32,+04,-,-,-,-,07:14,-18
2776-May-25,N, 0.128,-0.903,18:29,-09,-,-,-,-,19:21,+02,-,-,-,-,20:13,+12
2776-Nov-18,N, 0.327,-0.652,00:04,+80,-,-,-,-,01:20,+72,-,-,-,-,02:35,+56
2777-Apr-15,P, 1.781, 0.693,03:10,+34,04:31,+19,-,-,06:04,-01,-,-,07:37,-21,08:58,-38
2777-Oct-09,P, 1.808, 0.845,05:49,+06,06:50,-07,-,-,08:19,-25,-,-,09:48,-41,10:49,-50
2778-Apr-04,T, 2.672, 1.611,04:12,+26,05:19,+12,06:23,-02,07:13,-13,08:04,-24,09:07,-37,10:14,-51
2778-Sep-28,T, 2.552, 1.546,19:03,+11,20:03,+24,21:05,+37,21:52,+47,22:40,+55,23:42,+63,00:42,+65
2779-Sep-18,P, 1.136, 0.079,02:21,+47,04:13,+26,-,-,04:46,+19,-,-,05:20,+12,07:12,-12
2780-Feb-12,N, 0.670,-0.299,17:03,-15,-,-,-,-,18:46,+06,-,-,-,-,20:29,+28
2780-Mar-13,N, 0.158,-0.811,03:58,+36,-,-,-,-,04:50,+25,-,-,-,-,05:43,+13
2781-Jul-27,T, 2.227, 1.211,16:30,-35,17:34,-22,18:46,-07,19:20,+00,19:54,+07,21:06,+21,22:11,+31
2782-Jan-21,T, 2.605, 1.553,17:08,-09,18:13,+04,19:16,+17,20:04,+27,20:52,+37,21:55,+51,23:00,+65
2782-Jul-17,T, 2.057, 1.093,04:40,+11,05:38,+00,06:54,-15,07:17,-19,07:39,-24,08:55,-40,09:54,-52
2783-Jan-10,P, 1.315, 0.216,20:22,+34,22:04,+56,-,-,22:59,+68,-,-,23:55,+80,01:36,+76
2783-Jul-06,N, 0.731,-0.210,22:06,+28,-,-,-,-,23:52,+38,-,-,-,-,01:38,+37
2783-Dec-01,N, 0.221,-0.852,03:03,+50,-,-,-,-,04:13,+35,-,-,-,-,05:23,+20
2783-Dec-30,N, 0.096,-1.003,21:13,+46,-,-,-,-,22:01,+57,-,-,-,-,22:49,+67
2784-May-27,P, 1.630, 0.639,05:18,+03,06:27,-11,-,-,07:50,-28,-,-,09:13,-46,10:22,-60
2785-May-16,T, 2.726, 1.678,13:20,-74,14:26,-61,15:29,-47,16:20,-36,17:12,-25,18:15,-12,19:21,+01
2785-Nov-08,T, 2.783, 1.815,21:51,+57,22:45,+68,23:42,+78,00:31,+78,01:21,+71,02:17,+59,03:12,+48
2786-May-05,P, 1.356, 0.274,15:21,-47,16:58,-26,-,-,18:01,-13,-,-,19:03,-01,20:40,+18
2786-Oct-29,P, 1.511, 0.548,14:27,-38,15:34,-26,-,-,16:49,-12,-,-,18:03,+04,19:10,+18
2787-Mar-26,N, 0.448,-0.600,02:02,+55,-,-,-,-,03:37,+37,-,-,-,-,05:13,+17
2787-Apr-24,N, 0.069,-0.997,17:55,-13,-,-,-,-,18:35,-05,-,-,-,-,19:15,+04
2787-Sep-19,N, 0.619,-0.401,18:07,-05,-,-,-,-,19:55,+18,-,-,-,-,21:43,+40
2787-Oct-19,N, 0.157,-0.841,06:15,+02,-,-,-,-,07:10,-09,-,-,-,-,08:05,-20
2788-Sep-07,P, 1.955, 0.890,21:57,+41,23:12,+52,-,-,00:53,+56,-,-,02:33,+45,03:48,+32
2789-Mar-04,T, 2.586, 1.619,01:31,+65,02:26,+56,03:23,+45,04:10,+35,04:57,+24,05:55,+12,06:49,+00
2789-Aug-27,T, 2.452, 1.381,22:15,+41,23:25,+50,00:34,+53,01:19,+51,02:04,+47,03:13,+36,04:24,+23
2790-Feb-21,P, 1.340, 0.357,17:33,-09,18:48,+06,-,-,19:51,+20,-,-,20:54,+33,22:09,+49
2790-Aug-17,P, 1.068, 0.038,02:15,+42,04:10,+23,-,-,04:33,+18,-,-,04:56,+14,06:51,-10
2791-Jan-12,N, 0.476,-0.591,14:39,-32,-,-,-,-,16:18,-17,-,-,-,-,17:58,+01
2791-Jul-08,P, 1.224, 0.271,05:00,+06,06:17,-08,-,-,07:13,-19,-,-,08:08,-31,09:25,-47
2792-Jan-01,P, 1.684, 0.580,14:37,-31,16:02,-18,-,-,17:28,-03,-,-,18:55,+14,20:20,+32
2792-Jun-26,T, 2.579, 1.636,21:38,+24,22:31,+31,23:28,+37,00:16,+39,01:04,+39,02:01,+35,02:54,+29
2792-Dec-20,T, 2.868, 1.780,13:46,-36,14:55,-28,15:59,-18,16:52,-09,17:44,+01,18:48,+14,19:57,+28
2793-Dec-09,P, 1.571, 0.539,19:09,+21,20:25,+37,-,-,21:44,+54,-,-,23:02,+71,00:19,+85
2794-Jun-06,N, 0.244,-0.788,01:12,+40,-,-,-,-,02:24,+33,-,-,-,-,03:36,+23
2794-Oct-30,N, 0.486,-0.474,22:34,+65,-,-,-,-,00:03,+78,-,-,-,-,01:33,+68
2795-Oct-20,P, 1.732, 0.765,13:52,-45,14:55,-36,-,-,16:21,-20,-,-,17:47,-02,18:50,+11
2796-Oct-09,T, 2.649, 1.637,02:36,+49,03:37,+36,04:37,+23,05:27,+13,06:16,+02,07:17,-11,08:18,-23
2797-Apr-03,P, 1.406, 0.404,20:35,+25,21:52,+40,-,-,23:00,+51,-,-,00:08,+57,01:25,+55
2798-Feb-23,N, 0.650,-0.318,01:48,+65,-,-,-,-,03:30,+45,-,-,-,-,05:11,+23
2798-Aug-18,N, 0.634,-0.428,19:15,+04,-,-,-,-,21:11,+27,-,-,-,-,23:07,+46
2799-Feb-12,P, 1.848, 0.852,15:55,-27,16:59,-15,-,-,18:29,+03,-,-,20:00,+22,21:04,+36
2799-Aug-07,T, 2.084, 1.070,23:29,+44,00:35,+47,01:56,+42,02:17,+40,02:38,+37,03:59,+24,05:04,+12
2800-Feb-02,T, 2.617, 1.563,01:29,+74,02:35,+60,03:38,+47,04:26,+36,05:15,+25,06:18,+12,07:23,-02
2801-Jan-21,P, 1.328, 0.229,04:25,+36,06:06,+14,-,-,07:03,+03,-,-,08:00,-08,09:41,-26
2801-Jun-17,N, 0.215,-0.734,23:30,+39,-,-,-,-,00:31,+40,-,-,-,-,01:32,+38
2801-Jul-17,N, 0.864,-0.077,05:25,+02,-,-,-,-,07:19,-20,-,-,-,-,09:13,-44
2802-Jan-10,N, 0.115,-0.983,05:12,+26,-,-,-,-,06:04,+15,-,-,-,-,06:57,+05
2802-Nov-30,P, 1.561, 0.546,16:47,-09,18:00,+06,-,-,19:18,+22,-,-,20:36,+39,21:49,+55
2803-May-27,T, 2.850, 1.801,20:21,+14,21:27,+25,22:29,+34,23:22,+39,00:14,+41,01:17,+39,02:23,+34
2803-Nov-20,T, 2.830, 1.861,06:15,+05,07:10,-06,08:07,-16,08:56,-25,09:45,-32,10:42,-39,11:37,-43
2804-May-15,P, 1.471, 0.392,22:10,+34,23:41,+42,-,-,00:54,+42,-,-,02:07,+36,03:38,+23
2804-Nov-08,P, 1.570, 0.603,22:41,+68,23:47,+79,-,-,01:05,+74,-,-,02:23,+58,03:28,+44
2805-May-05,N, 0.169,-0.891,00:45,+45,-,-,-,-,01:47,+40,-,-,-,-,02:48,+32
2805-Sep-30,N, 0.510,-0.516,01:36,+58,-,-,-,-,03:15,+40,-,-,-,-,04:55,+20
2806-Mar-25,P, 1.781, 0.791,19:00,+06,20:05,+19,-,-,21:33,+37,-,-,23:02,+53,00:07,+59
2806-Sep-19,P, 1.828, 0.758,04:49,+18,06:07,+01,-,-,07:42,-19,-,-,09:17,-39,10:35,-53
2807-Sep-08,T, 2.593, 1.521,04:54,+15,06:04,+01,07:10,-14,08:00,-24,08:49,-35,09:56,-48,11:05,-60
2808-Mar-04,P, 1.364, 0.380,02:06,+59,03:21,+44,-,-,04:25,+31,-,-,05:30,+17,06:44,+00
2809-Jan-22,N, 0.460,-0.611,22:56,+66,-,-,-,-,00:35,+84,-,-,-,-,02:13,+68
2810-Jan-11,P, 1.667, 0.562,22:37,+64,00:03,+82,-,-,01:29,+76,-,-,02:54,+58,04:20,+39
2810-Jul-08,T, 2.444, 1.501,05:07,+05,06:00,-05,06:59,-17,07:44,-26,08:29,-35,09:28,-47,10:22,-59
2810-Dec-31,T, 2.887, 1.800,21:51,+55,23:00,+70,00:04,+84,00:56,+82,01:48,+71,02:52,+58,04:02,+42
2811-Jun-27,P, 1.840, 0.863,20:49,+17,21:53,+27,-,-,23:25,+37,-,-,00:57,+40,02:00,+36
2811-Dec-21,P, 1.595, 0.563,03:32,+45,04:47,+29,-,-,06:07,+12,-,-,07:27,-03,08:42,-17
2812-May-17,N, 0.261,-0.802,18:27,-09,-,-,-,-,19:43,+06,-,-,-,-,21:00,+20
2812-Dec-09,N, 0.399,-0.581,16:59,-07,-,-,-,-,18:22,+09,-,-,-,-,19:45,+27
2813-May-06,P, 1.577, 0.496,17:24,-20,18:51,-02,-,-,20:12,+14,-,-,21:33,+28,22:59,+40
2813-Oct-30,P, 1.666, 0.694,22:01,+58,23:05,+71,-,-,00:28,+77,-,-,01:51,+64,02:56,+50
2814-Apr-25,T, 2.828, 1.779,19:11,+04,20:16,+17,21:19,+29,22:11,+37,23:03,+44,00:05,+48,01:11,+48
2815-Apr-15,P, 1.472, 0.475,04:32,+19,05:46,+04,-,-,06:59,-12,-,-,08:12,-28,09:26,-43
2815-Oct-09,P, 1.352, 0.285,16:19,-23,17:53,-03,-,-,18:55,+10,-,-,19:57,+24,21:31,+44
2816-Apr-03,N, 0.251,-0.711,20:30,+24,-,-,-,-,21:36,+37,-,-,-,-,22:42,+48
2816-Aug-29,N, 0.497,-0.565,02:07,+46,-,-,-,-,03:51,+29,-,-,-,-,05:34,+08
2816-Sep-27,N, 0.013,-1.067,19:02,+09,-,-,-,-,19:20,+13,-,-,-,-,19:38,+17
2817-Feb-23,P, 1.828, 0.831,00:30,+73,01:35,+67,-,-,03:05,+50,-,-,04:35,+31,05:40,+17
2818-Aug-07,T, 2.330, 1.370,19:18,+02,20:14,+13,21:17,+25,21:58,+32,22:39,+38,23:41,+44,00:38,+46
2819-Dec-22,N, 0.179,-0.893,19:17,+21,-,-,-,-,20:20,+34,-,-,-,-,21:23,+48
2820-Jun-17,P, 1.372, 0.378,20:02,+09,21:20,+22,-,-,22:27,+31,-,-,23:33,+38,00:51,+40
2820-Dec-11,P, 1.537, 0.523,01:12,+76,02:26,+60,-,-,03:42,+43,-,-,04:58,+27,06:12,+12
2821-Jun-07,T, 2.781, 1.732,03:13,+25,04:19,+14,05:22,+02,06:15,-08,07:07,-19,08:10,-32,09:16,-46
2821-Nov-30,T, 2.820, 1.850,14:48,-29,15:42,-20,16:39,-10,17:28,-01,18:18,+09,19:14,+21,20:09,+32
2822-May-27,P, 1.601, 0.525,04:49,+08,06:14,-09,-,-,07:37,-26,-,-,09:00,-44,10:25,-62
2823-Apr-16,N, 0.324,-0.713,17:43,-15,-,-,-,-,19:04,+03,-,-,-,-,20:26,+19
2823-Nov-09,N, 0.275,-0.736,21:53,+58,-,-,-,-,23:05,+73,-,-,-,-,00:18,+81
2824-Apr-05,P, 1.726, 0.741,03:12,+38,04:18,+25,-,-,05:44,+07,-,-,07:10,-12,08:15,-26
2825-Mar-25,T, 2.663, 1.702,18:32,+00,19:26,+11,20:23,+23,21:11,+33,22:00,+42,22:56,+51,23:50,+57
2826-Sep-07,P, 1.342, 0.315,16:05,-33,17:31,-15,-,-,18:34,-01,-,-,19:37,+13,21:03,+31
2827-Feb-03,N, 0.441,-0.631,07:12,+00,-,-,-,-,08:49,-19,-,-,-,-,10:26,-35
2827-Mar-04,N, 0.031,-1.007,23:52,+66,-,-,-,-,00:18,+67,-,-,-,-,00:44,+67
2827-Jul-29,P, 0.961, 0.012,20:00,+08,21:48,+27,-,-,22:00,+29,-,-,22:12,+31,00:00,+42
2827-Aug-28,N, 0.052,-0.919,05:10,+12,-,-,-,-,05:42,+05,-,-,-,-,06:13,-01
2828-Jan-23,P, 1.649, 0.544,06:38,+07,08:05,-10,-,-,09:29,-25,-,-,10:53,-37,12:20,-44
2829-Jan-11,T, 2.899, 1.814,05:59,+15,07:08,+01,08:12,-11,09:04,-21,09:56,-29,10:59,-37,12:09,-42
2829-Jul-08,P, 1.975, 0.995,04:00,+18,05:03,+07,-,-,06:39,-12,-,-,08:16,-32,09:18,-45
2830-May-29,N, 0.131,-0.931,01:40,+36,-,-,-,-,02:35,+30,-,-,-,-,03:30,+23
2830-Nov-21,N, 0.397,-0.567,15:29,-23,-,-,-,-,16:50,-08,-,-,-,-,18:11,+08
2830-Dec-21,N, 0.422,-0.558,01:38,+71,-,-,-,-,03:03,+53,-,-,-,-,04:27,+35
2831-May-18,P, 1.457, 0.380,00:21,+42,01:52,+37,-,-,03:04,+28,-,-,04:16,+16,05:46,-01
2831-Nov-11,P, 1.612, 0.635,06:17,+04,07:23,-09,-,-,08:43,-24,-,-,10:03,-36,11:10,-43
2832-May-06,T, 2.835, 1.792,02:30,+35,03:35,+25,04:37,+14,05:29,+03,06:21,-07,07:23,-21,08:28,-34
2832-Oct-30,T, 2.807, 1.783,18:02,+05,19:04,+18,20:04,+31,20:55,+42,21:46,+53,22:47,+66,23:49,+76
2833-Oct-19,P, 1.444, 0.371,23:30,+70,00:59,+69,-,-,02:10,+57,-,-,03:20,+42,04:50,+23
2834-Mar-16,N, 0.586,-0.378,19:05,+07,-,-,-,-,20:42,+28,-,-,-,-,22:19,+47
2834-Apr-15,N, 0.314,-0.644,04:35,+19,-,-,-,-,05:48,+04,-,-,-,-,07:01,-12
2834-Oct-09,N, 0.121,-0.962,01:25,+62,-,-,-,-,02:19,+53,-,-,-,-,03:13,+42
2835-Aug-29,P, 1.816, 0.807,13:44,-64,14:52,-51,-,-,16:25,-32,-,-,17:57,-12,19:06,+02
2836-Feb-23,T, 2.653, 1.596,18:02,-03,19:07,+11,20:11,+24,21:00,+35,21:49,+46,22:52,+58,23:58,+69
2836-Aug-18,T, 2.463, 1.504,02:42,+37,03:37,+28,04:37,+17,05:22,+08,06:08,-01,07:07,-14,08:03,-25
2837-Feb-11,P, 1.363, 0.262,20:24,+30,22:03,+51,-,-,23:04,+64,-,-,00:04,+74,01:43,+71
2837-Aug-07,P, 1.126, 0.184,20:10,+12,21:31,+27,-,-,22:16,+34,-,-,23:02,+40,00:23,+46
2838-Jan-02,N, 0.169,-0.902,03:31,+47,-,-,-,-,04:32,+34,-,-,-,-,05:33,+21
2838-Jan-31,N, 0.150,-0.944,21:13,+42,-,-,-,-,22:13,+55,-,-,-,-,23:12,+67
2838-Jun-29,P, 1.232, 0.236,03:16,+25,04:42,+11,-,-,05:36,+01,-,-,06:30,-10,07:56,-28
2839-Dec-11,T, 2.792, 1.821,23:25,+78,00:20,+86,01:16,+76,02:05,+65,02:55,+54,03:51,+42,04:46,+31
2840-Nov-30,P, 1.652, 0.678,15:33,-21,16:38,-10,-,-,18:00,+06,-,-,19:21,+23,20:26,+36
2841-Apr-27,N, 0.244,-0.786,01:26,+47,-,-,-,-,02:37,+39,-,-,-,-,03:48,+27
2841-Oct-21,N, 0.325,-0.713,16:54,-13,-,-,-,-,18:15,+04,-,-,-,-,19:37,+22
2841-Nov-20,N, 0.317,-0.699,05:55,+11,-,-,-,-,07:13,-05,-,-,-,-,08:31,-19
2842-Oct-10,P, 1.605, 0.526,18:54,+11,20:19,+30,-,-,21:41,+47,-,-,23:04,+63,00:29,+70
2843-Apr-06,T, 2.719, 1.761,02:51,+41,03:45,+31,04:42,+19,05:30,+09,06:19,-02,07:16,-14,08:09,-25
2843-Sep-29,T, 2.846, 1.772,18:35,+05,19:44,+20,20:49,+34,21:42,+45,22:34,+55,23:39,+64,00:48,+65
2844-Mar-25,P, 1.435, 0.452,18:54,+04,20:06,+19,-,-,21:16,+34,-,-,22:26,+46,23:38,+56
2844-Sep-17,P, 1.466, 0.440,23:12,+57,00:32,+61,-,-,01:45,+55,-,-,02:58,+43,04:18,+27
2845-Feb-13,N, 0.418,-0.656,15:25,-33,-,-,-,-,17:00,-16,-,-,-,-,18:34,+03
2845-Aug-09,N, 0.832,-0.117,03:32,+27,-,-,-,-,05:26,+06,-,-,-,-,07:19,-17
2846-Feb-02,P, 1.630, 0.525,14:38,-37,16:05,-24,-,-,17:28,-08,-,-,18:51,+09,20:19,+27
2846-Jul-29,T, 2.172, 1.227,20:03,+10,20:58,+20,22:04,+31,22:38,+35,23:11,+39,00:17,+44,01:13,+44
2847-Jan-22,T, 2.885, 1.801,14:09,-38,15:18,-29,16:22,-19,17:14,-09,18:06,+01,19:09,+14,20:18,+29
2848-Jan-11,P, 1.625, 0.598,20:31,+36,21:44,+52,-,-,23:06,+69,-,-,00:27,+84,01:40,+74
2848-Jul-07,N, 0.643,-0.395,21:02,+20,-,-,-,-,22:55,+36,-,-,-,-,00:49,+41
2848-Dec-02,N, 0.367,-0.599,00:05,+86,-,-,-,-,01:24,+74,-,-,-,-,02:42,+57
2849-Nov-21,P, 1.568, 0.586,14:39,-31,15:46,-20,-,-,17:04,-06,-,-,18:22,+10,19:30,+24
2850-Nov-11,T, 2.869, 1.839,01:56,+62,02:58,+49,03:59,+35,04:50,+24,05:41,+14,06:42,+01,07:44,-11
2851-May-06,P, 1.640, 0.655,20:04,+14,21:12,+26,-,-,22:35,+39,-,-,23:58,+46,01:05,+45
2852-Mar-27,N, 0.541,-0.421,03:35,+34,-,-,-,-,05:09,+15,-,-,-,-,06:43,-05
2852-Sep-19,N, 0.253,-0.809,16:15,-28,-,-,-,-,17:30,-12,-,-,-,-,18:45,+05
2853-Mar-16,P, 1.762, 0.764,17:24,-15,18:31,+00,-,-,19:58,+18,-,-,21:26,+36,22:32,+49
2853-Sep-08,P, 1.696, 0.688,21:01,+32,22:12,+45,-,-,23:39,+56,-,-,01:05,+57,02:16,+49
2854-Mar-06,T, 2.683, 1.626,02:08,+59,03:14,+46,04:17,+33,05:07,+22,05:57,+11,07:00,-03,08:06,-17
2855-Feb-23,P, 1.388, 0.289,04:17,+35,05:54,+14,-,-,06:57,+00,-,-,08:01,-13,09:38,-32
2855-Aug-19,P, 1.253, 0.309,03:36,+28,04:50,+14,-,-,05:48,+03,-,-,06:46,-09,08:00,-25
2856-Feb-12,N, 0.173,-0.919,05:11,+25,-,-,-,-,06:14,+12,-,-,-,-,07:17,-02
2857-Jan-01,P, 1.510, 0.500,18:19,+08,19:33,+23,-,-,20:47,+39,-,-,22:02,+55,23:16,+71
2857-Jun-28,T, 2.489, 1.438,16:41,-33,17:49,-19,18:56,-06,19:42,+03,20:29,+12,21:36,+23,22:43,+32
2858-Jun-17,P, 1.886, 0.814,17:53,-18,19:11,-02,-,-,20:49,+16,-,-,22:27,+30,23:45,+37
2858-Dec-12,P, 1.678, 0.701,00:09,+86,01:13,+76,-,-,02:36,+58,-,-,03:59,+40,05:03,+27
2859-Jun-06,N, 0.537,-0.507,20:59,+19,-,-,-,-,22:44,+33,-,-,-,-,00:29,+38
2859-Nov-02,N, 0.251,-0.793,00:43,+74,-,-,-,-,01:56,+62,-,-,-,-,03:09,+47
2860-Apr-26,P, 1.579, 0.605,19:18,+05,20:25,+19,-,-,21:44,+33,-,-,23:03,+44,00:10,+48
2860-Oct-21,P, 1.511, 0.427,02:06,+57,03:35,+38,-,-,04:51,+22,-,-,06:07,+06,07:36,-13
2861-Oct-10,T, 2.837, 1.761,01:39,+60,02:48,+47,03:52,+33,04:45,+22,05:38,+11,06:42,-03,07:51,-18
2862-Apr-06,P, 1.487, 0.505,03:05,+38,04:16,+24,-,-,05:30,+09,-,-,06:43,-07,07:54,-23
2863-Feb-24,N, 0.388,-0.686,23:34,+67,-,-,-,-,01:06,+72,-,-,-,-,02:37,+58
2863-Sep-18,N, 0.293,-0.678,19:35,+16,-,-,-,-,20:47,+31,-,-,-,-,21:59,+46
2864-Feb-13,P, 1.606, 0.502,22:35,+59,00:03,+75,-,-,01:24,+73,-,-,02:46,+58,04:14,+39
2864-Aug-09,T, 2.039, 1.092,03:32,+27,04:29,+17,05:43,+03,06:05,-02,06:28,-06,07:42,-22,08:39,-34
2865-Feb-01,T, 2.867, 1.787,22:19,+57,23:28,+71,00:31,+80,01:23,+75,02:15,+65,03:19,+52,04:27,+37
2865-Jul-29,T, 2.255, 1.269,18:15,-12,19:16,+00,20:23,+14,21:00,+20,21:37,+27,22:44,+37,23:44,+43
2866-Jan-22,P, 1.637, 0.613,05:04,+27,06:16,+11,-,-,07:38,-06,-,-,09:00,-21,10:13,-33
2866-Jul-19,N, 0.787,-0.254,03:34,+24,-,-,-,-,05:38,+02,-,-,-,-,07:42,-23
2867-Jan-11,N, 0.454,-0.525,19:06,+16,-,-,-,-,20:34,+35,-,-,-,-,22:01,+54
2867-Dec-02,P, 1.534, 0.548,23:07,+75,00:16,+86,-,-,01:32,+72,-,-,02:48,+55,03:57,+40
2868-May-27,T, 2.600, 1.569,16:52,-29,17:56,-16,19:00,-03,19:49,+06,20:38,+15,21:41,+26,22:45,+34
2869-May-17,P, 1.742, 0.763,03:41,+22,04:45,+10,-,-,06:13,-07,-,-,07:40,-25,08:45,-39
2869-Nov-10,P, 1.590, 0.507,14:17,-37,15:43,-23,-,-,17:03,-08,-,-,18:24,+09,19:50,+27
2870-May-06,N, 0.471,-0.481,20:23,+17,-,-,-,-,21:51,+33,-,-,-,-,23:19,+43
2870-Sep-30,N, 0.149,-0.914,23:34,+65,-,-,-,-,00:32,+67,-,-,-,-,01:30,+61
2870-Oct-30,N, 0.301,-0.787,15:21,-30,-,-,-,-,16:44,-14,-,-,-,-,18:08,+04
2871-Mar-28,P, 1.715, 0.716,01:41,+54,02:48,+44,-,-,04:14,+27,-,-,05:40,+09,06:48,-05
2871-Sep-20,P, 1.585, 0.578,04:26,+23,05:39,+07,-,-,07:00,-10,-,-,08:20,-27,09:33,-41
2872-Sep-08,T, 2.707, 1.749,17:46,-11,18:41,+01,19:38,+13,20:27,+23,21:17,+33,22:14,+44,23:08,+52
2874-Jan-23,N, 0.154,-0.912,20:05,+27,-,-,-,-,21:04,+40,-,-,-,-,22:02,+52
2874-Jul-20,N, 0.944,-0.057,17:38,-21,-,-,-,-,19:45,+05,-,-,-,-,21:53,+28
2875-Jan-13,P, 1.503, 0.494,02:57,+55,04:11,+39,-,-,05:25,+23,-,-,06:39,+08,07:52,-07
2875-Jul-09,T, 2.336, 1.283,23:20,+38,00:29,+41,01:40,+38,02:20,+34,03:00,+29,04:11,+18,05:20,+06
2876-Jan-02,T, 2.761, 1.789,16:56,-08,17:50,+02,18:47,+13,19:36,+23,20:25,+34,21:21,+46,22:16,+58
2876-Jun-28,P, 2.039, 0.969,00:20,+39,01:34,+36,-,-,03:19,+25,-,-,05:03,+07,06:18,-07
2877-Jun-17,N, 0.676,-0.363,03:39,+20,-,-,-,-,05:35,-01,-,-,-,-,07:30,-24
2877-Dec-11,N, 0.371,-0.655,22:22,+64,-,-,-,-,23:46,+82,-,-,-,-,01:11,+78
2878-May-08,P, 1.487, 0.518,03:10,+30,04:19,+17,-,-,05:33,+03,-,-,06:47,-13,07:56,-27
2879-Apr-27,T, 2.806, 1.853,19:10,+04,20:03,+14,20:59,+25,21:49,+33,22:38,+40,23:34,+46,00:28,+48
2880-Oct-09,P, 1.681, 0.656,13:55,-48,15:08,-36,-,-,16:34,-19,-,-,17:59,-01,19:13,+15
2881-Apr-05,N, 0.149,-0.891,23:23,+52,-,-,-,-,00:19,+55,-,-,-,-,01:15,+53
2881-Aug-30,N, 0.590,-0.359,18:51,+00,-,-,-,-,20:29,+20,-,-,-,-,22:06,+38
2881-Sep-29,N, 0.399,-0.571,03:07,+42,-,-,-,-,04:30,+24,-,-,-,-,05:53,+06
2882-Feb-24,P, 1.576, 0.474,06:28,+05,07:57,-14,-,-,09:17,-29,-,-,10:36,-43,12:05,-53
2883-Feb-13,T, 2.846, 1.770,06:28,+07,07:36,-08,08:40,-20,09:31,-30,10:23,-39,11:26,-47,12:35,-51
2883-Aug-10,T, 2.394, 1.404,01:22,+45,02:22,+39,03:26,+30,04:09,+22,04:53,+14,05:56,+01,06:56,-11
2884-Feb-02,P, 1.649, 0.627,13:38,-44,14:49,-37,-,-,16:12,-23,-,-,17:34,-08,18:46,+07
2884-Dec-23,N, 0.328,-0.641,17:33,+00,-,-,-,-,18:48,+15,-,-,-,-,20:02,+30
2885-Jan-22,N, 0.465,-0.513,03:54,+42,-,-,-,-,05:22,+23,-,-,-,-,06:51,+04
2885-Jun-18,N, 1.044,-0.023,20:40,+14,-,-,-,-,23:03,+34,-,-,-,-,01:26,+37
2886-Jun-07,T, 2.470, 1.444,23:57,+39,01:01,+39,02:06,+34,02:51,+28,03:37,+22,04:42,+11,05:46,-01
2886-Dec-02,T, 2.798, 1.756,18:02,+07,19:06,+20,20:07,+33,20:58,+44,21:49,+55,22:50,+69,23:53,+82
2887-Nov-21,P, 1.647, 0.559,21:52,+58,23:16,+75,-,-,00:40,+80,-,-,02:04,+63,03:29,+45
2888-Apr-17,N, 0.415,-0.544,20:16,+18,-,-,-,-,21:39,+33,-,-,-,-,23:02,+45
2888-May-17,N, 0.564,-0.385,04:08,+18,-,-,-,-,05:43,+00,-,-,-,-,07:19,-20
2888-Nov-09,N, 0.372,-0.717,22:38,+66,-,-,-,-,00:10,+79,-,-,-,-,01:42,+66
2890-Mar-27,T, 2.773, 1.716,17:58,-08,19:04,+06,20:07,+19,20:58,+30,21:49,+40,22:52,+50,23:58,+58
2890-Sep-20,T, 2.815, 1.857,01:29,+56,02:23,+48,03:20,+38,04:10,+28,04:59,+17,05:56,+05,06:51,-06
2891-Mar-16,P, 1.465, 0.369,19:43,+16,21:16,+36,-,-,22:27,+50,-,-,23:38,+61,01:11,+63
2891-Sep-09,P, 1.492, 0.543,18:41,+01,19:46,+15,-,-,21:01,+30,-,-,22:15,+44,23:21,+53
2892-Feb-04,N, 0.146,-0.916,04:23,+35,-,-,-,-,05:20,+23,-,-,-,-,06:17,+11
2892-Mar-04,N, 0.232,-0.852,20:56,+34,-,-,-,-,22:09,+49,-,-,-,-,23:21,+62
2892-Jul-31,N, 0.798,-0.207,00:46,+45,-,-,-,-,02:46,+35,-,-,-,-,04:45,+15
2894-Jan-13,T, 2.751, 1.779,01:45,+71,02:40,+59,03:37,+47,04:25,+36,05:14,+26,06:11,+14,07:05,+03
2895-Jan-02,P, 1.710, 0.727,17:31,-01,18:36,+12,-,-,20:00,+29,-,-,21:25,+47,22:29,+61
2895-Nov-23,N, 0.136,-0.920,16:42,-11,-,-,-,-,17:36,+00,-,-,-,-,18:31,+11
2895-Dec-23,N, 0.387,-0.644,06:43,+05,-,-,-,-,08:09,-11,-,-,-,-,09:36,-25
2896-Nov-11,P, 1.363, 0.271,16:57,-08,18:35,+12,-,-,19:37,+25,-,-,20:38,+39,22:16,+60
2897-May-08,T, 2.714, 1.764,03:08,+29,04:01,+20,04:57,+09,05:46,-01,06:35,-11,07:32,-23,08:25,-34
2897-Oct-31,T, 2.662, 1.583,16:15,-18,17:25,-04,18:30,+10,19:21,+21,20:11,+32,21:16,+46,22:26,+61
2898-Apr-27,P, 1.627, 0.645,19:02,+02,20:09,+15,-,-,21:31,+30,-,-,22:53,+41,00:00,+46
2898-Oct-20,P, 1.770, 0.745,21:31,+50,22:42,+64,-,-,00:12,+74,-,-,01:42,+64,02:53,+50
2899-Sep-11,N, 0.480,-0.469,02:39,+43,-,-,-,-,04:08,+27,-,-,-,-,05:37,+09
2900-Mar-07,P, 1.537, 0.438,14:17,-49,15:47,-34,-,-,17:04,-19,-,-,18:21,-03,19:51,+17
2900-Aug-31,P, 1.784, 0.831,18:37,-02,19:38,+11,-,-,21:06,+28,-,-,22:35,+44,23:35,+52:1
